#!ascii label  , from subject bert vox2ras=TkReg
1374
98639  -35.513  11.728  25.869 0.0000000000
90590  -42.523  3.238  9.551 0.0000000000
102781  -46.121  16.732  22.228 0.0000000000
96020  -41.458  7.915  18.811 0.0000000000
90482  -45.105  2.978  22.646 0.0000000000
100417  -36.158  12.985  13.572 0.0000000000
102937  -42.570  17.025  8.953 0.0000000000
106381  -42.071  21.138  17.006 0.0000000000
88507  -39.661  0.784  29.429 0.0000000000
95974  -37.036  8.781  21.266 0.0000000000
96056  -38.518  8.773  15.914 0.0000000000
100376  -35.815  12.998  19.523 0.0000000000
104257  -49.963  17.416  19.605 0.0000000000
102037  -45.529  15.652  14.711 0.0000000000
102916  -48.742  17.290  12.008 0.0000000000
104339  -42.775  18.893  12.048 0.0000000000
106407  -46.947  22.117  14.453 0.0000000000
94271  -41.417  6.394  7.840 0.0000000000
98624  -40.943  11.210  28.157 0.0000000000
101956  -40.113  16.162  23.928 0.0000000000
96025  -48.253  8.995  18.624 0.0000000000
94123  -43.059  7.679  22.138 0.0000000000
94118  -38.680  6.060  22.743 0.0000000000
89524  -39.203  1.535  24.763 0.0000000000
96094  -42.117  8.715  11.519 0.0000000000
99601  -40.383  12.330  8.355 0.0000000000
102006  -40.464  15.526  17.815 0.0000000000
102893  -38.901  16.494  12.230 0.0000000000
102143  -38.067  15.635  5.970 0.0000000000
104369  -36.930  18.666  8.290 0.0000000000
104323  -38.080  18.792  12.762 0.0000000000
96916  -34.839  10.141  22.838 0.0000000000
97817  -34.987  10.654  19.738 0.0000000000
99505  -35.353  12.701  22.931 0.0000000000
104998  -48.884  19.583  17.186 0.0000000000
102869  -50.364  16.463  15.182 0.0000000000
105030  -49.389  19.534  13.933 0.0000000000
105762  -47.835  20.696  12.745 0.0000000000
92415  -41.599  4.445  8.538 0.0000000000
98627  -43.196  11.229  29.294 0.0000000000
101123  -41.779  14.657  28.654 0.0000000000
92285  -44.571  5.129  21.631 0.0000000000
94120  -40.635  6.794  22.406 0.0000000000
91384  -41.719  4.002  22.404 0.0000000000
88541  -39.587  0.490  26.891 0.0000000000
93187  -38.943  5.283  26.952 0.0000000000
95016  -40.062  6.931  27.944 0.0000000000
95014  -38.346  6.813  28.345 0.0000000000
94178  -42.641  6.284  17.438 0.0000000000
98705  -36.652  11.201  14.424 0.0000000000
97003  -40.211  9.020  13.735 0.0000000000
97866  -39.015  10.526  12.297 0.0000000000
97887  -41.059  10.612  10.037 0.0000000000
99578  -37.805  12.575  10.608 0.0000000000
102749  -42.576  16.605  23.464 0.0000000000
102793  -40.816  16.399  20.559 0.0000000000
103528  -43.731  17.325  19.302 0.0000000000
102090  -44.065  14.980  11.915 0.0000000000
102074  -42.844  15.505  13.348 0.0000000000
102908  -41.031  16.789  10.997 0.0000000000
102936  -38.063  16.910  8.761 0.0000000000
103634  -39.375  18.017  7.373 0.0000000000
103643  -36.988  17.528  6.992 0.0000000000
105103  -40.044  19.594  7.004 0.0000000000
105015  -42.787  19.625  15.145 0.0000000000
105049  -40.777  19.902  12.014 0.0000000000
105748  -40.664  20.900  14.513 0.0000000000
104298  -37.921  18.939  15.192 0.0000000000
106390  -39.971  21.573  16.211 0.0000000000
95998  -38.770  8.382  19.884 0.0000000000
96036  -39.543  7.860  17.128 0.0000000000
96968  -36.618  8.981  18.088 0.0000000000
97831  -35.550  10.691  17.286 0.0000000000
100403  -36.055  13.531  16.258 0.0000000000
102800  -48.447  15.992  20.746 0.0000000000
102828  -46.894  16.457  18.637 0.0000000000
102843  -48.665  15.410  17.017 0.0000000000
102079  -47.786  15.413  13.105 0.0000000000
102105  -45.758  15.513  10.978 0.0000000000
103627  -43.989  17.890  9.036 0.0000000000
103578  -46.319  17.378  12.480 0.0000000000
105028  -45.696  19.233  14.663 0.0000000000
106394  -45.319  21.211  16.923 0.0000000000
95189  -39.994  7.853  7.664 0.0000000000
98633  -37.795  11.698  27.483 0.0000000000
101139  -37.192  14.304  24.814 0.0000000000
101131  -39.598  14.847  27.312 0.0000000000
102719  -42.155  16.459  26.173 0.0000000000
102731  -45.085  16.435  25.480 0.0000000000
102712  -46.849  16.733  27.317 0.0000000000
102754  -47.607  16.464  23.880 0.0000000000
96021  -44.706  8.629  19.088 0.0000000000
96924  -45.279  9.148  21.183 0.0000000000
95980  -42.596  9.105  20.483 0.0000000000
95957  -39.393  8.634  21.655 0.0000000000
95946  -38.308  7.985  22.507 0.0000000000
90450  -45.671  2.432  25.158 0.0000000000
88510  -42.417  0.763  28.996 0.0000000000
88545  -43.136  0.963  26.490 0.0000000000
89535  -42.368  1.676  23.632 0.0000000000
91374  -39.375  3.280  23.057 0.0000000000
95928  -37.488  8.557  26.766 0.0000000000
91480  -42.858  3.882  12.156 0.0000000000
95128  -40.752  7.803  15.320 0.0000000000
94232  -42.542  6.569  13.126 0.0000000000
94249  -42.366  6.541  10.820 0.0000000000
95185  -42.452  7.611  8.983 0.0000000000
97915  -42.152  10.075  7.241 0.0000000000
98780  -40.439  11.888  6.444 0.0000000000
101166  -38.056  15.092  21.989 0.0000000000
101203  -38.523  14.864  18.435 0.0000000000
102030  -37.674  15.012  15.618 0.0000000000
102021  -43.076  15.883  16.409 0.0000000000
102053  -40.341  15.513  14.835 0.0000000000
102086  -36.779  15.110  12.673 0.0000000000
101269  -37.132  14.678  10.002 0.0000000000
100458  -38.893  14.131  6.697 0.0000000000
99609  -38.383  12.181  6.265 0.0000000000
105070  -40.680  19.675  9.722 0.0000000000
104350  -37.033  18.694  10.463 0.0000000000
104335  -34.846  17.888  11.703 0.0000000000
104306  -35.032  18.322  13.719 0.0000000000
104288  -35.583  18.332  16.130 0.0000000000
97788  -34.724  10.624  24.558 0.0000000000
98647  -34.648  11.328  22.462 0.0000000000
99497  -35.099  12.283  24.395 0.0000000000
105009  -49.167  19.569  16.354 0.0000000000
106410  -48.909  21.989  14.150 0.0000000000
91504  -42.108  4.051  9.420 0.0000000000
91387  -44.743  3.931  21.989 0.0000000000
92274  -43.180  4.559  21.899 0.0000000000
90480  -43.178  3.001  22.511 0.0000000000
93186  -37.886  5.057  26.971 0.0000000000
94081  -38.573  5.609  27.506 0.0000000000
95089  -42.791  7.543  18.807 0.0000000000
94163  -41.881  7.157  18.093 0.0000000000
99559  -36.273  12.156  13.980 0.0000000000
97857  -38.051  10.630  13.292 0.0000000000
98719  -37.118  11.818  12.772 0.0000000000
98728  -38.857  11.112  11.457 0.0000000000
99573  -37.230  12.366  11.822 0.0000000000
102762  -44.446  16.808  22.799 0.0000000000
102778  -43.077  17.090  21.670 0.0000000000
102797  -44.855  17.252  20.901 0.0000000000
102116  -43.679  15.639  10.452 0.0000000000
102897  -42.698  15.963  11.277 0.0000000000
102926  -42.147  16.786  9.643 0.0000000000
103611  -40.187  17.353  9.166 0.0000000000
103624  -41.137  17.745  8.141 0.0000000000
104378  -39.638  18.461  6.998 0.0000000000
103637  -41.841  18.477  7.835 0.0000000000
105737  -42.423  20.174  15.675 0.0000000000
105749  -41.383  20.576  14.673 0.0000000000
106402  -41.210  21.036  15.682 0.0000000000
105734  -40.148  21.203  15.404 0.0000000000
106391  -40.667  21.537  16.311 0.0000000000
95997  -37.892  8.392  20.079 0.0000000000
96016  -37.957  8.243  19.043 0.0000000000
96957  -36.437  8.995  19.440 0.0000000000
98661  -34.998  11.864  19.459 0.0000000000
98675  -35.013  11.134  18.631 0.0000000000
99531  -35.463  12.358  18.196 0.0000000000
99540  -35.572  12.265  16.384 0.0000000000
100391  -36.514  13.540  17.989 0.0000000000
103522  -50.007  16.525  20.200 0.0000000000
102815  -48.810  15.657  19.546 0.0000000000
102831  -49.963  15.531  18.366 0.0000000000
102886  -49.612  16.720  13.091 0.0000000000
102062  -49.219  15.847  14.141 0.0000000000
102094  -48.332  15.710  12.392 0.0000000000
101256  -46.668  15.098  11.417 0.0000000000
102107  -47.564  15.862  11.540 0.0000000000
102898  -46.009  16.271  11.197 0.0000000000
103590  -47.662  17.482  11.927 0.0000000000
105761  -47.233  20.915  13.450 0.0000000000
104313  -46.868  19.334  13.342 0.0000000000
105019  -46.553  20.553  14.656 0.0000000000
105740  -45.539  20.268  15.903 0.0000000000
105727  -46.346  21.659  16.006 0.0000000000
95190  -40.702  7.485  7.384 0.0000000000
98635  -40.003  11.388  27.964 0.0000000000
99487  -38.023  12.967  27.490 0.0000000000
99489  -39.951  12.374  28.145 0.0000000000
101923  -42.871  15.825  28.593 0.0000000000
101922  -41.750  15.650  28.086 0.0000000000
102708  -43.010  16.554  27.254 0.0000000000
102720  -43.108  16.553  26.168 0.0000000000
102709  -44.242  16.607  27.229 0.0000000000
103484  -47.300  17.620  27.221 0.0000000000
102734  -47.695  16.686  25.581 0.0000000000
103493  -48.342  17.149  25.013 0.0000000000
103497  -48.737  16.996  23.427 0.0000000000
104208  -48.281  18.299  24.346 0.0000000000
95093  -46.671  7.926  17.928 0.0000000000
96023  -46.157  8.841  18.670 0.0000000000
95963  -45.812  8.735  21.276 0.0000000000
95058  -44.259  8.187  21.755 0.0000000000
95961  -43.617  9.108  21.358 0.0000000000
95951  -42.770  8.771  21.855 0.0000000000
95959  -41.252  9.046  21.434 0.0000000000
95050  -41.763  8.016  22.408 0.0000000000
94119  -39.679  6.487  22.534 0.0000000000
95048  -39.917  7.518  22.504 0.0000000000
95046  -37.915  7.050  22.936 0.0000000000
88508  -40.690  0.760  29.545 0.0000000000
88543  -41.407  0.460  26.673 0.0000000000
88557  -40.871  0.866  25.086 0.0000000000
88559  -42.452  1.045  24.917 0.0000000000
89526  -41.083  1.226  24.324 0.0000000000
90466  -40.774  2.281  23.139 0.0000000000
90465  -39.538  2.426  23.530 0.0000000000
95919  -38.348  9.023  27.186 0.0000000000
95930  -39.598  7.214  26.832 0.0000000000
91481  -43.522  3.437  12.218 0.0000000000
96046  -38.990  8.354  16.522 0.0000000000
95115  -40.527  7.592  16.432 0.0000000000
96058  -39.758  8.486  15.240 0.0000000000
96085  -41.229  8.809  12.700 0.0000000000
96075  -40.912  8.705  13.372 0.0000000000
96077  -42.101  8.048  12.726 0.0000000000
94241  -42.444  6.570  12.004 0.0000000000
95173  -42.498  7.465  11.426 0.0000000000
95179  -42.553  7.504  10.227 0.0000000000
97030  -42.337  9.163  10.422 0.0000000000
98750  -40.787  11.400  9.186 0.0000000000
97898  -41.906  10.471  8.857 0.0000000000
98774  -41.594  11.171  7.555 0.0000000000
97914  -41.799  10.452  7.159 0.0000000000
99611  -40.535  12.802  7.096 0.0000000000
101949  -38.837  15.413  24.517 0.0000000000
101150  -37.503  14.657  23.594 0.0000000000
101954  -38.640  15.368  23.500 0.0000000000
101995  -40.872  16.056  18.851 0.0000000000
101985  -39.276  15.369  19.462 0.0000000000
102005  -39.568  15.192  17.857 0.0000000000
101220  -38.426  14.867  16.980 0.0000000000
102018  -39.819  15.200  16.938 0.0000000000
102852  -46.211  16.410  16.429 0.0000000000
102839  -44.764  16.816  17.570 0.0000000000
102036  -44.492  15.647  15.141 0.0000000000
102884  -40.728  16.265  12.899 0.0000000000
102072  -40.585  15.835  13.843 0.0000000000
102883  -39.740  16.274  13.090 0.0000000000
102070  -38.527  15.764  14.002 0.0000000000
102892  -38.035  16.276  12.363 0.0000000000
101263  -36.931  14.620  10.947 0.0000000000
102115  -37.454  16.137  10.312 0.0000000000
102135  -37.575  15.958  6.959 0.0000000000
101278  -37.772  15.114  7.661 0.0000000000
101285  -38.373  15.061  6.522 0.0000000000
100469  -38.679  13.830  6.097 0.0000000000
100468  -37.715  14.076  6.009 0.0000000000
99616  -37.318  13.569  6.168 0.0000000000
102148  -36.977  15.467  5.950 0.0000000000
103632  -36.900  18.141  7.418 0.0000000000
102945  -35.855  16.774  7.588 0.0000000000
104353  -43.415  18.400  10.699 0.0000000000
104371  -42.802  19.123  9.444 0.0000000000
105072  -42.170  19.459  10.217 0.0000000000
105034  -39.140  19.381  12.910 0.0000000000
105047  -38.819  19.168  11.408 0.0000000000
104338  -37.575  18.658  11.547 0.0000000000
104337  -36.473  18.415  11.633 0.0000000000
104322  -36.891  18.493  12.745 0.0000000000
104320  -34.879  18.223  12.648 0.0000000000
104307  -36.142  18.362  13.849 0.0000000000
105004  -37.953  19.799  16.579 0.0000000000
104289  -37.013  18.793  16.411 0.0000000000
105003  -37.212  19.302  17.033 0.0000000000
104276  -35.791  18.608  17.339 0.0000000000
96920  -35.679  9.573  21.725 0.0000000000
96930  -35.757  9.501  20.806 0.0000000000
97802  -34.868  10.563  21.352 0.0000000000
99512  -34.790  11.876  20.998 0.0000000000
100369  -36.198  13.421  20.758 0.0000000000
103546  -50.474  17.015  17.118 0.0000000000
104279  -49.688  18.420  16.989 0.0000000000
104300  -49.808  18.603  14.622 0.0000000000
104330  -49.324  18.442  12.622 0.0000000000
105052  -48.087  19.323  11.927 0.0000000000
105042  -48.857  19.957  12.524 0.0000000000
106415  -48.149  21.841  13.167 0.0000000000
93370  -41.502  5.213  8.137 0.0000000000
98625  -42.039  11.219  28.478 0.0000000000
99479  -41.435  12.324  28.599 0.0000000000
99481  -42.993  12.154  29.152 0.0000000000
93231  -43.331  6.504  21.866 0.0000000000
94122  -42.463  7.325  22.274 0.0000000000
92283  -42.823  6.051  21.945 0.0000000000
93221  -41.380  6.023  22.237 0.0000000000
92271  -40.133  4.701  22.455 0.0000000000
88520  -39.990  0.465  28.618 0.0000000000
89509  -38.452  1.140  26.361 0.0000000000
93195  -39.020  5.461  26.572 0.0000000000
95026  -39.505  6.527  26.752 0.0000000000
94082  -39.493  5.978  27.420 0.0000000000
95015  -39.295  6.804  28.272 0.0000000000
97845  -37.420  10.117  14.839 0.0000000000
96993  -39.519  9.013  14.504 0.0000000000
97853  -38.353  10.156  13.713 0.0000000000
97859  -39.409  10.133  12.782 0.0000000000
97868  -40.479  10.010  11.744 0.0000000000
97879  -41.468  10.057  10.447 0.0000000000
97877  -40.093  10.505  11.268 0.0000000000
98737  -39.873  11.146  10.444 0.0000000000
98748  -39.220  12.266  9.572 0.0000000000
102748  -41.622  16.484  23.309 0.0000000000
102758  -40.374  16.316  22.252 0.0000000000
102777  -42.048  16.812  21.512 0.0000000000
102809  -42.033  16.804  19.663 0.0000000000
102824  -42.239  16.636  18.717 0.0000000000
102076  -45.047  14.760  12.639 0.0000000000
102056  -43.607  15.248  14.194 0.0000000000
102089  -43.041  15.584  12.177 0.0000000000
102896  -41.942  16.232  11.793 0.0000000000
102907  -39.996  16.793  11.117 0.0000000000
102922  -38.148  16.789  9.981 0.0000000000
103609  -38.589  17.103  9.340 0.0000000000
103621  -38.575  17.310  8.435 0.0000000000
102946  -37.686  16.572  6.905 0.0000000000
102955  -37.512  16.974  6.813 0.0000000000
103645  -38.513  18.104  6.833 0.0000000000
104386  -38.057  18.583  6.856 0.0000000000
105078  -38.513  19.697  7.467 0.0000000000
105038  -42.329  19.450  13.357 0.0000000000
105050  -41.531  19.746  12.122 0.0000000000
105037  -41.658  19.901  13.108 0.0000000000
105758  -40.431  20.555  13.779 0.0000000000
105023  -39.212  19.919  14.169 0.0000000000
104309  -38.434  19.111  13.958 0.0000000000
105746  -39.205  20.335  14.856 0.0000000000
105005  -38.680  20.312  15.993 0.0000000000
105720  -38.750  20.924  16.495 0.0000000000
96000  -40.725  8.360  19.630 0.0000000000
95086  -40.580  7.597  18.147 0.0000000000
96017  -38.836  8.175  18.766 0.0000000000
96034  -37.921  8.360  17.890 0.0000000000
96976  -37.291  8.882  17.083 0.0000000000
96956  -35.802  9.576  18.757 0.0000000000
96967  -35.848  9.871  17.631 0.0000000000
96975  -36.500  9.741  16.619 0.0000000000
97843  -36.336  10.747  15.531 0.0000000000
99545  -35.681  12.197  15.518 0.0000000000
101226  -35.874  13.270  14.501 0.0000000000
102799  -47.355  16.281  20.915 0.0000000000
102813  -46.553  16.666  19.840 0.0000000000
102814  -47.718  16.053  19.729 0.0000000000
102841  -47.131  16.331  17.472 0.0000000000
102865  -47.318  15.924  15.547 0.0000000000
102025  -50.074  15.705  16.335 0.0000000000
102040  -48.533  15.619  15.444 0.0000000000
102059  -46.726  15.369  13.755 0.0000000000
101237  -46.206  14.800  12.318 0.0000000000
102104  -45.103  15.052  10.899 0.0000000000
102928  -44.202  16.276  9.366 0.0000000000
102948  -43.325  17.675  8.358 0.0000000000
102929  -44.933  16.529  9.833 0.0000000000
103598  -44.998  16.904  10.527 0.0000000000
103576  -44.387  17.646  12.529 0.0000000000
104328  -47.149  18.506  12.682 0.0000000000
104327  -45.934  17.958  13.249 0.0000000000
104310  -44.040  18.437  13.991 0.0000000000
105026  -43.350  19.051  14.624 0.0000000000
105006  -43.986  19.803  16.028 0.0000000000
105714  -43.605  20.691  16.962 0.0000000000
98632  -36.882  11.641  27.032 0.0000000000
99499  -36.286  13.026  25.640 0.0000000000
99494  -37.371  13.117  26.949 0.0000000000
101134  -37.988  14.627  25.917 0.0000000000
101937  -39.215  15.402  25.898 0.0000000000
101132  -40.293  14.436  28.016 0.0000000000
101930  -40.047  15.434  26.853 0.0000000000
101945  -40.483  16.049  25.587 0.0000000000
102739  -42.719  16.533  24.425 0.0000000000
102740  -43.824  16.550  24.523 0.0000000000
102752  -45.757  16.513  23.821 0.0000000000
102699  -45.306  16.530  28.194 0.0000000000
102723  -46.172  16.435  26.417 0.0000000000
102743  -46.897  16.295  24.737 0.0000000000
102765  -47.433  16.370  22.932 0.0000000000
102766  -48.424  16.553  22.854 0.0000000000
103503  -49.260  16.727  22.021 0.0000000000
104246  -49.618  17.235  20.847 0.0000000000
95091  -44.579  7.986  18.802 0.0000000000
95078  -43.264  8.218  19.258 0.0000000000
95983  -47.241  8.980  20.905 0.0000000000
96949  -46.356  9.379  19.564 0.0000000000
96933  -44.790  9.393  20.379 0.0000000000
95981  -43.512  9.259  20.366 0.0000000000
96001  -41.815  8.425  19.455 0.0000000000
95978  -40.510  8.767  20.608 0.0000000000
95977  -39.560  8.626  20.737 0.0000000000
95975  -37.816  8.587  21.068 0.0000000000
95049  -40.849  7.775  22.436 0.0000000000
95947  -39.211  8.155  22.349 0.0000000000
95955  -37.715  8.585  22.026 0.0000000000
96921  -36.211  9.156  22.438 0.0000000000
89492  -44.489  1.606  28.004 0.0000000000
88533  -41.196  0.320  27.589 0.0000000000
88535  -42.982  0.799  27.377 0.0000000000
89501  -43.787  1.275  27.231 0.0000000000
89511  -44.461  1.729  25.924 0.0000000000
89529  -43.827  1.627  24.388 0.0000000000
90469  -43.673  2.289  23.027 0.0000000000
90479  -42.228  3.082  22.654 0.0000000000
91383  -40.709  3.898  22.516 0.0000000000
92270  -39.346  4.522  22.690 0.0000000000
96900  -35.823  9.896  26.348 0.0000000000
96892  -37.325  10.091  27.206 0.0000000000
96894  -38.923  9.699  27.349 0.0000000000
97781  -40.690  10.220  27.821 0.0000000000
97772  -41.586  10.233  28.116 0.0000000000
91494  -43.906  3.070  11.360 0.0000000000
91493  -43.117  3.371  11.291 0.0000000000
91492  -42.556  3.909  11.199 0.0000000000
95116  -41.301  7.092  16.975 0.0000000000
94209  -42.033  6.614  15.889 0.0000000000
96065  -40.073  8.597  14.645 0.0000000000
95142  -41.305  7.783  14.512 0.0000000000
94222  -42.436  6.433  14.223 0.0000000000
93336  -42.505  5.607  12.579 0.0000000000
93346  -42.372  5.623  11.430 0.0000000000
92391  -42.308  4.693  10.827 0.0000000000
93355  -42.053  5.333  9.383 0.0000000000
94257  -42.095  5.688  8.958 0.0000000000
94265  -42.219  6.791  8.275 0.0000000000
97038  -42.392  9.586  9.167 0.0000000000
96107  -42.507  8.640  8.525 0.0000000000
95198  -42.074  8.202  7.165 0.0000000000
95196  -41.225  8.205  6.981 0.0000000000
97050  -40.680  9.635  6.897 0.0000000000
98761  -39.798  10.613  7.091 0.0000000000
100348  -36.008  13.369  24.004 0.0000000000
101155  -36.927  14.197  22.511 0.0000000000
101174  -36.791  13.854  20.598 0.0000000000
101968  -39.210  15.804  21.586 0.0000000000
101185  -38.036  14.752  19.951 0.0000000000
101192  -37.395  14.198  18.778 0.0000000000
101201  -37.270  14.138  17.863 0.0000000000
101218  -37.054  14.571  16.001 0.0000000000
102049  -36.426  14.492  14.399 0.0000000000
102826  -44.421  17.236  18.799 0.0000000000
102838  -43.526  16.617  17.581 0.0000000000
102020  -41.945  15.589  16.594 0.0000000000
102055  -42.507  15.341  14.413 0.0000000000
102034  -42.242  15.355  15.525 0.0000000000
102032  -40.052  15.290  15.878 0.0000000000
102052  -39.245  15.449  14.945 0.0000000000
102069  -37.453  15.517  13.694 0.0000000000
101242  -36.422  14.191  12.679 0.0000000000
100432  -36.933  13.950  11.108 0.0000000000
99599  -38.847  13.347  8.448 0.0000000000
101270  -37.414  14.878  8.906 0.0000000000
100448  -37.961  14.222  8.209 0.0000000000
99610  -39.970  13.388  7.178 0.0000000000
100460  -40.203  12.997  6.226 0.0000000000
98778  -39.443  12.274  6.023 0.0000000000
102141  -36.286  15.850  6.690 0.0000000000
104380  -41.885  18.974  7.822 0.0000000000
105092  -40.620  19.856  7.799 0.0000000000
105068  -39.059  19.701  8.820 0.0000000000
105060  -40.706  19.735  10.862 0.0000000000
105058  -38.983  19.427  9.939 0.0000000000
104361  -37.482  19.206  9.177 0.0000000000
104349  -36.161  18.284  10.626 0.0000000000
103585  -34.676  17.429  11.507 0.0000000000
102891  -34.168  16.359  12.005 0.0000000000
104297  -36.582  18.391  15.083 0.0000000000
104296  -35.271  18.320  14.889 0.0000000000
106976  -43.440  22.533  18.395 0.0000000000
106974  -41.381  22.507  18.240 0.0000000000
106986  -40.431  22.342  17.474 0.0000000000
106984  -39.268  22.272  17.158 0.0000000000
106376  -38.367  21.588  17.684 0.0000000000
97789  -34.932  10.929  25.288 0.0000000000
98642  -34.739  11.457  24.325 0.0000000000
98643  -35.008  11.927  25.062 0.0000000000
91523  -42.248  3.471  9.233 0.0000000000
91388  -45.779  3.567  22.303 0.0000000000
91400  -45.710  4.250  21.864 0.0000000000
91386  -43.636  3.807  22.131 0.0000000000
90481  -44.149  3.003  22.532 0.0000000000
93185  -36.951  5.075  27.252 0.0000000000
94164  -42.343  7.000  18.205 0.0000000000
95088  -41.929  7.638  18.599 0.0000000000
98713  -36.952  11.636  13.341 0.0000000000
99565  -36.714  12.357  12.854 0.0000000000
99566  -37.164  11.954  12.463 0.0000000000
100421  -36.406  13.264  12.767 0.0000000000
102780  -45.245  17.030  21.996 0.0000000000
102779  -44.151  17.100  21.828 0.0000000000
102927  -43.333  16.318  9.640 0.0000000000
103612  -41.113  17.321  8.973 0.0000000000
103613  -41.839  17.320  8.769 0.0000000000
103636  -41.142  18.291  7.630 0.0000000000
103625  -42.103  17.662  8.226 0.0000000000
105723  -42.087  20.702  16.317 0.0000000000
105736  -41.619  20.678  15.585 0.0000000000
106392  -41.441  21.104  16.233 0.0000000000
106401  -40.807  21.239  15.776 0.0000000000
95996  -37.092  8.660  20.268 0.0000000000
99526  -35.369  12.421  19.101 0.0000000000
100383  -35.869  13.020  18.566 0.0000000000
100390  -35.861  12.987  17.645 0.0000000000
100384  -36.422  13.474  18.968 0.0000000000
102816  -49.829  15.795  19.304 0.0000000000
103531  -50.331  16.495  19.122 0.0000000000
102900  -49.112  17.055  12.370 0.0000000000
102081  -49.079  16.062  13.216 0.0000000000
102109  -48.661  16.728  12.110 0.0000000000
101258  -47.872  15.604  11.842 0.0000000000
102914  -47.829  16.557  11.727 0.0000000000
103600  -47.568  16.920  11.788 0.0000000000
103601  -48.059  17.393  11.801 0.0000000000
106413  -47.141  21.719  13.731 0.0000000000
105751  -46.855  21.086  14.225 0.0000000000
105741  -46.492  21.072  15.312 0.0000000000
106403  -46.630  22.228  15.463 0.0000000000
93369  -40.713  5.269  8.032 0.0000000000
94270  -40.349  6.176  7.886 0.0000000000
98623  -40.345  11.856  28.181 0.0000000000
101924  -43.642  16.017  28.910 0.0000000000
102697  -43.544  16.536  27.904 0.0000000000
104206  -48.240  17.503  25.186 0.0000000000
104209  -48.367  17.621  24.684 0.0000000000
96037  -47.826  8.610  17.820 0.0000000000
96024  -47.162  8.851  18.337 0.0000000000
96958  -46.730  9.180  18.887 0.0000000000
95057  -43.354  8.283  21.960 0.0000000000
95950  -41.959  8.720  21.996 0.0000000000
95051  -42.590  8.203  22.236 0.0000000000
95047  -38.956  7.249  22.653 0.0000000000
95039  -37.558  6.556  23.299 0.0000000000
88550  -40.700  0.582  25.893 0.0000000000
88556  -40.141  0.820  25.248 0.0000000000
89525  -39.974  1.315  24.421 0.0000000000
89533  -40.527  1.698  23.732 0.0000000000
90457  -39.266  1.839  24.278 0.0000000000
94089  -38.435  6.641  26.244 0.0000000000
95025  -38.965  6.917  26.517 0.0000000000
92359  -42.845  4.897  14.027 0.0000000000
96057  -39.178  8.613  15.698 0.0000000000
97013  -41.293  9.047  12.194 0.0000000000
96086  -41.737  8.605  12.216 0.0000000000
96087  -42.336  8.165  11.928 0.0000000000
96095  -42.529  8.401  10.942 0.0000000000
97022  -42.219  8.954  11.089 0.0000000000
99590  -40.191  12.048  9.035 0.0000000000
98763  -41.560  11.127  8.340 0.0000000000
98762  -41.099  11.812  7.851 0.0000000000
101955  -39.430  15.778  23.731 0.0000000000
101994  -39.892  15.531  18.694 0.0000000000
102863  -45.491  16.060  15.591 0.0000000000
102894  -39.868  16.573  12.108 0.0000000000
102882  -38.790  16.137  13.170 0.0000000000
102101  -37.417  15.980  11.504 0.0000000000
102905  -38.072  16.572  11.295 0.0000000000
101294  -38.185  14.831  5.799 0.0000000000
102149  -37.685  15.411  5.735 0.0000000000
101293  -37.298  14.783  5.738 0.0000000000
103620  -36.406  18.093  8.077 0.0000000000
104368  -36.300  18.231  8.816 0.0000000000
104340  -43.311  18.352  11.840 0.0000000000
104363  -42.791  18.992  10.408 0.0000000000
104352  -42.739  18.888  11.397 0.0000000000
104308  -37.372  18.579  13.941 0.0000000000
97798  -35.169  10.025  21.822 0.0000000000
97797  -34.812  10.479  22.251 0.0000000000
99504  -34.816  12.107  22.708 0.0000000000
99507  -34.781  12.011  21.824 0.0000000000
99508  -35.240  12.640  22.031 0.0000000000
99513  -35.181  12.539  21.131 0.0000000000
100359  -35.702  13.105  21.345 0.0000000000
104280  -50.232  17.657  17.423 0.0000000000
104278  -49.157  18.883  17.217 0.0000000000
105020  -49.402  19.629  15.125 0.0000000000
104291  -49.743  18.653  15.776 0.0000000000
104314  -49.599  18.494  13.478 0.0000000000
105054  -49.012  19.428  12.289 0.0000000000
105764  -49.067  20.314  13.294 0.0000000000
106409  -48.549  21.718  13.492 0.0000000000
107014  -47.915  22.294  13.243 0.0000000000
91522  -41.907  3.877  8.849 0.0000000000
91533  -41.315  3.552  8.457 0.0000000000
98626  -42.929  11.363  29.034 0.0000000000
99480  -42.362  12.187  28.906 0.0000000000
98616  -43.268  11.867  29.287 0.0000000000
93233  -45.145  6.095  21.502 0.0000000000
93232  -44.142  6.295  21.681 0.0000000000
92284  -43.452  5.465  21.760 0.0000000000
91385  -42.696  3.910  22.219 0.0000000000
92273  -42.320  5.164  22.078 0.0000000000
92272  -41.106  4.914  22.277 0.0000000000
92251  -37.912  4.126  25.779 0.0000000000
93194  -38.302  4.913  26.346 0.0000000000
93188  -39.399  5.549  26.835 0.0000000000
94071  -38.992  6.143  28.009 0.0000000000
97851  -37.153  10.551  14.548 0.0000000000
96991  -37.779  9.854  14.710 0.0000000000
97852  -37.692  10.300  14.131 0.0000000000
97865  -38.413  10.741  12.690 0.0000000000
97858  -38.805  10.300  13.155 0.0000000000
97011  -39.837  9.870  12.744 0.0000000000
97867  -39.857  10.177  12.170 0.0000000000
97876  -39.460  10.597  11.673 0.0000000000
98727  -38.096  11.894  11.191 0.0000000000
98736  -38.871  11.947  10.305 0.0000000000
98749  -39.773  11.875  9.582 0.0000000000
99579  -38.382  12.388  10.239 0.0000000000
102759  -41.377  16.531  22.368 0.0000000000
102760  -42.351  16.730  22.503 0.0000000000
102796  -43.833  17.290  20.879 0.0000000000
102795  -42.737  17.133  20.536 0.0000000000
102810  -42.943  17.136  19.457 0.0000000000
102075  -43.881  15.158  13.023 0.0000000000
102909  -41.985  16.456  10.704 0.0000000000
102895  -40.866  16.548  11.956 0.0000000000
102923  -39.157  16.961  10.191 0.0000000000
102924  -40.114  17.035  10.147 0.0000000000
103622  -39.336  17.639  8.334 0.0000000000
102947  -37.944  16.890  7.527 0.0000000000
103633  -38.593  17.617  7.510 0.0000000000
102956  -38.093  17.457  6.897 0.0000000000
104389  -40.186  19.068  6.847 0.0000000000
104388  -39.460  18.866  6.704 0.0000000000
105102  -39.480  19.363  6.772 0.0000000000
104377  -38.154  19.182  7.097 0.0000000000
105090  -39.294  19.832  7.078 0.0000000000
105025  -42.515  19.534  14.304 0.0000000000
105760  -41.850  20.071  14.023 0.0000000000
105759  -41.172  20.460  13.830 0.0000000000
105757  -39.994  20.487  13.820 0.0000000000
105024  -39.757  20.335  13.908 0.0000000000
105747  -39.797  20.654  14.466 0.0000000000
105721  -39.503  21.171  16.026 0.0000000000
106389  -39.301  21.538  16.473 0.0000000000
95999  -39.712  8.343  19.707 0.0000000000
96018  -39.867  7.802  18.458 0.0000000000
96033  -37.366  8.520  18.404 0.0000000000
96969  -37.271  8.649  17.845 0.0000000000
97811  -35.296  10.020  20.213 0.0000000000
96944  -35.807  9.510  19.837 0.0000000000
97818  -35.324  10.119  19.316 0.0000000000
98676  -35.256  11.471  17.876 0.0000000000
97824  -35.279  10.454  18.331 0.0000000000
96974  -35.925  10.244  16.935 0.0000000000
97839  -36.460  10.299  15.866 0.0000000000
97838  -35.937  10.750  16.269 0.0000000000
100396  -35.763  12.954  16.761 0.0000000000
100402  -35.639  12.947  15.888 0.0000000000
100409  -35.757  12.919  14.930 0.0000000000
100410  -35.914  13.493  15.506 0.0000000000
102830  -49.113  15.379  18.133 0.0000000000
102829  -47.967  15.815  18.506 0.0000000000
102842  -48.056  15.775  17.340 0.0000000000
102853  -47.236  16.152  16.429 0.0000000000
102854  -48.020  15.772  16.376 0.0000000000
102856  -50.432  16.348  16.252 0.0000000000
102844  -50.407  16.134  17.230 0.0000000000
102042  -50.098  15.934  15.579 0.0000000000
102061  -48.504  15.703  14.180 0.0000000000
102060  -47.672  15.547  13.967 0.0000000000
102039  -47.499  15.710  14.803 0.0000000000
102077  -46.034  14.918  12.896 0.0000000000
102078  -46.905  15.155  12.822 0.0000000000
101255  -45.935  14.911  11.395 0.0000000000
102118  -45.003  15.721  10.133 0.0000000000
102930  -45.362  16.208  10.228 0.0000000000
103588  -45.777  16.669  11.504 0.0000000000
103599  -45.477  16.495  10.898 0.0000000000
103587  -44.741  17.270  11.691 0.0000000000
103577  -45.320  17.366  12.502 0.0000000000
105769  -47.964  20.005  12.213 0.0000000000
104329  -47.681  18.975  12.134 0.0000000000
105041  -47.664  19.616  12.379 0.0000000000
104312  -46.356  18.859  13.755 0.0000000000
104311  -45.248  18.443  14.083 0.0000000000
104326  -44.754  17.879  13.295 0.0000000000
105027  -44.477  18.937  14.821 0.0000000000
105739  -44.898  20.030  16.049 0.0000000000
105007  -44.575  19.947  16.064 0.0000000000
105725  -44.615  20.400  16.547 0.0000000000
105724  -43.172  20.258  16.337 0.0000000000
106383  -44.479  21.390  17.389 0.0000000000
95184  -40.128  6.846  7.867 0.0000000000
97042  -39.873  9.120  7.625 0.0000000000
99486  -37.316  12.487  27.140 0.0000000000
100335  -38.776  13.996  27.376 0.0000000000
100334  -38.140  13.786  27.102 0.0000000000
101130  -39.017  14.715  27.003 0.0000000000
101135  -38.651  14.846  26.384 0.0000000000
101136  -39.212  14.985  26.773 0.0000000000
100327  -41.944  13.331  28.890 0.0000000000
100326  -40.905  13.681  28.475 0.0000000000
101932  -41.777  16.180  27.196 0.0000000000
101931  -40.619  15.535  27.311 0.0000000000
101940  -41.227  16.127  26.390 0.0000000000
101946  -40.929  16.122  25.929 0.0000000000
102728  -41.628  16.376  25.357 0.0000000000
102730  -44.008  16.499  25.395 0.0000000000
102741  -44.917  16.477  24.614 0.0000000000
102751  -44.699  16.623  23.732 0.0000000000
102713  -47.286  17.090  27.224 0.0000000000
102700  -46.051  16.635  28.277 0.0000000000
102711  -46.164  16.547  27.310 0.0000000000
102724  -46.994  16.467  26.460 0.0000000000
102744  -47.637  16.517  24.788 0.0000000000
102753  -46.741  16.400  23.858 0.0000000000
104221  -48.896  17.475  22.671 0.0000000000
103502  -49.029  16.849  22.641 0.0000000000
104222  -49.249  17.022  22.325 0.0000000000
104235  -49.393  17.133  21.820 0.0000000000
104234  -49.089  17.802  21.588 0.0000000000
95103  -46.989  7.441  17.361 0.0000000000
96022  -45.250  8.651  18.892 0.0000000000
95092  -45.598  7.958  18.494 0.0000000000
95090  -43.633  7.644  18.843 0.0000000000
95079  -43.998  8.353  19.187 0.0000000000
95982  -46.479  9.085  20.997 0.0000000000
96935  -46.783  9.339  20.443 0.0000000000
96934  -45.698  9.307  20.633 0.0000000000
96948  -45.334  9.355  19.817 0.0000000000
96002  -42.904  8.746  19.725 0.0000000000
95979  -41.521  8.924  20.506 0.0000000000
95958  -40.301  8.820  21.532 0.0000000000
95976  -38.661  8.541  20.892 0.0000000000
94121  -41.566  7.074  22.368 0.0000000000
95954  -36.940  8.759  22.219 0.0000000000
89479  -42.491  0.927  29.669 0.0000000000
89480  -43.232  1.077  29.229 0.0000000000
89481  -44.222  1.522  29.012 0.0000000000
89491  -43.588  1.146  28.193 0.0000000000
88531  -39.328  0.471  27.774 0.0000000000
88532  -40.256  0.338  27.694 0.0000000000
88544  -42.308  0.656  26.577 0.0000000000
88534  -42.100  0.534  27.482 0.0000000000
89510  -43.828  1.382  26.298 0.0000000000
88553  -43.238  1.123  25.799 0.0000000000
89528  -42.966  1.301  24.452 0.0000000000
89536  -43.289  1.737  23.639 0.0000000000
89537  -44.063  1.937  23.699 0.0000000000
90468  -42.748  2.268  23.007 0.0000000000
90476  -39.720  3.090  22.975 0.0000000000
90477  -40.273  3.035  22.829 0.0000000000
91382  -39.795  3.744  22.699 0.0000000000
91381  -39.173  3.846  22.921 0.0000000000
95023  -36.950  7.865  26.091 0.0000000000
95028  -36.873  7.312  25.345 0.0000000000
95933  -36.187  8.274  25.495 0.0000000000
95932  -35.678  9.100  25.542 0.0000000000
95927  -36.264  8.912  26.264 0.0000000000
96901  -36.725  9.743  26.872 0.0000000000
95920  -39.253  8.791  27.168 0.0000000000
95019  -39.968  6.885  27.345 0.0000000000
96897  -41.334  8.639  27.927 0.0000000000
97782  -41.358  9.375  27.891 0.0000000000
96889  -41.770  9.240  28.433 0.0000000000
97773  -42.465  10.210  28.739 0.0000000000
91482  -44.387  3.170  12.269 0.0000000000
95101  -40.847  7.407  17.543 0.0000000000
95100  -40.193  7.623  17.412 0.0000000000
96048  -40.213  8.044  15.617 0.0000000000
96994  -40.106  8.768  14.282 0.0000000000
95155  -42.096  7.521  13.650 0.0000000000
95154  -41.569  7.978  13.799 0.0000000000
93326  -42.625  5.581  13.658 0.0000000000
93356  -42.156  5.547  10.311 0.0000000000
92404  -42.078  4.646  9.872 0.0000000000
94258  -42.229  6.377  9.417 0.0000000000
97029  -41.942  9.759  10.083 0.0000000000
97888  -41.656  10.284  9.686 0.0000000000
97899  -42.286  10.110  8.268 0.0000000000
97044  -42.413  9.490  8.014 0.0000000000
96113  -42.346  8.751  7.590 0.0000000000
96120  -42.131  8.809  7.135 0.0000000000
96119  -41.696  8.720  6.898 0.0000000000
97913  -40.963  10.487  6.816 0.0000000000
97912  -40.223  10.270  6.973 0.0000000000
98772  -40.142  11.232  6.718 0.0000000000
100345  -36.698  13.738  25.223 0.0000000000
100344  -36.227  13.452  24.592 0.0000000000
100349  -36.548  13.826  24.130 0.0000000000
101156  -37.479  14.676  22.705 0.0000000000
101165  -37.526  14.558  21.738 0.0000000000
101164  -36.892  14.045  21.570 0.0000000000
101175  -37.501  14.360  20.750 0.0000000000
102775  -40.288  16.337  21.229 0.0000000000
102757  -39.763  16.156  21.738 0.0000000000
102774  -39.694  16.040  21.000 0.0000000000
101194  -38.612  14.985  19.246 0.0000000000
101186  -38.691  15.155  20.096 0.0000000000
101193  -37.964  14.618  19.048 0.0000000000
101202  -37.903  14.610  18.189 0.0000000000
101219  -37.849  14.809  16.513 0.0000000000
102029  -37.135  14.792  15.374 0.0000000000
101228  -36.657  14.510  15.169 0.0000000000
102812  -45.190  17.242  19.860 0.0000000000
102827  -45.702  17.038  18.685 0.0000000000
102850  -44.032  16.357  16.735 0.0000000000
102008  -42.562  16.112  17.247 0.0000000000
102054  -41.415  15.431  14.633 0.0000000000
102033  -41.150  15.372  15.708 0.0000000000
102881  -38.006  15.976  13.191 0.0000000000
102068  -36.578  14.834  13.646 0.0000000000
100426  -36.809  13.388  11.760 0.0000000000
101253  -36.731  14.428  11.797 0.0000000000
100438  -37.106  14.044  10.417 0.0000000000
100439  -37.598  13.769  9.479 0.0000000000
100440  -38.339  13.583  8.641 0.0000000000
102127  -37.436  16.130  8.664 0.0000000000
100457  -38.413  14.515  7.308 0.0000000000
100449  -38.781  13.778  7.727 0.0000000000
100450  -39.491  13.659  7.195 0.0000000000
100459  -39.716  13.460  6.544 0.0000000000
99618  -38.858  12.675  5.935 0.0000000000
99619  -39.800  12.609  5.978 0.0000000000
98771  -39.017  11.806  6.547 0.0000000000
98770  -37.888  11.913  6.766 0.0000000000
102954  -36.710  16.824  6.914 0.0000000000
102133  -35.342  15.735  7.762 0.0000000000
102949  -43.607  17.934  8.410 0.0000000000
103638  -42.848  18.363  8.039 0.0000000000
103639  -43.293  18.466  8.493 0.0000000000
105082  -41.427  19.664  9.042 0.0000000000
105094  -41.952  19.512  8.677 0.0000000000
105081  -40.672  19.746  8.666 0.0000000000
105080  -39.879  19.870  8.259 0.0000000000
105069  -39.860  19.646  9.300 0.0000000000
105061  -41.484  19.709  11.071 0.0000000000
105059  -39.839  19.567  10.516 0.0000000000
104351  -38.011  19.143  10.317 0.0000000000
104362  -38.323  19.529  9.339 0.0000000000
104336  -35.547  18.244  11.680 0.0000000000
104334  -34.575  17.545  11.962 0.0000000000
104319  -34.327  17.653  12.593 0.0000000000
104305  -34.210  18.055  13.568 0.0000000000
104295  -34.172  18.203  14.693 0.0000000000
104299  -38.575  19.446  14.674 0.0000000000
104287  -34.288  18.238  15.894 0.0000000000
107546  -41.024  23.264  18.683 0.0000000000
106987  -40.949  22.275  17.737 0.0000000000
106973  -40.628  22.741  18.131 0.0000000000
106972  -39.908  22.821  17.913 0.0000000000
106366  -38.536  22.097  17.831 0.0000000000
96910  -34.846  9.981  23.426 0.0000000000
97793  -34.665  10.654  23.024 0.0000000000
98645  -34.644  11.415  23.338 0.0000000000
99501  -34.918  12.185  23.611 0.0000000000
104999  -49.161  19.059  16.914 0.0000000000
105742  -49.211  20.681  15.632 0.0000000000
105753  -49.129  20.740  14.391 0.0000000000
106404  -49.168  21.741  15.146 0.0000000000
107003  -49.096  22.750  14.862 0.0000000000
98613  -43.664  11.358  30.214 0.0000000000
98617  -43.526  11.587  29.614 0.0000000000
91399  -45.143  4.578  21.727 0.0000000000
92275  -43.905  4.560  21.813 0.0000000000
94080  -37.505  5.624  27.529 0.0000000000
94166  -44.072  6.993  18.441 0.0000000000
94165  -43.150  6.860  18.389 0.0000000000
94177  -41.889  6.863  17.564 0.0000000000
98714  -37.367  10.976  13.631 0.0000000000
98720  -37.753  11.387  12.479 0.0000000000
100427  -37.233  12.885  11.185 0.0000000000
102761  -43.377  16.822  22.651 0.0000000000
103520  -44.402  17.367  20.288 0.0000000000
102103  -44.258  15.122  10.984 0.0000000000
102102  -43.463  15.499  11.194 0.0000000000
102910  -42.917  16.086  10.484 0.0000000000
102925  -41.111  17.011  9.973 0.0000000000
103623  -40.234  17.716  8.195 0.0000000000
103635  -40.300  18.178  7.379 0.0000000000
103647  -40.503  18.637  7.164 0.0000000000
103648  -40.961  18.850  7.269 0.0000000000
105750  -42.021  20.074  14.915 0.0000000000
105735  -41.002  21.048  15.231 0.0000000000
106400  -40.394  21.362  15.927 0.0000000000
106379  -40.257  22.004  16.796 0.0000000000
96015  -37.185  8.554  19.216 0.0000000000
98660  -34.851  11.377  20.060 0.0000000000
98668  -34.899  11.259  19.272 0.0000000000
98669  -35.089  11.788  18.740 0.0000000000
98681  -35.527  11.511  16.842 0.0000000000
99536  -35.534  12.277  17.281 0.0000000000
100397  -36.307  13.466  17.073 0.0000000000
102801  -49.355  16.084  20.486 0.0000000000
101997  -49.429  15.210  17.631 0.0000000000
102876  -50.411  16.830  14.539 0.0000000000
102868  -49.809  16.025  14.875 0.0000000000
102875  -49.967  16.337  14.101 0.0000000000
102080  -48.453  15.656  13.220 0.0000000000
102093  -47.815  15.343  12.443 0.0000000000
102092  -47.296  15.131  12.361 0.0000000000
101247  -47.738  15.333  11.994 0.0000000000
101257  -47.329  15.345  11.608 0.0000000000
102106  -46.733  15.629  11.238 0.0000000000
102912  -45.708  16.183  10.820 0.0000000000
102913  -47.014  16.313  11.450 0.0000000000
102899  -46.355  16.391  11.371 0.0000000000
103589  -46.985  17.112  11.945 0.0000000000
105040  -47.236  19.886  13.035 0.0000000000
105029  -46.692  19.978  14.047 0.0000000000
105018  -46.090  20.040  15.110 0.0000000000
105017  -44.883  19.632  15.571 0.0000000000
105726  -45.870  20.953  16.366 0.0000000000
98634  -38.800  11.628  27.780 0.0000000000
99488  -39.192  12.646  27.914 0.0000000000
100336  -39.825  13.510  28.031 0.0000000000
101124  -42.586  14.281  29.205 0.0000000000
101933  -42.287  16.159  27.829 0.0000000000
102707  -42.481  16.501  26.681 0.0000000000
102721  -44.125  16.562  26.295 0.0000000000
102725  -47.543  16.862  26.458 0.0000000000
102735  -48.140  16.907  25.285 0.0000000000
102745  -48.144  16.811  24.846 0.0000000000
102755  -48.228  16.709  24.032 0.0000000000
103495  -48.504  17.104  24.325 0.0000000000
104212  -48.533  17.609  23.803 0.0000000000
95094  -47.361  8.348  17.790 0.0000000000
96006  -45.593  9.164  19.204 0.0000000000
95962  -44.835  8.840  21.461 0.0000000000
96923  -44.734  9.322  21.035 0.0000000000
95960  -42.284  9.175  21.369 0.0000000000
95949  -41.043  8.565  22.115 0.0000000000
95945  -37.460  7.988  22.898 0.0000000000
95045  -37.546  7.413  23.093 0.0000000000
88542  -40.476  0.381  26.758 0.0000000000
88551  -41.602  0.646  25.796 0.0000000000
88552  -42.519  0.843  25.671 0.0000000000
88558  -41.760  0.907  24.988 0.0000000000
89527  -42.006  1.262  24.305 0.0000000000
89534  -41.416  1.672  23.644 0.0000000000
94096  -37.218  6.806  25.331 0.0000000000
95029  -37.399  7.233  25.849 0.0000000000
95024  -37.967  7.316  26.339 0.0000000000
95929  -38.855  7.950  26.834 0.0000000000
91470  -43.819  3.571  13.248 0.0000000000
91469  -43.208  3.820  12.885 0.0000000000
92370  -42.797  4.529  13.185 0.0000000000
95114  -39.983  7.792  16.780 0.0000000000
96047  -39.722  8.092  16.185 0.0000000000
96076  -41.575  8.287  13.192 0.0000000000
95166  -42.454  7.440  12.509 0.0000000000
96102  -42.625  8.520  9.717 0.0000000000
97897  -41.404  10.758  9.320 0.0000000000
98751  -41.456  10.959  8.900 0.0000000000
97907  -42.040  10.657  7.903 0.0000000000
98773  -41.023  11.591  6.852 0.0000000000
101140  -37.550  14.457  25.325 0.0000000000
101145  -37.554  14.632  24.388 0.0000000000
101151  -37.956  14.979  23.798 0.0000000000
101157  -38.012  15.098  22.988 0.0000000000
101959  -38.651  15.471  22.336 0.0000000000
102807  -40.582  16.167  20.001 0.0000000000
102792  -40.128  16.103  20.466 0.0000000000
101986  -40.065  15.840  19.722 0.0000000000
102004  -38.969  14.954  17.949 0.0000000000
101212  -38.465  14.845  17.686 0.0000000000
102017  -39.032  14.980  17.241 0.0000000000
102031  -38.801  15.085  16.113 0.0000000000
102840  -45.996  16.793  17.479 0.0000000000
102851  -44.966  16.362  16.364 0.0000000000
102022  -43.959  15.914  15.973 0.0000000000
102885  -41.516  16.170  12.601 0.0000000000
102073  -41.693  15.748  13.505 0.0000000000
102071  -39.547  15.814  13.989 0.0000000000
102087  -37.412  15.730  12.535 0.0000000000
102100  -36.989  15.248  11.695 0.0000000000
102114  -37.115  15.379  10.695 0.0000000000
102126  -37.266  15.449  9.707 0.0000000000
101286  -38.611  14.499  6.078 0.0000000000
99617  -37.881  13.260  6.089 0.0000000000
99608  -37.862  12.526  6.347 0.0000000000
100467  -36.844  14.008  6.191 0.0000000000
103631  -36.368  17.559  7.495 0.0000000000
104364  -43.462  18.545  9.686 0.0000000000
104372  -43.277  18.691  8.881 0.0000000000
105071  -41.454  19.640  10.014 0.0000000000
105048  -39.915  19.621  11.833 0.0000000000
104321  -35.782  18.386  12.711 0.0000000000
105013  -38.123  19.409  15.803 0.0000000000
104290  -37.801  19.174  16.024 0.0000000000
104277  -36.649  19.116  17.495 0.0000000000
96931  -36.334  9.133  21.494 0.0000000000
96945  -36.384  9.054  20.516 0.0000000000
97803  -35.220  9.985  21.072 0.0000000000
97810  -34.914  10.600  20.535 0.0000000000
98649  -34.689  11.246  21.617 0.0000000000
99519  -34.819  11.708  20.496 0.0000000000
99520  -35.145  12.271  20.146 0.0000000000
100368  -35.728  13.020  20.465 0.0000000000
100377  -36.462  13.546  19.910 0.0000000000
103539  -50.355  17.128  18.847 0.0000000000
104267  -50.071  17.807  18.267 0.0000000000
103555  -50.437  17.208  15.983 0.0000000000
103563  -50.499  17.136  14.940 0.0000000000
103568  -50.222  17.420  14.089 0.0000000000
103579  -49.536  17.648  12.897 0.0000000000
103592  -49.009  17.868  12.046 0.0000000000
104355  -48.538  18.036  11.780 0.0000000000
104344  -49.064  18.841  12.143 0.0000000000
105053  -48.683  19.387  12.065 0.0000000000
105770  -48.335  20.082  12.328 0.0000000000
105752  -48.828  21.150  13.616 0.0000000000
105763  -48.515  20.846  12.981 0.0000000000
106414  -47.636  21.856  13.314 0.0000000000
106408  -47.344  22.363  13.762 0.0000000000
99473  -43.442  12.547  29.503 0.0000000000
100328  -42.760  13.004  29.252 0.0000000000
94134  -44.703  7.172  21.659 0.0000000000
94133  -43.702  7.345  21.866 0.0000000000
94132  -43.081  7.119  22.055 0.0000000000
93222  -42.240  6.394  22.189 0.0000000000
93220  -40.403  5.734  22.371 0.0000000000
93219  -39.511  5.438  22.578 0.0000000000
88519  -39.036  0.607  28.634 0.0000000000
88530  -38.410  0.793  27.844 0.0000000000
88540  -38.782  0.684  27.009 0.0000000000
89500  -38.161  1.044  27.063 0.0000000000
88548  -39.028  0.766  26.293 0.0000000000
94091  -39.494  5.881  26.856 0.0000000000
94072  -39.558  6.382  27.902 0.0000000000
96983  -37.609  9.435  15.596 0.0000000000
96984  -38.772  9.062  15.201 0.0000000000
96992  -38.491  9.675  14.364 0.0000000000
97001  -38.782  9.961  13.675 0.0000000000
97002  -39.471  9.701  13.453 0.0000000000
97012  -40.589  9.448  12.521 0.0000000000
97020  -40.896  9.739  11.661 0.0000000000
97021  -41.595  9.388  11.341 0.0000000000
97878  -40.907  10.169  11.035 0.0000000000
97886  -40.506  10.670  10.568 0.0000000000
98729  -39.558  10.817  11.204 0.0000000000
98738  -40.561  10.946  10.047 0.0000000000
99589  -39.648  12.429  8.994 0.0000000000
102737  -40.906  16.342  24.047 0.0000000000
101961  -40.012  16.104  23.153 0.0000000000
102747  -40.739  16.323  23.185 0.0000000000
102776  -41.089  16.548  21.414 0.0000000000
102794  -41.643  16.717  20.564 0.0000000000
102808  -41.177  16.387  19.746 0.0000000000
101996  -41.585  16.290  18.595 0.0000000000
102007  -41.659  15.983  17.812 0.0000000000
102057  -44.700  15.187  13.906 0.0000000000
102088  -42.239  15.885  12.707 0.0000000000
102906  -38.996  16.754  11.175 0.0000000000
103610  -39.295  17.267  9.287 0.0000000000
102134  -37.578  16.419  6.674 0.0000000000
102142  -37.325  16.059  6.406 0.0000000000
103644  -37.603  17.960  6.817 0.0000000000
103646  -39.115  18.488  6.903 0.0000000000
104376  -37.472  18.723  7.299 0.0000000000
104370  -37.676  19.375  7.896 0.0000000000
104324  -42.846  18.826  12.693 0.0000000000
105051  -42.264  19.327  12.279 0.0000000000
105036  -40.944  20.215  12.987 0.0000000000
105035  -40.038  20.067  13.193 0.0000000000
105014  -38.630  19.863  15.348 0.0000000000
105733  -39.242  20.675  15.501 0.0000000000
105719  -38.120  20.648  17.170 0.0000000000
96019  -40.928  7.927  18.838 0.0000000000
96035  -38.848  8.118  17.563 0.0000000000
96045  -38.161  8.592  16.721 0.0000000000
97823  -35.034  10.703  19.051 0.0000000000
96982  -36.813  9.930  15.788 0.0000000000
97844  -36.853  10.400  15.204 0.0000000000
98696  -36.461  10.930  15.099 0.0000000000
98688  -35.682  11.614  16.038 0.0000000000
98695  -36.083  11.384  15.277 0.0000000000
98704  -36.228  11.607  14.716 0.0000000000
99550  -35.962  12.065  14.734 0.0000000000
100416  -35.939  12.873  14.238 0.0000000000
101233  -35.936  13.393  14.123 0.0000000000
102782  -46.963  16.392  22.026 0.0000000000
102798  -46.118  16.871  21.121 0.0000000000
102864  -46.380  16.064  15.505 0.0000000000
102832  -50.302  15.872  18.072 0.0000000000
102011  -50.004  15.500  17.291 0.0000000000
102023  -49.013  15.329  16.610 0.0000000000
102041  -49.411  15.674  15.278 0.0000000000
102855  -48.475  15.511  16.171 0.0000000000
102866  -48.080  15.709  15.696 0.0000000000
102038  -46.523  15.679  14.632 0.0000000000
102058  -45.740  15.231  13.721 0.0000000000
101243  -45.357  14.612  12.036 0.0000000000
101245  -46.628  14.860  11.934 0.0000000000
101254  -45.434  14.740  11.543 0.0000000000
102117  -44.288  15.574  10.161 0.0000000000
102938  -43.228  17.066  8.659 0.0000000000
102939  -44.011  17.225  8.905 0.0000000000
103628  -44.375  17.482  9.137 0.0000000000
102911  -45.255  16.467  10.285 0.0000000000
103614  -44.109  17.798  10.012 0.0000000000
103597  -44.041  17.676  11.101 0.0000000000
103586  -43.967  17.739  12.105 0.0000000000
104342  -47.869  18.261  11.908 0.0000000000
104341  -47.500  17.821  12.140 0.0000000000
104325  -43.702  18.098  12.884 0.0000000000
105039  -43.042  18.852  13.684 0.0000000000
105016  -43.724  19.399  15.391 0.0000000000
105738  -43.169  19.834  15.729 0.0000000000
105713  -42.688  20.733  16.807 0.0000000000
98640  -36.214  11.968  26.423 0.0000000000
99493  -36.773  12.934  26.366 0.0000000000
100339  -37.054  13.656  25.979 0.0000000000
100340  -37.639  13.911  26.475 0.0000000000
101141  -38.314  15.041  25.354 0.0000000000
101943  -39.006  15.424  25.380 0.0000000000
101950  -39.530  15.807  24.632 0.0000000000
99478  -40.513  12.588  28.327 0.0000000000
100337  -40.316  13.748  28.229 0.0000000000
101122  -40.984  15.017  28.173 0.0000000000
101938  -39.641  15.426  26.343 0.0000000000
101951  -40.245  16.165  24.757 0.0000000000
102727  -40.986  16.338  24.807 0.0000000000
102738  -41.745  16.423  24.239 0.0000000000
102729  -42.907  16.503  25.331 0.0000000000
102750  -43.616  16.650  23.608 0.0000000000
102763  -45.493  16.697  22.938 0.0000000000
102710  -45.258  16.552  27.296 0.0000000000
102722  -45.202  16.490  26.361 0.0000000000
102732  -46.099  16.350  25.547 0.0000000000
102733  -46.993  16.303  25.601 0.0000000000
102742  -45.960  16.371  24.687 0.0000000000
102764  -46.475  16.513  22.983 0.0000000000
102783  -48.005  16.180  21.895 0.0000000000
102767  -48.980  16.588  22.312 0.0000000000
102784  -48.940  16.338  21.673 0.0000000000
103512  -49.510  16.637  21.206 0.0000000000
94168  -45.887  7.180  18.168 0.0000000000
94167  -45.012  7.125  18.334 0.0000000000
95077  -42.534  8.128  19.181 0.0000000000
96947  -44.639  9.244  19.787 0.0000000000
96922  -44.161  9.439  20.708 0.0000000000
96932  -44.171  9.326  20.105 0.0000000000
96003  -43.762  8.907  19.660 0.0000000000
95948  -40.121  8.356  22.217 0.0000000000
95956  -38.524  8.532  21.809 0.0000000000
96917  -35.349  9.655  22.713 0.0000000000
96907  -34.840  9.962  24.274 0.0000000000
96905  -35.241  9.901  25.664 0.0000000000
90471  -45.422  2.536  23.392 0.0000000000
90406  -44.974  1.951  29.804 0.0000000000
90417  -45.019  1.918  28.714 0.0000000000
90426  -45.047  1.883  28.131 0.0000000000
88521  -40.961  0.427  28.550 0.0000000000
88522  -41.871  0.508  28.390 0.0000000000
88523  -42.729  0.736  28.285 0.0000000000
89503  -45.170  2.108  27.461 0.0000000000
89502  -44.671  1.790  27.004 0.0000000000
90434  -45.072  2.064  26.325 0.0000000000
90442  -45.057  2.065  25.544 0.0000000000
89519  -43.676  1.425  25.306 0.0000000000
89520  -44.421  1.790  25.025 0.0000000000
90449  -45.026  2.117  24.699 0.0000000000
89530  -44.467  1.919  24.252 0.0000000000
89538  -44.507  2.069  23.777 0.0000000000
90470  -44.565  2.341  23.237 0.0000000000
90467  -41.792  2.300  23.082 0.0000000000
90478  -41.246  3.071  22.714 0.0000000000
93218  -38.877  5.095  22.780 0.0000000000
90464  -38.770  2.827  23.864 0.0000000000
91373  -38.820  3.433  23.413 0.0000000000
92263  -38.224  4.244  23.803 0.0000000000
92269  -38.736  4.360  23.068 0.0000000000
93213  -38.301  5.132  23.151 0.0000000000
94111  -37.820  5.964  23.152 0.0000000000
97785  -35.409  10.670  26.063 0.0000000000
97786  -36.146  10.896  26.606 0.0000000000
97777  -36.893  10.621  27.067 0.0000000000
97778  -37.534  10.773  27.346 0.0000000000
96902  -37.553  9.442  27.156 0.0000000000
96893  -38.009  9.934  27.370 0.0000000000
97779  -38.424  10.690  27.527 0.0000000000
97780  -39.478  10.476  27.629 0.0000000000
98636  -40.569  10.910  27.963 0.0000000000
96896  -40.761  8.856  27.650 0.0000000000
97771  -41.119  10.513  27.999 0.0000000000
97774  -43.009  10.862  29.302 0.0000000000
96883  -42.468  9.709  29.013 0.0000000000
97764  -42.582  10.177  29.413 0.0000000000
97765  -43.261  10.827  29.756 0.0000000000
90581  -44.101  2.922  10.602 0.0000000000
90580  -43.464  3.078  10.637 0.0000000000
91506  -42.797  3.447  10.656 0.0000000000
95087  -41.183  7.578  18.342 0.0000000000
95102  -41.471  7.242  17.886 0.0000000000
94193  -41.908  6.636  16.657 0.0000000000
96985  -39.299  8.792  15.149 0.0000000000
96059  -40.373  8.266  14.974 0.0000000000
95141  -40.776  8.097  14.767 0.0000000000
96066  -40.632  8.450  14.265 0.0000000000
95143  -41.987  7.041  14.823 0.0000000000
92381  -42.536  4.701  11.918 0.0000000000
91505  -42.408  3.783  10.104 0.0000000000
92403  -41.985  4.574  9.089 0.0000000000
93363  -41.940  5.168  8.697 0.0000000000
94264  -41.995  5.908  8.462 0.0000000000
95192  -42.327  7.756  7.849 0.0000000000
94272  -42.036  7.026  7.677 0.0000000000
95191  -41.719  7.446  7.400 0.0000000000
95197  -41.521  7.977  7.057 0.0000000000
96118  -40.900  8.724  6.966 0.0000000000
97051  -41.429  9.610  6.889 0.0000000000
97043  -40.340  9.092  7.146 0.0000000000
97049  -40.108  9.623  7.190 0.0000000000
99498  -35.717  12.842  24.995 0.0000000000
99502  -35.460  12.807  23.857 0.0000000000
100351  -35.893  13.267  23.115 0.0000000000
101149  -36.977  14.254  23.415 0.0000000000
100352  -36.444  13.776  23.265 0.0000000000
100355  -36.359  13.685  22.363 0.0000000000
100360  -36.284  13.557  21.476 0.0000000000
101960  -39.426  15.883  22.620 0.0000000000
101967  -38.678  15.386  21.349 0.0000000000
101977  -39.254  15.588  20.536 0.0000000000
101177  -38.716  15.268  20.571 0.0000000000
101176  -38.244  14.984  20.898 0.0000000000
101184  -37.297  14.178  19.758 0.0000000000
100385  -36.901  13.856  19.279 0.0000000000
100392  -36.916  13.838  18.569 0.0000000000
101200  -36.817  13.895  17.277 0.0000000000
101211  -37.865  14.646  17.362 0.0000000000
101210  -37.270  14.341  16.925 0.0000000000
101209  -36.632  14.004  16.550 0.0000000000
101217  -36.357  14.039  15.715 0.0000000000
101227  -36.048  13.811  14.754 0.0000000000
101234  -36.086  13.916  13.668 0.0000000000
103538  -44.129  17.359  19.165 0.0000000000
102825  -43.326  17.046  18.641 0.0000000000
102837  -42.647  16.502  17.966 0.0000000000
102035  -43.309  15.478  15.283 0.0000000000
102019  -40.869  15.423  16.790 0.0000000000
102051  -38.114  15.445  14.892 0.0000000000
102050  -37.123  15.007  14.700 0.0000000000
99572  -36.732  12.818  12.273 0.0000000000
99588  -38.588  12.828  9.416 0.0000000000
99600  -39.606  13.141  8.043 0.0000000000
99620  -40.361  12.442  6.301 0.0000000000
100470  -39.676  13.145  5.903 0.0000000000
98779  -39.940  12.053  6.197 0.0000000000
101292  -36.455  14.886  6.164 0.0000000000
101284  -35.727  14.885  6.924 0.0000000000
103626  -42.714  17.837  8.143 0.0000000000
104391  -41.147  19.394  7.477 0.0000000000
104381  -42.581  19.031  8.515 0.0000000000
105093  -41.436  19.516  8.121 0.0000000000
105104  -40.607  19.705  7.299 0.0000000000
105091  -39.941  19.955  7.440 0.0000000000
105067  -38.296  19.727  8.411 0.0000000000
105062  -42.158  19.386  11.235 0.0000000000
104360  -36.589  18.574  9.508 0.0000000000
104359  -35.929  18.025  9.685 0.0000000000
104348  -35.460  17.900  10.748 0.0000000000
103596  -34.968  17.473  10.860 0.0000000000
103595  -34.682  16.921  11.024 0.0000000000
104304  -33.812  17.491  13.393 0.0000000000
104275  -34.531  18.363  17.097 0.0000000000
107002  -46.918  23.094  14.983 0.0000000000
106384  -45.405  21.827  17.196 0.0000000000
106988  -45.160  22.103  17.505 0.0000000000
106370  -43.712  21.804  17.895 0.0000000000
106369  -42.728  21.742  17.903 0.0000000000
107548  -42.938  23.482  18.912 0.0000000000
106975  -42.339  22.478  18.445 0.0000000000
106368  -41.786  21.908  17.764 0.0000000000
106380  -41.109  21.814  17.102 0.0000000000
106985  -39.743  22.384  17.269 0.0000000000
106378  -39.539  22.006  16.757 0.0000000000
106377  -38.821  21.863  17.084 0.0000000000
105711  -38.404  21.214  17.255 0.0000000000
89493  -45.012  1.896  27.729 0.0000000000
89518  -42.985  1.103  25.223 0.0000000000
90458  -44.945  2.174  23.924 0.0000000000
90579  -43.064  3.229  10.646 0.0000000000
93196  -39.361  5.560  26.640 0.0000000000
93230  -42.801  6.685  22.077 0.0000000000
95080  -44.407  8.470  19.111 0.0000000000
95926  -35.673  9.411  26.014 0.0000000000
96004  -44.382  8.845  19.412 0.0000000000
96005  -44.966  9.051  19.330 0.0000000000
96067  -41.221  8.259  13.833 0.0000000000
96112  -40.204  8.417  7.371 0.0000000000
96890  -42.310  9.518  28.795 0.0000000000
96946  -44.231  9.122  19.733 0.0000000000
97037  -42.001  10.031  9.434 0.0000000000
97052  -42.146  9.533  7.199 0.0000000000
97791  -34.640  10.667  23.832 0.0000000000
97908  -42.264  10.111  7.567 0.0000000000
98653  -34.740  11.223  20.835 0.0000000000
98706  -37.201  10.751  14.175 0.0000000000
98721  -38.486  10.914  12.222 0.0000000000
98735  -38.278  12.195  10.589 0.0000000000
99492  -36.063  12.519  25.890 0.0000000000
99551  -36.257  11.755  14.451 0.0000000000
99558  -35.948  12.507  14.456 0.0000000000
100325  -40.365  13.368  28.288 0.0000000000
100341  -38.270  14.169  26.875 0.0000000000
100346  -37.210  13.967  25.771 0.0000000000
100354  -35.781  13.189  22.216 0.0000000000
100378  -36.880  13.873  19.729 0.0000000000
100471  -40.098  12.832  5.985 0.0000000000
101144  -37.061  14.260  24.268 0.0000000000
101146  -38.111  15.039  24.491 0.0000000000
101183  -36.856  13.875  19.990 0.0000000000
101235  -45.326  14.643  12.310 0.0000000000
101236  -45.621  14.683  12.319 0.0000000000
101244  -45.865  14.688  11.885 0.0000000000
101246  -47.266  15.098  11.892 0.0000000000
101295  -38.458  14.369  5.926 0.0000000000
101915  -43.483  15.686  29.099 0.0000000000
101921  -41.226  15.643  27.715 0.0000000000
101939  -40.480  15.776  26.393 0.0000000000
101944  -39.672  15.733  25.438 0.0000000000
101976  -38.713  15.315  20.823 0.0000000000
101978  -39.790  15.855  20.308 0.0000000000
101987  -40.673  16.129  19.564 0.0000000000
101993  -39.144  15.140  18.589 0.0000000000
101998  -49.716  15.339  17.777 0.0000000000
101999  -50.030  15.519  17.909 0.0000000000
102009  -49.189  15.217  17.341 0.0000000000
102010  -49.524  15.205  17.189 0.0000000000
102024  -49.480  15.378  16.360 0.0000000000
102091  -44.874  14.708  11.623 0.0000000000
102095  -48.861  16.359  12.470 0.0000000000
102108  -48.266  16.183  11.910 0.0000000000
102119  -45.410  15.986  10.295 0.0000000000
102150  -38.034  15.348  5.633 0.0000000000
102791  -39.711  15.903  20.562 0.0000000000
102811  -44.694  17.336  19.428 0.0000000000
102817  -50.250  15.921  18.730 0.0000000000
102823  -41.576  16.455  19.092 0.0000000000
102867  -48.389  15.566  15.785 0.0000000000
102915  -48.350  16.947  11.918 0.0000000000
102940  -44.468  17.282  9.167 0.0000000000
103519  -43.683  17.352  20.013 0.0000000000
103521  -44.816  17.339  20.273 0.0000000000
103529  -44.392  17.373  19.615 0.0000000000
103530  -44.722  17.363  20.015 0.0000000000
103532  -50.392  16.221  18.561 0.0000000000
103537  -43.904  17.307  18.954 0.0000000000
103540  -50.448  16.738  18.165 0.0000000000
103545  -50.245  17.663  16.769 0.0000000000
103554  -50.160  17.984  16.187 0.0000000000
103562  -50.286  17.870  15.276 0.0000000000
103569  -50.484  17.099  14.504 0.0000000000
103575  -43.991  17.812  12.529 0.0000000000
103584  -34.407  17.022  11.946 0.0000000000
103591  -48.720  17.984  11.844 0.0000000000
103602  -48.569  17.709  11.848 0.0000000000
103603  -48.774  17.599  11.933 0.0000000000
103615  -44.523  17.302  9.508 0.0000000000
103649  -41.351  19.040  7.383 0.0000000000
104205  -47.991  18.133  25.414 0.0000000000
104268  -50.373  17.317  17.780 0.0000000000
104343  -48.567  18.392  11.802 0.0000000000
104354  -48.321  17.955  11.770 0.0000000000
104379  -40.007  18.654  6.940 0.0000000000
104382  -43.095  18.751  8.566 0.0000000000
104387  -38.737  18.840  6.797 0.0000000000
104390  -40.739  19.327  7.110 0.0000000000
105043  -49.234  19.323  12.829 0.0000000000
105079  -39.128  19.944  7.855 0.0000000000
105083  -42.134  19.521  9.273 0.0000000000
105089  -38.857  19.406  6.886 0.0000000000
105101  -39.120  19.148  6.698 0.0000000000
105105  -40.973  19.680  7.575 0.0000000000
105712  -42.255  20.836  16.695 0.0000000000
105722  -41.686  20.815  16.028 0.0000000000
106367  -41.284  22.099  17.715 0.0000000000
106382  -43.186  21.138  17.417 0.0000000000
106393  -41.841  20.964  16.501 0.0000000000
107007  -47.320  23.066  14.181 0.0000000000
107015  -48.090  22.459  13.321 0.0000000000
