#!ascii label  , from subject bert vox2ras=TkReg
724
45150  -17.718  -41.330  61.144 0.0000000000
56822  -40.337  -30.150  54.419 0.0000000000
65003  -42.938  -22.252  51.379 0.0000000000
71546  -48.046  -16.918  45.486 0.0000000000
53639  -38.963  -34.412  52.954 0.0000000000
67157  -45.393  -19.230  48.379 0.0000000000
132651  -45.434  -12.206  37.586 0.0000000000
79640  -47.975  -8.672  35.994 0.0000000000
56836  -43.507  -30.705  52.882 0.0000000000
60846  -43.688  -26.598  52.686 0.0000000000
61896  -41.243  -25.888  53.091 0.0000000000
49302  -19.776  -37.999  63.648 0.0000000000
49328  -23.713  -37.436  62.293 0.0000000000
50344  -26.620  -36.527  58.845 0.0000000000
50358  -30.849  -37.114  58.047 0.0000000000
49399  -35.408  -37.659  57.130 0.0000000000
49414  -39.621  -37.301  55.566 0.0000000000
51451  -42.139  -35.010  54.477 0.0000000000
63975  -46.413  -22.970  50.528 0.0000000000
79644  -50.201  -9.537  35.528 0.0000000000
56810  -42.082  -30.458  55.083 0.0000000000
59899  -42.138  -27.695  54.476 0.0000000000
59896  -40.293  -27.328  53.956 0.0000000000
49337  -19.937  -37.283  61.574 0.0000000000
49315  -21.933  -37.721  63.408 0.0000000000
51425  -35.630  -36.307  55.422 0.0000000000
49412  -37.469  -37.441  56.433 0.0000000000
51427  -37.446  -36.075  55.320 0.0000000000
54697  -40.230  -32.284  54.036 0.0000000000
52540  -40.514  -34.384  54.587 0.0000000000
54668  -41.912  -32.520  55.157 0.0000000000
53631  -42.748  -33.213  53.531 0.0000000000
64980  -43.546  -23.454  52.762 0.0000000000
62951  -45.099  -24.317  51.715 0.0000000000
66023  -45.024  -21.796  51.667 0.0000000000
69505  -46.667  -17.972  46.181 0.0000000000
68337  -47.351  -19.237  49.000 0.0000000000
69491  -48.666  -18.709  47.307 0.0000000000
68424  -49.907  -18.890  45.047 0.0000000000
132664  -47.398  -10.727  39.445 0.0000000000
74558  -47.121  -13.225  40.445 0.0000000000
52555  -37.366  -35.015  53.072 0.0000000000
69549  -46.087  -18.684  42.932 0.0000000000
76612  -45.560  -10.218  36.446 0.0000000000
132679  -47.810  -10.137  38.554 0.0000000000
74615  -50.448  -12.654  34.490 0.0000000000
55784  -43.653  -31.260  50.683 0.0000000000
58973  -43.659  -28.593  52.763 0.0000000000
61888  -43.187  -25.713  53.574 0.0000000000
46126  -18.749  -39.749  63.813 0.0000000000
46182  -24.623  -39.885  60.423 0.0000000000
49354  -25.566  -37.545  60.900 0.0000000000
47254  -25.986  -39.510  58.644 0.0000000000
48353  -27.998  -38.953  57.127 0.0000000000
48355  -30.160  -38.736  57.739 0.0000000000
47275  -31.916  -39.241  57.498 0.0000000000
49386  -33.564  -37.768  57.950 0.0000000000
47305  -36.566  -38.874  55.677 0.0000000000
51429  -39.227  -36.053  55.120 0.0000000000
50399  -41.170  -36.185  55.023 0.0000000000
50443  -41.541  -36.177  52.716 0.0000000000
51494  -42.428  -34.824  51.923 0.0000000000
53688  -43.122  -32.825  51.218 0.0000000000
67123  -46.128  -20.210  50.870 0.0000000000
73558  -46.952  -14.840  41.302 0.0000000000
72533  -48.821  -15.784  43.330 0.0000000000
45121  -16.966  -41.279  63.067 0.0000000000
56808  -40.912  -30.211  54.853 0.0000000000
58951  -40.987  -28.496  54.601 0.0000000000
58950  -40.466  -28.852  54.469 0.0000000000
51444  -35.804  -35.845  54.641 0.0000000000
51426  -36.559  -36.150  55.348 0.0000000000
51445  -36.732  -35.742  54.578 0.0000000000
55722  -40.164  -31.092  54.454 0.0000000000
54681  -40.377  -32.160  54.511 0.0000000000
55708  -40.855  -31.062  55.369 0.0000000000
55709  -41.619  -31.400  55.428 0.0000000000
64994  -44.177  -23.014  52.488 0.0000000000
66021  -43.819  -21.712  51.476 0.0000000000
70490  -47.112  -17.436  45.590 0.0000000000
70466  -47.533  -18.117  47.509 0.0000000000
70492  -48.262  -17.338  46.001 0.0000000000
69507  -49.139  -18.542  46.500 0.0000000000
71548  -48.509  -16.959  45.445 0.0000000000
75568  -48.864  -12.044  39.412 0.0000000000
75559  -48.808  -12.097  40.100 0.0000000000
73591  -49.320  -13.249  39.519 0.0000000000
77603  -45.794  -10.121  35.034 0.0000000000
78634  -46.534  -9.185  36.760 0.0000000000
132677  -46.616  -9.387  38.154 0.0000000000
78620  -47.855  -9.535  37.836 0.0000000000
77582  -48.284  -10.111  37.057 0.0000000000
77583  -48.900  -10.031  36.620 0.0000000000
75604  -50.810  -11.253  35.372 0.0000000000
55754  -43.634  -31.138  51.798 0.0000000000
56847  -43.745  -30.331  52.077 0.0000000000
57907  -43.605  -29.357  52.824 0.0000000000
60828  -41.301  -26.747  54.137 0.0000000000
60830  -42.665  -26.680  54.007 0.0000000000
61886  -41.872  -25.825  53.820 0.0000000000
63941  -42.479  -24.686  53.550 0.0000000000
62931  -41.583  -25.269  52.734 0.0000000000
46127  -19.598  -39.393  63.467 0.0000000000
47202  -20.450  -38.286  63.735 0.0000000000
49317  -23.031  -37.745  62.797 0.0000000000
52469  -26.091  -35.489  58.961 0.0000000000
50343  -26.092  -36.695  59.640 0.0000000000
49367  -25.765  -37.917  60.357 0.0000000000
49368  -26.072  -37.683  59.579 0.0000000000
48337  -26.859  -38.672  57.740 0.0000000000
49380  -27.673  -37.486  58.025 0.0000000000
48340  -30.442  -38.192  58.231 0.0000000000
47274  -30.931  -39.200  57.468 0.0000000000
48341  -31.462  -38.324  58.322 0.0000000000
50371  -34.769  -37.342  57.027 0.0000000000
50370  -33.894  -37.223  57.253 0.0000000000
49387  -34.267  -37.754  57.739 0.0000000000
47264  -33.977  -38.548  57.849 0.0000000000
48345  -34.873  -38.090  57.617 0.0000000000
47292  -35.637  -38.846  56.448 0.0000000000
47279  -35.724  -38.442  56.933 0.0000000000
49413  -38.597  -37.344  56.053 0.0000000000
47295  -38.144  -38.344  56.016 0.0000000000
47308  -38.756  -38.312  55.651 0.0000000000
48377  -40.163  -37.636  55.108 0.0000000000
51465  -38.009  -35.327  53.865 0.0000000000
51467  -39.539  -35.122  54.123 0.0000000000
52527  -41.415  -34.513  54.953 0.0000000000
51431  -41.094  -35.455  54.981 0.0000000000
51450  -41.619  -35.540  54.889 0.0000000000
49441  -41.229  -36.764  54.362 0.0000000000
50415  -42.080  -35.578  54.014 0.0000000000
51468  -42.423  -34.940  53.653 0.0000000000
55725  -43.291  -31.476  53.122 0.0000000000
53655  -43.069  -32.679  52.413 0.0000000000
54713  -43.396  -32.084  52.086 0.0000000000
54749  -43.483  -32.049  50.907 0.0000000000
49325  -18.610  -37.624  62.660 0.0000000000
49301  -18.836  -37.942  64.020 0.0000000000
48281  -18.549  -38.715  64.273 0.0000000000
59922  -43.725  -27.913  51.933 0.0000000000
60854  -43.874  -26.497  51.913 0.0000000000
62958  -45.546  -23.976  51.115 0.0000000000
67156  -44.779  -19.715  48.792 0.0000000000
68291  -45.166  -19.637  50.459 0.0000000000
68312  -45.582  -19.191  49.840 0.0000000000
67158  -48.290  -20.515  48.273 0.0000000000
66045  -47.891  -21.491  48.923 0.0000000000
74551  -48.123  -13.386  41.421 0.0000000000
73567  -46.785  -14.116  40.722 0.0000000000
73559  -47.701  -14.217  41.631 0.0000000000
72543  -47.896  -15.421  42.625 0.0000000000
72545  -49.163  -15.323  42.656 0.0000000000
71574  -49.885  -16.488  43.408 0.0000000000
78662  -48.315  -8.946  34.551 0.0000000000
80607  -48.847  -8.310  36.126 0.0000000000
79651  -49.457  -8.812  34.969 0.0000000000
79662  -50.966  -9.773  33.927 0.0000000000
56823  -42.639  -30.534  54.346 0.0000000000
57897  -42.877  -29.462  53.900 0.0000000000
58953  -42.048  -28.678  54.706 0.0000000000
59889  -41.162  -27.857  54.533 0.0000000000
60827  -40.675  -26.910  53.909 0.0000000000
50303  -19.933  -37.373  62.987 0.0000000000
50297  -21.018  -37.634  63.370 0.0000000000
50316  -23.240  -37.172  62.211 0.0000000000
50380  -35.293  -37.182  56.562 0.0000000000
49400  -36.350  -37.601  56.732 0.0000000000
51408  -36.347  -36.603  55.921 0.0000000000
51409  -37.285  -36.446  55.852 0.0000000000
51410  -37.992  -36.319  55.756 0.0000000000
53640  -39.771  -33.682  53.314 0.0000000000
53628  -40.055  -34.184  54.101 0.0000000000
53629  -40.482  -33.343  54.388 0.0000000000
53622  -41.593  -33.530  55.060 0.0000000000
53623  -42.176  -33.446  54.762 0.0000000000
52542  -42.626  -33.804  53.819 0.0000000000
54669  -42.456  -32.583  54.499 0.0000000000
55724  -42.868  -31.702  53.953 0.0000000000
49336  -18.932  -37.597  61.677 0.0000000000
62935  -43.734  -24.638  52.973 0.0000000000
61908  -44.097  -25.473  52.302 0.0000000000
63959  -44.050  -23.875  52.754 0.0000000000
64995  -44.882  -22.753  52.044 0.0000000000
65005  -45.582  -22.365  51.569 0.0000000000
69488  -46.214  -18.444  47.869 0.0000000000
69458  -46.119  -18.586  49.255 0.0000000000
69490  -47.039  -18.361  47.995 0.0000000000
69475  -48.041  -18.860  47.989 0.0000000000
132658  -46.482  -11.299  39.098 0.0000000000
73588  -46.046  -12.466  38.616 0.0000000000
74567  -47.838  -12.082  40.070 0.0000000000
74560  -48.985  -12.589  40.656 0.0000000000
56835  -39.940  -30.055  53.823 0.0000000000
55751  -40.134  -31.579  52.601 0.0000000000
66043  -43.386  -21.316  50.181 0.0000000000
67181  -45.285  -19.799  46.609 0.0000000000
68400  -45.726  -19.259  45.977 0.0000000000
68423  -46.291  -18.508  44.585 0.0000000000
70512  -46.756  -17.621  44.062 0.0000000000
132661  -45.180  -11.229  36.501 0.0000000000
132665  -46.481  -10.453  38.828 0.0000000000
132675  -47.870  -10.321  39.167 0.0000000000
132670  -48.065  -11.457  38.256 0.0000000000
76602  -49.957  -10.562  36.088 0.0000000000
75602  -49.951  -12.063  35.332 0.0000000000
57940  -43.755  -29.862  51.095 0.0000000000
58982  -43.739  -28.777  52.295 0.0000000000
59906  -43.636  -27.628  53.017 0.0000000000
58964  -43.137  -28.473  53.655 0.0000000000
60831  -43.208  -26.757  53.626 0.0000000000
61889  -43.417  -26.212  53.371 0.0000000000
62934  -43.330  -24.739  53.304 0.0000000000
64979  -42.969  -23.434  52.749 0.0000000000
59913  -39.447  -27.848  52.700 0.0000000000
60845  -39.948  -27.040  52.408 0.0000000000
62941  -41.063  -25.533  52.126 0.0000000000
45122  -18.047  -40.821  63.142 0.0000000000
45139  -19.428  -40.394  62.276 0.0000000000
45179  -25.014  -40.797  59.153 0.0000000000
50331  -23.376  -36.653  60.739 0.0000000000
50326  -24.335  -36.529  61.212 0.0000000000
49342  -24.850  -37.429  61.487 0.0000000000
46183  -25.245  -39.776  59.971 0.0000000000
46220  -27.949  -40.051  56.661 0.0000000000
47272  -28.663  -39.711  56.810 0.0000000000
51377  -31.156  -36.911  57.604 0.0000000000
51378  -32.315  -37.088  57.448 0.0000000000
50359  -31.987  -37.269  57.901 0.0000000000
48342  -32.484  -38.263  58.341 0.0000000000
47276  -32.828  -39.201  57.456 0.0000000000
48366  -37.080  -38.316  56.373 0.0000000000
51446  -37.693  -35.734  54.596 0.0000000000
51428  -38.306  -36.082  55.254 0.0000000000
50397  -39.597  -36.338  55.473 0.0000000000
51449  -40.327  -35.119  54.688 0.0000000000
51430  -40.209  -35.701  55.037 0.0000000000
49415  -40.157  -36.894  55.460 0.0000000000
49440  -40.793  -37.341  54.260 0.0000000000
48394  -40.749  -37.331  53.642 0.0000000000
51510  -42.232  -34.992  50.909 0.0000000000
52559  -42.733  -33.693  53.311 0.0000000000
52591  -42.883  -33.369  51.765 0.0000000000
53687  -42.921  -33.300  51.080 0.0000000000
53704  -43.190  -32.470  50.612 0.0000000000
46125  -17.881  -40.048  64.259 0.0000000000
67102  -44.331  -21.089  51.193 0.0000000000
67104  -45.457  -20.781  51.268 0.0000000000
65006  -46.325  -22.160  51.117 0.0000000000
67140  -46.607  -19.957  50.104 0.0000000000
66037  -47.181  -21.329  50.226 0.0000000000
63976  -47.082  -22.652  50.041 0.0000000000
69557  -46.168  -18.130  42.477 0.0000000000
70524  -47.285  -16.811  43.598 0.0000000000
73578  -46.391  -13.610  39.590 0.0000000000
72577  -46.097  -14.572  39.937 0.0000000000
72557  -46.779  -15.665  41.452 0.0000000000
72531  -47.899  -15.965  43.294 0.0000000000
71572  -48.573  -16.197  44.142 0.0000000000
71561  -49.607  -16.784  44.276 0.0000000000
45149  -16.885  -41.866  60.771 0.0000000000
56807  -40.629  -30.044  54.610 0.0000000000
57886  -40.803  -29.433  54.593 0.0000000000
57895  -40.135  -29.294  54.235 0.0000000000
51462  -35.032  -35.758  53.884 0.0000000000
51463  -35.927  -35.418  53.548 0.0000000000
55723  -40.490  -31.486  54.997 0.0000000000
55707  -40.497  -30.683  54.886 0.0000000000
65004  -43.314  -22.311  51.887 0.0000000000
66020  -43.448  -21.778  51.160 0.0000000000
70491  -47.806  -17.180  45.734 0.0000000000
70480  -47.758  -17.632  46.640 0.0000000000
70493  -48.932  -17.595  45.872 0.0000000000
132669  -48.425  -11.815  39.029 0.0000000000
74574  -49.064  -12.577  39.393 0.0000000000
79648  -47.285  -8.890  35.576 0.0000000000
78650  -47.157  -8.966  36.090 0.0000000000
78635  -47.205  -8.861  37.060 0.0000000000
78651  -47.592  -8.904  36.528 0.0000000000
78636  -48.154  -9.088  36.915 0.0000000000
55739  -43.644  -30.746  52.193 0.0000000000
56837  -43.635  -30.271  52.516 0.0000000000
56825  -43.523  -30.018  52.970 0.0000000000
61885  -41.253  -26.269  53.701 0.0000000000
61897  -41.601  -25.781  53.538 0.0000000000
62932  -42.028  -25.250  53.303 0.0000000000
48282  -19.450  -38.554  63.928 0.0000000000
49291  -19.923  -38.473  63.835 0.0000000000
48304  -23.314  -38.040  62.716 0.0000000000
51364  -26.385  -36.030  58.963 0.0000000000
50353  -26.457  -37.043  58.992 0.0000000000
49379  -26.636  -37.662  58.577 0.0000000000
50354  -27.229  -36.836  58.507 0.0000000000
49383  -30.703  -37.608  58.272 0.0000000000
49382  -29.756  -37.547  58.275 0.0000000000
49384  -31.734  -37.681  58.252 0.0000000000
50362  -34.319  -37.482  57.448 0.0000000000
49388  -34.821  -37.689  57.444 0.0000000000
48346  -35.222  -37.855  57.411 0.0000000000
48357  -35.290  -38.298  57.302 0.0000000000
48358  -35.752  -38.041  57.172 0.0000000000
48369  -38.918  -37.872  55.804 0.0000000000
48376  -39.596  -37.935  55.270 0.0000000000
52556  -38.416  -34.896  53.164 0.0000000000
52557  -39.469  -34.702  53.627 0.0000000000
52528  -41.952  -34.302  54.873 0.0000000000
51432  -41.680  -34.976  54.900 0.0000000000
54698  -43.206  -32.166  52.687 0.0000000000
55738  -43.512  -31.279  52.391 0.0000000000
55753  -43.535  -31.581  51.995 0.0000000000
49313  -19.293  -37.646  63.285 0.0000000000
49312  -18.300  -37.724  63.554 0.0000000000
49290  -19.184  -38.346  64.127 0.0000000000
60853  -43.738  -27.187  51.659 0.0000000000
62959  -45.897  -23.582  50.573 0.0000000000
62966  -45.747  -24.026  50.467 0.0000000000
62967  -46.244  -23.694  49.999 0.0000000000
68335  -45.241  -19.262  49.430 0.0000000000
68336  -45.620  -18.976  48.933 0.0000000000
73611  -45.033  -13.403  37.211 0.0000000000
73561  -49.456  -14.029  41.679 0.0000000000
73560  -48.563  -13.891  41.867 0.0000000000
73545  -48.933  -14.582  42.256 0.0000000000
57896  -42.342  -29.518  54.579 0.0000000000
58962  -40.518  -28.260  54.470 0.0000000000
59897  -40.752  -27.615  54.344 0.0000000000
50312  -20.246  -37.171  62.495 0.0000000000
50324  -22.848  -36.973  61.535 0.0000000000
51443  -34.954  -36.078  54.765 0.0000000000
51424  -34.704  -36.508  55.505 0.0000000000
51407  -35.319  -36.802  56.101 0.0000000000
50381  -36.096  -37.110  56.403 0.0000000000
50383  -38.070  -36.727  56.132 0.0000000000
53641  -40.295  -32.776  53.940 0.0000000000
54667  -41.002  -32.423  55.107 0.0000000000
55710  -42.334  -31.552  54.876 0.0000000000
49349  -19.317  -37.587  60.626 0.0000000000
49326  -19.492  -37.414  62.478 0.0000000000
63953  -43.603  -24.033  52.996 0.0000000000
62942  -44.282  -24.579  52.576 0.0000000000
66008  -44.547  -22.435  52.066 0.0000000000
63967  -45.350  -23.440  51.720 0.0000000000
68356  -46.062  -18.505  47.411 0.0000000000
69489  -46.759  -18.223  47.461 0.0000000000
70467  -48.014  -18.353  47.617 0.0000000000
68357  -48.472  -19.598  47.890 0.0000000000
68380  -49.286  -19.547  46.657 0.0000000000
132652  -46.691  -11.936  39.370 0.0000000000
132657  -47.283  -11.613  39.697 0.0000000000
74553  -49.500  -13.327  41.047 0.0000000000
55737  -40.099  -31.231  53.559 0.0000000000
68461  -45.842  -19.174  43.269 0.0000000000
69526  -46.593  -17.943  44.476 0.0000000000
69538  -46.467  -18.232  43.820 0.0000000000
77593  -45.533  -10.297  35.520 0.0000000000
76611  -45.206  -10.843  35.740 0.0000000000
132673  -45.322  -10.771  36.603 0.0000000000
132659  -45.598  -10.913  37.733 0.0000000000
132655  -45.853  -10.182  37.859 0.0000000000
132682  -47.648  -9.592  38.351 0.0000000000
132676  -47.208  -9.813  38.765 0.0000000000
132678  -48.060  -10.853  38.832 0.0000000000
132671  -47.958  -10.869  38.035 0.0000000000
76600  -49.024  -10.837  36.437 0.0000000000
79630  -49.981  -9.101  35.990 0.0000000000
78622  -49.686  -9.098  36.412 0.0000000000
78639  -49.944  -9.702  35.888 0.0000000000
75615  -50.807  -12.206  34.621 0.0000000000
75603  -50.601  -11.514  35.368 0.0000000000
56878  -43.703  -31.027  50.313 0.0000000000
56865  -43.722  -30.738  50.857 0.0000000000
57915  -43.705  -29.530  52.440 0.0000000000
57925  -43.810  -29.714  51.894 0.0000000000
58963  -42.587  -28.544  54.238 0.0000000000
59900  -42.883  -27.606  53.933 0.0000000000
61898  -43.511  -25.152  53.249 0.0000000000
62924  -42.825  -24.978  53.543 0.0000000000
63951  -42.519  -24.374  53.118 0.0000000000
45112  -18.848  -39.951  63.523 0.0000000000
45138  -18.705  -40.691  62.360 0.0000000000
45123  -19.029  -40.174  62.986 0.0000000000
46128  -20.598  -39.194  63.092 0.0000000000
50298  -21.581  -37.609  63.336 0.0000000000
49305  -22.193  -38.140  63.632 0.0000000000
46181  -23.843  -40.253  60.527 0.0000000000
46192  -24.590  -40.518  59.658 0.0000000000
50339  -23.664  -36.452  60.251 0.0000000000
50325  -23.687  -36.730  61.442 0.0000000000
48318  -25.038  -38.265  61.350 0.0000000000
48330  -25.749  -38.580  60.039 0.0000000000
47253  -25.650  -39.402  59.606 0.0000000000
46193  -25.434  -40.309  59.128 0.0000000000
46194  -25.888  -40.054  58.479 0.0000000000
46206  -25.831  -40.312  58.148 0.0000000000
47270  -26.971  -39.740  57.321 0.0000000000
48352  -27.340  -39.229  57.186 0.0000000000
47271  -27.695  -39.639  56.914 0.0000000000
48339  -29.480  -38.162  57.970 0.0000000000
48354  -29.111  -38.863  57.440 0.0000000000
47273  -29.852  -39.380  57.153 0.0000000000
47261  -31.519  -38.868  57.930 0.0000000000
47288  -31.494  -39.506  56.795 0.0000000000
47289  -32.381  -39.443  56.816 0.0000000000
50369  -33.330  -37.214  57.409 0.0000000000
51379  -32.927  -37.143  57.398 0.0000000000
50360  -32.965  -37.370  57.697 0.0000000000
49385  -32.713  -37.735  58.113 0.0000000000
47263  -33.150  -38.744  57.990 0.0000000000
47277  -33.819  -39.085  57.398 0.0000000000
47290  -33.329  -39.450  56.476 0.0000000000
47304  -35.435  -39.093  55.674 0.0000000000
49401  -37.022  -37.852  56.574 0.0000000000
48359  -36.705  -38.096  56.642 0.0000000000
48367  -37.437  -38.087  56.405 0.0000000000
51464  -37.016  -35.380  53.780 0.0000000000
51447  -38.659  -35.723  54.578 0.0000000000
50396  -38.720  -36.421  55.634 0.0000000000
52539  -39.973  -34.854  54.313 0.0000000000
52526  -40.861  -34.873  54.842 0.0000000000
50398  -40.386  -36.354  55.227 0.0000000000
49427  -40.648  -37.136  55.127 0.0000000000
49428  -41.199  -36.533  54.785 0.0000000000
50429  -41.654  -36.218  53.778 0.0000000000
49451  -41.103  -37.023  53.551 0.0000000000
50444  -42.093  -35.397  52.521 0.0000000000
53671  -43.117  -32.757  51.921 0.0000000000
52575  -42.836  -33.398  52.538 0.0000000000
52605  -42.758  -33.933  51.227 0.0000000000
53703  -42.788  -33.108  50.395 0.0000000000
54750  -43.600  -31.544  50.916 0.0000000000
55783  -43.564  -31.580  50.512 0.0000000000
46117  -18.272  -39.502  64.175 0.0000000000
47199  -17.810  -39.236  64.501 0.0000000000
45111  -18.271  -40.208  63.657 0.0000000000
62950  -44.666  -24.726  52.122 0.0000000000
61914  -44.726  -25.079  51.532 0.0000000000
67138  -43.951  -20.645  50.303 0.0000000000
67120  -44.082  -20.953  51.073 0.0000000000
68292  -45.655  -19.555  50.505 0.0000000000
67122  -45.296  -20.070  50.968 0.0000000000
66024  -45.942  -21.351  51.423 0.0000000000
66036  -46.663  -21.262  50.900 0.0000000000
69460  -47.063  -18.964  49.055 0.0000000000
68314  -46.937  -19.419  49.493 0.0000000000
66044  -47.604  -21.382  49.491 0.0000000000
65013  -47.428  -22.087  49.827 0.0000000000
63985  -47.315  -22.658  49.314 0.0000000000
70523  -46.737  -17.519  43.136 0.0000000000
71582  -46.717  -16.997  42.473 0.0000000000
74566  -46.995  -12.453  39.894 0.0000000000
72576  -45.432  -15.405  39.510 0.0000000000
72564  -46.200  -15.276  40.616 0.0000000000
72563  -45.584  -16.015  40.276 0.0000000000
72544  -48.555  -15.284  42.691 0.0000000000
72532  -48.277  -15.809  43.395 0.0000000000
71560  -48.997  -16.704  44.868 0.0000000000
71573  -49.204  -16.265  43.896 0.0000000000
56809  -41.395  -30.367  55.082 0.0000000000
57888  -41.766  -29.523  54.868 0.0000000000
57887  -41.246  -29.456  54.769 0.0000000000
58961  -40.010  -28.239  54.200 0.0000000000
54680  -40.162  -31.840  54.072 0.0000000000
64981  -43.840  -23.575  52.765 0.0000000000
64993  -43.603  -22.576  52.241 0.0000000000
66006  -44.011  -22.029  51.830 0.0000000000
66022  -44.388  -21.611  51.559 0.0000000000
70479  -47.265  -17.664  46.480 0.0000000000
70465  -47.347  -17.870  47.040 0.0000000000
70481  -48.368  -17.962  46.834 0.0000000000
69506  -48.778  -18.255  46.845 0.0000000000
70482  -48.813  -18.048  46.569 0.0000000000
69517  -49.625  -18.268  45.503 0.0000000000
132663  -48.228  -11.598  39.749 0.0000000000
75564  -48.885  -11.977  39.665 0.0000000000
74575  -49.274  -12.893  39.597 0.0000000000
78649  -46.338  -9.235  35.846 0.0000000000
132668  -45.970  -9.545  36.431 0.0000000000
132667  -46.030  -9.738  37.442 0.0000000000
78619  -46.651  -9.046  37.590 0.0000000000
132683  -47.369  -8.992  38.055 0.0000000000
132680  -47.903  -10.210  37.793 0.0000000000
78663  -51.140  -10.302  34.645 0.0000000000
77595  -50.431  -10.516  35.649 0.0000000000
77596  -51.041  -10.722  35.058 0.0000000000
75616  -51.249  -11.526  34.684 0.0000000000
74623  -50.821  -12.868  34.107 0.0000000000
55769  -43.661  -31.162  51.180 0.0000000000
56856  -43.743  -30.517  51.499 0.0000000000
60829  -41.973  -26.634  54.262 0.0000000000
61887  -42.466  -25.797  53.821 0.0000000000
62923  -42.397  -25.175  53.528 0.0000000000
62933  -42.499  -24.852  53.419 0.0000000000
63950  -41.921  -24.578  52.576 0.0000000000
46118  -18.999  -39.324  63.856 0.0000000000
46140  -19.273  -39.796  63.374 0.0000000000
47212  -19.480  -39.017  63.748 0.0000000000
47213  -20.108  -38.928  63.520 0.0000000000
47214  -21.007  -38.738  63.226 0.0000000000
47239  -24.442  -39.094  61.485 0.0000000000
49355  -25.901  -37.334  60.249 0.0000000000
48331  -26.075  -38.588  59.009 0.0000000000
48356  -30.932  -38.665  57.990 0.0000000000
51391  -34.049  -37.035  56.788 0.0000000000
51405  -33.395  -36.878  56.366 0.0000000000
50361  -33.746  -37.460  57.604 0.0000000000
47278  -34.809  -38.634  57.300 0.0000000000
47293  -36.610  -38.530  56.342 0.0000000000
48368  -38.247  -37.923  56.207 0.0000000000
48384  -39.615  -37.948  54.538 0.0000000000
48385  -40.237  -37.664  54.711 0.0000000000
51466  -38.984  -35.317  53.933 0.0000000000
51448  -39.613  -35.476  54.566 0.0000000000
50414  -41.647  -35.999  54.534 0.0000000000
50430  -42.077  -35.532  53.296 0.0000000000
51480  -42.448  -34.814  52.838 0.0000000000
54683  -42.955  -32.400  53.312 0.0000000000
53642  -42.906  -32.956  52.952 0.0000000000
54731  -43.417  -32.203  51.536 0.0000000000
54714  -43.525  -31.750  51.745 0.0000000000
54732  -43.573  -31.652  51.341 0.0000000000
49324  -17.676  -37.717  62.904 0.0000000000
49300  -17.938  -37.962  64.306 0.0000000000
61915  -45.209  -24.462  51.333 0.0000000000
61924  -45.347  -24.500  50.833 0.0000000000
67155  -44.155  -20.342  49.437 0.0000000000
67139  -44.534  -19.943  50.000 0.0000000000
68290  -44.837  -19.739  50.366 0.0000000000
68338  -47.897  -19.567  48.616 0.0000000000
68315  -47.439  -19.832  49.176 0.0000000000
74559  -47.999  -12.726  40.718 0.0000000000
73568  -47.536  -13.467  41.048 0.0000000000
72558  -47.487  -15.122  41.856 0.0000000000
73544  -48.285  -14.650  42.201 0.0000000000
72534  -49.374  -15.903  43.143 0.0000000000
79649  -47.616  -8.743  35.349 0.0000000000
79627  -48.546  -8.772  36.298 0.0000000000
79650  -48.461  -8.619  34.994 0.0000000000
79642  -49.659  -8.655  35.552 0.0000000000
79652  -50.227  -9.133  34.826 0.0000000000
79661  -50.258  -9.581  34.088 0.0000000000
79653  -50.732  -9.705  34.766 0.0000000000
79654  -51.226  -10.093  34.259 0.0000000000
56824  -43.233  -30.471  53.504 0.0000000000
58952  -41.559  -28.717  54.729 0.0000000000
59891  -41.806  -28.257  54.649 0.0000000000
59898  -41.449  -27.406  54.448 0.0000000000
60836  -40.809  -26.493  53.486 0.0000000000
49314  -20.022  -37.601  63.295 0.0000000000
49303  -20.616  -37.999  63.563 0.0000000000
50296  -20.426  -37.711  63.393 0.0000000000
50306  -22.044  -37.435  63.046 0.0000000000
50307  -22.665  -37.485  62.730 0.0000000000
49327  -23.031  -37.515  62.681 0.0000000000
51406  -34.341  -36.864  56.179 0.0000000000
51392  -34.757  -37.090  56.539 0.0000000000
50372  -35.571  -37.403  56.775 0.0000000000
49411  -36.745  -37.268  56.447 0.0000000000
50382  -37.030  -36.898  56.235 0.0000000000
50384  -39.082  -36.791  55.796 0.0000000000
53621  -41.028  -33.850  54.882 0.0000000000
52541  -42.362  -34.095  54.343 0.0000000000
53630  -42.563  -33.367  54.146 0.0000000000
54682  -42.745  -32.697  53.863 0.0000000000
61899  -43.666  -25.627  52.981 0.0000000000
62943  -44.858  -24.151  52.173 0.0000000000
63960  -44.633  -23.624  52.370 0.0000000000
63974  -45.787  -23.365  50.985 0.0000000000
63968  -45.874  -22.852  51.168 0.0000000000
68355  -45.772  -18.803  47.985 0.0000000000
69472  -46.184  -18.454  48.407 0.0000000000
69473  -46.633  -18.437  48.507 0.0000000000
69474  -47.310  -18.694  48.371 0.0000000000
70456  -47.729  -18.570  47.928 0.0000000000
75558  -48.435  -12.221  40.218 0.0000000000
74552  -48.818  -13.193  41.334 0.0000000000
57914  -39.566  -29.228  53.035 0.0000000000
53653  -38.585  -34.101  52.229 0.0000000000
53654  -39.388  -33.212  52.298 0.0000000000
54696  -40.113  -32.421  53.282 0.0000000000
65011  -42.571  -22.116  50.486 0.0000000000
66034  -43.207  -21.789  50.737 0.0000000000
66050  -43.046  -21.552  49.600 0.0000000000
66051  -43.488  -20.989  49.231 0.0000000000
67166  -44.788  -20.156  47.336 0.0000000000
67167  -45.302  -19.467  47.694 0.0000000000
68378  -45.685  -19.032  47.043 0.0000000000
68379  -46.148  -18.533  46.611 0.0000000000
68401  -46.189  -18.576  45.541 0.0000000000
69516  -46.612  -17.945  45.195 0.0000000000
70502  -47.496  -17.000  44.959 0.0000000000
75598  -44.797  -11.692  35.698 0.0000000000
132654  -45.125  -12.014  36.779 0.0000000000
132666  -46.223  -10.017  38.230 0.0000000000
132674  -48.069  -10.970  39.328 0.0000000000
132662  -48.327  -12.962  38.570 0.0000000000
132672  -47.944  -11.521  37.656 0.0000000000
79628  -48.747  -8.788  36.514 0.0000000000
77584  -49.482  -10.113  36.271 0.0000000000
76601  -49.688  -10.646  36.233 0.0000000000
76616  -50.453  -10.941  35.940 0.0000000000
76615  -49.961  -11.301  36.000 0.0000000000
58994  -43.749  -29.035  51.684 0.0000000000
59914  -43.698  -27.678  52.521 0.0000000000
57898  -43.373  -29.354  53.304 0.0000000000
58965  -43.519  -28.488  53.167 0.0000000000
59901  -43.360  -27.608  53.462 0.0000000000
60837  -43.511  -26.742  53.210 0.0000000000
63942  -42.621  -24.659  53.370 0.0000000000
63952  -43.060  -24.162  53.243 0.0000000000
65002  -41.977  -22.620  50.858 0.0000000000
57906  -39.744  -29.026  53.831 0.0000000000
59905  -39.847  -27.581  53.456 0.0000000000
60835  -40.351  -26.964  53.537 0.0000000000
61895  -40.604  -26.400  52.912 0.0000000000
61907  -40.882  -26.009  52.563 0.0000000000
63949  -41.498  -25.027  52.374 0.0000000000
45137  -17.827  -41.159  62.216 0.0000000000
45151  -18.778  -40.866  61.454 0.0000000000
49292  -20.688  -38.204  64.178 0.0000000000
47203  -21.137  -38.183  63.546 0.0000000000
50317  -23.901  -36.894  61.871 0.0000000000
49341  -24.251  -37.668  61.984 0.0000000000
47240  -25.017  -38.749  61.057 0.0000000000
48324  -25.453  -38.409  60.781 0.0000000000
47247  -25.124  -39.206  60.560 0.0000000000
47260  -26.241  -39.822  57.903 0.0000000000
48338  -28.358  -38.153  57.609 0.0000000000
47287  -30.537  -39.628  56.651 0.0000000000
51404  -32.258  -36.815  56.426 0.0000000000
51389  -31.718  -36.860  57.077 0.0000000000
47262  -32.249  -38.820  58.025 0.0000000000
48343  -33.377  -38.205  58.197 0.0000000000
47280  -36.209  -38.285  56.808 0.0000000000
47294  -37.482  -38.502  56.082 0.0000000000
47306  -37.311  -38.751  55.720 0.0000000000
50385  -39.790  -36.729  55.559 0.0000000000
49426  -40.031  -37.550  55.292 0.0000000000
48393  -40.346  -37.526  53.878 0.0000000000
52558  -42.536  -34.326  53.815 0.0000000000
52574  -42.658  -34.215  53.113 0.0000000000
52590  -42.716  -34.084  52.264 0.0000000000
54765  -43.041  -32.439  50.219 0.0000000000
66035  -43.666  -21.318  50.882 0.0000000000
67101  -44.052  -21.207  51.222 0.0000000000
67121  -44.603  -20.236  50.816 0.0000000000
67103  -44.877  -20.899  51.179 0.0000000000
68313  -46.219  -19.275  49.950 0.0000000000
67141  -47.204  -20.448  49.733 0.0000000000
67124  -46.776  -20.618  50.425 0.0000000000
65012  -47.012  -22.130  50.572 0.0000000000
63984  -46.841  -23.145  49.708 0.0000000000
70513  -47.186  -17.096  44.126 0.0000000000
73587  -45.619  -13.859  38.492 0.0000000000
72603  -45.161  -14.308  37.853 0.0000000000
73577  -45.753  -14.458  39.213 0.0000000000
72590  -45.298  -14.807  38.526 0.0000000000
71601  -46.063  -16.429  40.927 0.0000000000
71594  -46.658  -16.565  41.876 0.0000000000
71595  -47.250  -15.810  42.163 0.0000000000
71583  -47.310  -16.392  42.935 0.0000000000
71571  -47.860  -16.448  44.109 0.0000000000
71559  -48.360  -16.521  44.966 0.0000000000
70503  -49.603  -17.421  44.908 0.0000000000
70504  -50.139  -17.295  44.092 0.0000000000
69527  -50.082  -18.153  44.637 0.0000000000
45152  -19.172  -40.656  61.924 0.0000000000
47200  -18.911  -38.967  64.046 0.0000000000
47246  -24.600  -39.431  60.876 0.0000000000
47296  -38.564  -38.173  55.961 0.0000000000
48283  -20.334  -38.464  64.008 0.0000000000
48284  -21.001  -38.247  63.942 0.0000000000
48360  -37.086  -38.041  56.579 0.0000000000
48405  -40.660  -37.269  53.204 0.0000000000
49329  -24.357  -37.183  61.779 0.0000000000
49450  -40.780  -37.359  53.872 0.0000000000
51390  -33.006  -36.995  57.043 0.0000000000
52606  -42.914  -33.338  51.348 0.0000000000
55798  -43.626  -31.336  50.375 0.0000000000
57885  -40.478  -29.553  54.466 0.0000000000
59890  -41.512  -28.043  54.607 0.0000000000
60826  -40.416  -27.086  53.853 0.0000000000
62922  -42.147  -25.409  53.611 0.0000000000
66007  -44.261  -22.228  51.991 0.0000000000
67142  -47.843  -20.659  49.021 0.0000000000
68311  -44.973  -19.437  49.896 0.0000000000
68444  -46.047  -18.941  43.819 0.0000000000
69459  -46.658  -18.806  49.137 0.0000000000
69492  -49.083  -19.054  47.006 0.0000000000
70455  -47.593  -18.413  47.803 0.0000000000
70501  -46.932  -17.444  44.754 0.0000000000
71547  -48.283  -16.865  45.474 0.0000000000
71558  -47.992  -16.735  45.196 0.0000000000
73543  -47.908  -14.824  42.084 0.0000000000
74568  -49.160  -12.486  40.042 0.0000000000
74569  -49.325  -12.990  39.832 0.0000000000
76617  -51.036  -10.995  35.310 0.0000000000
76626  -51.407  -11.186  34.632 0.0000000000
77585  -49.975  -10.294  35.944 0.0000000000
77594  -45.839  -9.768  35.696 0.0000000000
78621  -48.948  -9.067  36.967 0.0000000000
78623  -49.890  -9.147  36.248 0.0000000000
78637  -48.992  -9.346  36.620 0.0000000000
78638  -49.548  -9.564  36.337 0.0000000000
78640  -50.117  -9.772  35.638 0.0000000000
78652  -50.208  -10.169  35.633 0.0000000000
78653  -50.473  -10.077  35.377 0.0000000000
78661  -47.810  -8.961  34.680 0.0000000000
79616  -49.495  -8.840  36.574 0.0000000000
79617  -50.085  -9.098  36.546 0.0000000000
79618  -50.160  -9.372  35.896 0.0000000000
79629  -50.191  -8.890  36.332 0.0000000000
79631  -50.029  -9.533  35.752 0.0000000000
79639  -47.492  -8.791  35.756 0.0000000000
79641  -48.933  -8.427  35.860 0.0000000000
79643  -50.084  -9.028  35.533 0.0000000000
79663  -51.446  -10.020  33.784 0.0000000000
80583  -49.712  -8.701  36.365 0.0000000000
80584  -50.180  -8.659  36.307 0.0000000000
80596  -49.403  -8.552  36.287 0.0000000000
80597  -49.792  -8.542  36.110 0.0000000000
80598  -49.908  -8.764  35.866 0.0000000000
80608  -49.413  -8.413  35.974 0.0000000000
80609  -49.731  -8.599  35.856 0.0000000000
132684  -47.815  -9.774  38.235 0.0000000000
