#!ascii label  , from subject bert vox2ras=TkReg
1771
61866  -34.769  -24.562  57.343 0.0000000000
83452  -44.695  -4.618  39.352 0.0000000000
68395  -38.958  -19.274  45.362 0.0000000000
50461  -6.372  -36.861  51.408 0.0000000000
57861  -20.138  -27.921  57.421 0.0000000000
60832  -8.316  -25.788  53.712 0.0000000000
58888  -5.559  -28.350  60.129 0.0000000000
74564  -42.196  -13.392  39.810 0.0000000000
60891  -5.353  -26.371  45.412 0.0000000000
46185  -6.222  -40.555  59.344 0.0000000000
61911  -32.750  -25.797  52.084 0.0000000000
55719  -30.033  -30.109  54.256 0.0000000000
58910  -28.882  -26.953  58.345 0.0000000000
85507  -47.167  -2.192  36.658 0.0000000000
69561  -41.088  -18.970  40.081 0.0000000000
53634  -17.375  -31.842  53.573 0.0000000000
66025  -5.604  -21.205  51.329 0.0000000000
55742  -8.624  -31.744  52.544 0.0000000000
56895  -9.772  -31.368  47.766 0.0000000000
49491  -7.911  -37.560  47.187 0.0000000000
50293  -9.555  -35.664  63.099 0.0000000000
49293  -6.733  -36.460  63.350 0.0000000000
68308  -37.735  -17.499  48.627 0.0000000000
61825  -25.579  -24.312  60.450 0.0000000000
58958  -23.693  -26.722  54.390 0.0000000000
60814  -8.203  -26.445  57.625 0.0000000000
54658  -6.237  -33.581  55.472 0.0000000000
79593  -44.083  -8.919  39.353 0.0000000000
51348  -11.870  -33.789  61.101 0.0000000000
52493  -15.131  -31.895  57.339 0.0000000000
59932  -6.582  -27.521  49.707 0.0000000000
55838  -6.889  -30.856  44.697 0.0000000000
57806  -6.242  -29.885  62.708 0.0000000000
52453  -5.741  -34.521  59.695 0.0000000000
48370  -4.078  -38.423  54.815 0.0000000000
61874  -35.280  -23.882  56.177 0.0000000000
56806  -33.565  -28.156  54.993 0.0000000000
60834  -34.170  -26.047  54.410 0.0000000000
56782  -32.880  -28.646  56.466 0.0000000000
54694  -31.459  -30.710  53.027 0.0000000000
58902  -32.293  -26.766  58.435 0.0000000000
84451  -45.865  -3.269  38.789 0.0000000000
81554  -42.072  -6.846  37.543 0.0000000000
83479  -43.200  -3.948  36.819 0.0000000000
84496  -44.310  -2.938  35.636 0.0000000000
67216  -39.552  -20.153  42.900 0.0000000000
68414  -36.127  -18.158  44.624 0.0000000000
67212  -36.740  -18.394  42.824 0.0000000000
67260  -37.644  -18.928  40.751 0.0000000000
53658  -7.268  -34.193  51.664 0.0000000000
52610  -8.302  -34.362  49.419 0.0000000000
49481  -7.729  -37.461  49.416 0.0000000000
46387  -7.708  -40.495  47.185 0.0000000000
47368  -7.425  -39.938  49.948 0.0000000000
48314  -9.958  -37.562  60.923 0.0000000000
47221  -8.790  -38.214  61.687 0.0000000000
69430  -36.071  -17.209  51.147 0.0000000000
64989  -33.487  -21.797  53.398 0.0000000000
63970  -31.738  -23.425  51.293 0.0000000000
67119  -33.040  -20.011  51.290 0.0000000000
68328  -33.881  -18.677  48.893 0.0000000000
64881  -26.544  -22.574  61.638 0.0000000000
56802  -27.717  -27.865  54.864 0.0000000000
57873  -26.792  -26.929  55.764 0.0000000000
84520  -47.773  -2.953  32.315 0.0000000000
84535  -48.857  -3.792  30.481 0.0000000000
59854  -6.448  -27.957  59.422 0.0000000000
57869  -7.582  -30.195  57.674 0.0000000000
57858  -6.646  -30.769  58.558 0.0000000000
76576  -43.000  -11.789  39.132 0.0000000000
72586  -38.653  -15.609  39.303 0.0000000000
73597  -39.571  -13.770  38.611 0.0000000000
76590  -41.083  -11.265  37.984 0.0000000000
52425  -12.778  -32.896  64.512 0.0000000000
52445  -14.601  -32.718  62.317 0.0000000000
62926  -5.250  -24.225  53.388 0.0000000000
61909  -5.232  -24.215  52.244 0.0000000000
60849  -7.778  -26.392  51.493 0.0000000000
52671  -8.847  -34.882  44.951 0.0000000000
56925  -8.399  -31.190  46.014 0.0000000000
53775  -7.151  -33.680  43.532 0.0000000000
56736  -7.513  -31.064  64.332 0.0000000000
47233  -6.248  -39.111  61.341 0.0000000000
51338  -6.485  -35.691  61.833 0.0000000000
48325  -5.521  -37.908  59.188 0.0000000000
50374  -4.161  -36.751  57.328 0.0000000000
47266  -5.270  -39.549  57.151 0.0000000000
62929  -34.036  -24.169  54.035 0.0000000000
62850  -28.338  -23.666  60.974 0.0000000000
60777  -30.902  -25.308  59.886 0.0000000000
56778  -29.975  -28.686  56.236 0.0000000000
85522  -48.656  -1.507  35.695 0.0000000000
85551  -46.422  -2.335  33.489 0.0000000000
71611  -41.591  -16.826  39.680 0.0000000000
69571  -38.138  -18.091  39.409 0.0000000000
56829  -19.766  -28.952  53.760 0.0000000000
54654  -19.373  -30.254  56.075 0.0000000000
63986  -6.624  -23.042  48.809 0.0000000000
57890  -9.990  -29.122  53.914 0.0000000000
58985  -9.847  -28.608  51.461 0.0000000000
55770  -9.521  -31.677  49.748 0.0000000000
51546  -8.939  -35.219  47.474 0.0000000000
50518  -7.778  -36.857  45.394 0.0000000000
51320  -9.353  -34.078  65.405 0.0000000000
52415  -7.827  -34.054  65.405 0.0000000000
48272  -8.022  -36.619  63.560 0.0000000000
47219  -7.382  -38.851  62.448 0.0000000000
68352  -38.503  -18.324  47.105 0.0000000000
68349  -35.141  -17.966  47.619 0.0000000000
59849  -22.988  -25.827  59.128 0.0000000000
60789  -27.648  -25.191  59.531 0.0000000000
59859  -25.000  -25.407  57.706 0.0000000000
59884  -22.132  -26.863  55.584 0.0000000000
62913  -6.003  -23.566  54.990 0.0000000000
62895  -6.524  -23.572  56.859 0.0000000000
60819  -8.684  -26.086  55.715 0.0000000000
57878  -8.744  -29.581  55.973 0.0000000000
55727  -7.404  -32.788  53.650 0.0000000000
53643  -6.228  -34.743  53.032 0.0000000000
81537  -43.711  -6.881  39.897 0.0000000000
79606  -42.155  -9.026  38.370 0.0000000000
52417  -11.124  -33.291  65.123 0.0000000000
51340  -11.069  -34.292  62.429 0.0000000000
50338  -10.926  -35.854  59.505 0.0000000000
53601  -18.343  -31.038  57.572 0.0000000000
53581  -16.880  -31.230  59.243 0.0000000000
53566  -15.890  -32.028  61.011 0.0000000000
52464  -13.409  -33.098  58.937 0.0000000000
51382  -11.653  -34.975  57.014 0.0000000000
67086  -4.802  -20.925  52.129 0.0000000000
63969  -5.972  -23.349  51.503 0.0000000000
59945  -6.295  -26.537  48.150 0.0000000000
57945  -7.593  -29.576  49.482 0.0000000000
57993  -6.519  -29.771  47.138 0.0000000000
58010  -5.424  -28.904  45.717 0.0000000000
57814  -5.411  -29.685  61.597 0.0000000000
53555  -7.224  -33.280  62.783 0.0000000000
54639  -6.242  -32.161  61.102 0.0000000000
55669  -6.076  -31.664  60.310 0.0000000000
54649  -6.111  -33.399  58.042 0.0000000000
51434  -4.606  -35.853  54.899 0.0000000000
49452  -3.876  -37.411  52.468 0.0000000000
43244  -5.660  -43.368  57.614 0.0000000000
44182  -5.389  -42.534  55.297 0.0000000000
46324  -6.080  -40.904  51.573 0.0000000000
61869  -35.187  -24.220  56.714 0.0000000000
63901  -35.272  -23.197  57.799 0.0000000000
59879  -34.527  -26.553  56.008 0.0000000000
59888  -34.550  -26.077  55.621 0.0000000000
59862  -34.154  -26.484  57.174 0.0000000000
56793  -33.220  -28.748  55.830 0.0000000000
61860  -34.323  -24.816  57.857 0.0000000000
60803  -33.781  -25.847  58.054 0.0000000000
83466  -45.250  -3.745  38.893 0.0000000000
82509  -43.088  -5.667  38.456 0.0000000000
82519  -42.423  -5.669  37.322 0.0000000000
83464  -43.721  -4.800  38.448 0.0000000000
84465  -44.248  -3.423  37.425 0.0000000000
67204  -39.284  -20.026  43.632 0.0000000000
68419  -41.249  -19.613  44.060 0.0000000000
68396  -39.990  -19.615  45.270 0.0000000000
68436  -36.432  -18.371  43.704 0.0000000000
68437  -37.298  -18.725  43.625 0.0000000000
67214  -38.197  -19.108  42.802 0.0000000000
52593  -6.701  -35.278  51.432 0.0000000000
51512  -7.290  -35.849  50.560 0.0000000000
50475  -7.016  -36.733  50.786 0.0000000000
48433  -7.433  -38.445  49.826 0.0000000000
48420  -6.905  -38.836  50.386 0.0000000000
48326  -10.360  -38.284  59.081 0.0000000000
46161  -9.584  -39.161  60.054 0.0000000000
67083  -34.426  -20.056  53.337 0.0000000000
66018  -33.120  -20.836  52.482 0.0000000000
67100  -34.858  -18.999  52.678 0.0000000000
68276  -34.505  -18.798  51.819 0.0000000000
85564  -48.994  -2.793  32.975 0.0000000000
84521  -48.363  -3.092  32.182 0.0000000000
84523  -49.916  -2.945  31.618 0.0000000000
59843  -5.817  -27.813  59.835 0.0000000000
58915  -6.813  -29.112  58.837 0.0000000000
57837  -6.488  -29.559  59.363 0.0000000000
75562  -42.595  -12.433  39.467 0.0000000000
76565  -43.869  -11.687  40.414 0.0000000000
73573  -40.127  -15.169  39.760 0.0000000000
73584  -39.022  -14.976  39.081 0.0000000000
74572  -40.982  -13.036  39.181 0.0000000000
75566  -41.412  -12.066  38.831 0.0000000000
52433  -14.629  -32.475  64.273 0.0000000000
53550  -15.763  -31.907  63.934 0.0000000000
58907  -21.161  -26.871  59.336 0.0000000000
57850  -20.198  -28.013  58.350 0.0000000000
62985  -6.391  -24.453  46.292 0.0000000000
61881  -6.889  -24.454  53.824 0.0000000000
61902  -6.890  -25.278  52.530 0.0000000000
60840  -7.961  -25.918  52.322 0.0000000000
50540  -7.522  -35.892  44.427 0.0000000000
52691  -7.634  -34.293  43.847 0.0000000000
51603  -6.852  -35.588  43.737 0.0000000000
57798  -7.960  -30.426  64.767 0.0000000000
56731  -8.207  -31.347  65.417 0.0000000000
47242  -6.163  -39.370  60.501 0.0000000000
48320  -6.032  -38.461  60.668 0.0000000000
47248  -5.763  -38.887  58.956 0.0000000000
48332  -5.323  -38.109  58.301 0.0000000000
46195  -5.636  -40.481  57.895 0.0000000000
62920  -35.087  -23.748  55.234 0.0000000000
61893  -34.098  -25.213  54.216 0.0000000000
63947  -35.160  -22.833  54.896 0.0000000000
64974  -34.744  -21.890  54.452 0.0000000000
56770  -31.467  -28.604  57.097 0.0000000000
56762  -31.079  -28.220  57.680 0.0000000000
55690  -30.245  -29.237  55.657 0.0000000000
55700  -29.255  -29.279  54.357 0.0000000000
85521  -47.903  -1.890  35.717 0.0000000000
85505  -45.676  -2.448  36.099 0.0000000000
85535  -45.710  -2.240  34.466 0.0000000000
85520  -47.079  -2.153  35.655 0.0000000000
85537  -47.822  -2.103  34.712 0.0000000000
70538  -41.733  -17.924  39.913 0.0000000000
71599  -42.644  -16.963  40.569 0.0000000000
70533  -42.685  -17.804  41.273 0.0000000000
68480  -38.621  -19.898  40.380 0.0000000000
68492  -37.981  -19.094  39.559 0.0000000000
69572  -39.546  -18.879  39.261 0.0000000000
70549  -39.841  -17.750  39.268 0.0000000000
66046  -5.778  -20.502  49.862 0.0000000000
66047  -6.012  -21.015  49.329 0.0000000000
65014  -6.114  -21.442  50.364 0.0000000000
55730  -9.409  -30.773  53.145 0.0000000000
56849  -10.067  -30.215  51.574 0.0000000000
55757  -9.423  -31.457  51.218 0.0000000000
51527  -8.307  -35.779  49.002 0.0000000000
52622  -8.570  -34.139  48.823 0.0000000000
50491  -8.550  -35.729  47.756 0.0000000000
50519  -8.380  -36.237  45.915 0.0000000000
50504  -8.059  -36.960  46.461 0.0000000000
48466  -7.645  -38.573  46.667 0.0000000000
50284  -9.541  -34.505  64.496 0.0000000000
50283  -8.865  -34.859  64.614 0.0000000000
49285  -8.828  -36.012  63.373 0.0000000000
45116  -8.506  -39.925  61.389 0.0000000000
46120  -8.050  -38.738  62.360 0.0000000000
45114  -7.901  -40.236  61.993 0.0000000000
46148  -6.933  -40.386  62.283 0.0000000000
68332  -38.230  -17.689  47.826 0.0000000000
68306  -35.605  -17.559  49.000 0.0000000000
68348  -34.277  -18.443  48.045 0.0000000000
68330  -36.000  -17.674  48.182 0.0000000000
68350  -36.343  -17.821  47.320 0.0000000000
61824  -24.322  -24.381  60.774 0.0000000000
60773  -22.996  -25.140  60.787 0.0000000000
60786  -23.910  -25.390  59.739 0.0000000000
132586  -28.838  -25.264  60.176 0.0000000000
60758  -28.163  -24.873  60.221 0.0000000000
59839  -28.140  -25.812  58.944 0.0000000000
58947  -25.080  -26.810  54.882 0.0000000000
59870  -25.836  -25.906  56.870 0.0000000000
59886  -24.192  -26.522  55.358 0.0000000000
59877  -23.204  -26.352  56.082 0.0000000000
58945  -22.836  -26.928  54.972 0.0000000000
58956  -21.229  -27.191  54.205 0.0000000000
61862  -7.407  -25.600  58.316 0.0000000000
61867  -7.923  -25.535  57.802 0.0000000000
62908  -7.879  -24.700  56.703 0.0000000000
60817  -8.636  -26.267  56.744 0.0000000000
59874  -9.038  -27.706  56.023 0.0000000000
58927  -8.563  -27.821  56.814 0.0000000000
56795  -7.402  -31.822  56.914 0.0000000000
56811  -7.929  -31.565  55.986 0.0000000000
55711  -7.228  -33.002  54.730 0.0000000000
54685  -6.914  -33.567  53.419 0.0000000000
54670  -6.350  -33.929  54.247 0.0000000000
80558  -43.675  -8.048  39.391 0.0000000000
81522  -44.286  -6.963  40.577 0.0000000000
80541  -44.462  -8.035  40.471 0.0000000000
77563  -42.455  -10.631  38.202 0.0000000000
77571  -41.164  -10.619  37.739 0.0000000000
79607  -42.970  -8.970  38.547 0.0000000000
80573  -43.108  -8.110  38.983 0.0000000000
52403  -11.757  -32.596  66.550 0.0000000000
52437  -12.707  -33.151  62.502 0.0000000000
51337  -11.697  -33.406  63.374 0.0000000000
51344  -11.148  -34.460  61.596 0.0000000000
50320  -10.748  -35.160  61.138 0.0000000000
51353  -11.358  -34.955  59.849 0.0000000000
53618  -18.366  -31.248  55.078 0.0000000000
54650  -18.939  -30.712  56.768 0.0000000000
53617  -17.648  -31.541  55.297 0.0000000000
52506  -15.432  -31.980  56.268 0.0000000000
53599  -16.959  -31.572  56.744 0.0000000000
52481  -16.254  -31.496  57.979 0.0000000000
53573  -16.294  -31.730  60.153 0.0000000000
52467  -15.805  -31.892  59.637 0.0000000000
52457  -15.494  -32.390  60.499 0.0000000000
52478  -13.969  -32.626  58.176 0.0000000000
52489  -12.394  -34.215  56.420 0.0000000000
67070  -4.292  -20.742  52.960 0.0000000000
60855  -6.753  -26.119  50.710 0.0000000000
62952  -5.930  -24.086  51.604 0.0000000000
61916  -6.499  -24.998  50.627 0.0000000000
61925  -6.541  -25.052  49.434 0.0000000000
59939  -6.360  -26.909  48.819 0.0000000000
56869  -9.989  -30.580  49.381 0.0000000000
59015  -8.752  -29.075  50.165 0.0000000000
57963  -8.915  -29.957  48.730 0.0000000000
55840  -7.686  -31.004  44.947 0.0000000000
57994  -7.368  -30.688  47.234 0.0000000000
58012  -6.904  -30.356  46.306 0.0000000000
57992  -5.826  -29.113  46.549 0.0000000000
58024  -5.890  -29.540  45.119 0.0000000000
58038  -5.670  -29.097  44.455 0.0000000000
57808  -5.706  -29.714  62.185 0.0000000000
50287  -7.669  -35.262  64.160 0.0000000000
52422  -7.429  -33.951  63.909 0.0000000000
51334  -7.174  -35.277  62.924 0.0000000000
51346  -5.716  -35.269  60.127 0.0000000000
52441  -6.659  -34.071  61.138 0.0000000000
53565  -6.320  -33.143  60.696 0.0000000000
55666  -6.042  -31.420  60.896 0.0000000000
54644  -6.056  -32.668  59.879 0.0000000000
54646  -6.155  -33.016  59.098 0.0000000000
53588  -5.799  -34.033  58.526 0.0000000000
49417  -4.654  -37.742  55.865 0.0000000000
51412  -4.173  -35.917  56.094 0.0000000000
50400  -4.303  -36.551  54.539 0.0000000000
50431  -3.986  -36.374  53.040 0.0000000000
49442  -3.799  -37.457  53.487 0.0000000000
41427  -4.931  -44.826  56.809 0.0000000000
44174  -5.488  -42.577  56.118 0.0000000000
63931  -35.655  -22.879  55.741 0.0000000000
56833  -33.280  -28.657  53.679 0.0000000000
57912  -33.243  -28.237  53.261 0.0000000000
58960  -33.862  -27.217  54.551 0.0000000000
60825  -34.529  -25.612  55.187 0.0000000000
55692  -31.522  -29.266  55.421 0.0000000000
54657  -32.065  -29.376  54.872 0.0000000000
55706  -33.104  -29.092  54.742 0.0000000000
57847  -32.471  -27.698  57.710 0.0000000000
85494  -46.622  -2.401  37.255 0.0000000000
82528  -41.647  -5.546  36.009 0.0000000000
83483  -42.008  -4.577  35.069 0.0000000000
84505  -42.578  -3.910  34.229 0.0000000000
84480  -43.801  -3.428  36.617 0.0000000000
84481  -44.979  -2.791  36.673 0.0000000000
68469  -40.386  -19.757  41.310 0.0000000000
68457  -41.888  -19.184  42.107 0.0000000000
68440  -41.498  -19.467  43.083 0.0000000000
68399  -42.778  -19.032  44.304 0.0000000000
68412  -33.692  -18.850  44.851 0.0000000000
68434  -34.184  -18.722  43.737 0.0000000000
68453  -34.778  -18.643  42.771 0.0000000000
67224  -35.258  -18.432  41.928 0.0000000000
67258  -36.221  -18.439  40.557 0.0000000000
67226  -37.114  -18.318  42.012 0.0000000000
67228  -38.377  -19.359  42.080 0.0000000000
54717  -7.542  -33.171  51.520 0.0000000000
54718  -7.955  -32.821  51.115 0.0000000000
53689  -7.634  -34.216  50.455 0.0000000000
51513  -7.824  -35.613  49.819 0.0000000000
49482  -7.855  -37.414  48.313 0.0000000000
48449  -8.002  -38.393  47.567 0.0000000000
48434  -7.991  -38.402  48.739 0.0000000000
46376  -7.994  -40.705  48.225 0.0000000000
49320  -9.974  -36.397  62.004 0.0000000000
49307  -9.386  -36.568  62.517 0.0000000000
48307  -9.270  -37.789  61.620 0.0000000000
69453  -37.053  -17.268  49.411 0.0000000000
63964  -32.639  -23.125  53.020 0.0000000000
62953  -32.116  -24.650  51.568 0.0000000000
65000  -32.228  -22.128  52.054 0.0000000000
66017  -32.563  -21.106  51.881 0.0000000000
67136  -32.476  -20.213  50.423 0.0000000000
68304  -33.523  -19.120  50.202 0.0000000000
69439  -35.298  -17.608  50.166 0.0000000000
62848  -26.376  -23.577  61.109 0.0000000000
57864  -28.438  -27.560  56.246 0.0000000000
57851  -27.711  -26.827  56.973 0.0000000000
57883  -27.173  -27.342  54.930 0.0000000000
57893  -26.120  -27.153  53.965 0.0000000000
83501  -46.323  -3.910  30.657 0.0000000000
83502  -47.414  -3.895  30.593 0.0000000000
83520  -47.635  -4.415  28.893 0.0000000000
83521  -48.451  -4.294  28.605 0.0000000000
59856  -7.362  -27.146  58.469 0.0000000000
58934  -7.816  -29.632  57.571 0.0000000000
58916  -7.172  -28.577  58.524 0.0000000000
57859  -6.938  -30.384  58.315 0.0000000000
55687  -6.793  -32.348  57.216 0.0000000000
77564  -43.225  -10.574  38.757 0.0000000000
77534  -44.326  -10.704  40.346 0.0000000000
72616  -37.978  -14.813  38.116 0.0000000000
74593  -38.686  -13.378  37.500 0.0000000000
75585  -39.737  -11.953  37.410 0.0000000000
75572  -40.273  -11.984  37.998 0.0000000000
76582  -41.879  -11.463  38.245 0.0000000000
52413  -13.312  -32.658  66.596 0.0000000000
52420  -14.054  -32.432  65.804 0.0000000000
52432  -13.676  -32.733  63.942 0.0000000000
52444  -13.766  -33.038  61.947 0.0000000000
52531  -15.154  -32.661  54.657 0.0000000000
52504  -13.606  -33.227  56.090 0.0000000000
63943  -4.089  -23.859  53.621 0.0000000000
64966  -3.896  -22.838  53.115 0.0000000000
62936  -4.664  -24.275  52.931 0.0000000000
60838  -6.527  -25.428  51.979 0.0000000000
60856  -7.193  -26.691  50.725 0.0000000000
53744  -9.885  -33.565  46.105 0.0000000000
56909  -9.225  -31.408  46.806 0.0000000000
54804  -9.305  -32.509  45.026 0.0000000000
54823  -7.878  -32.437  43.827 0.0000000000
54822  -7.373  -32.220  43.668 0.0000000000
59781  -8.030  -28.688  63.613 0.0000000000
58814  -7.422  -29.764  63.810 0.0000000000
56741  -7.184  -30.793  63.584 0.0000000000
48297  -6.877  -37.281  62.755 0.0000000000
50300  -6.494  -36.116  62.412 0.0000000000
48305  -6.284  -37.351  61.524 0.0000000000
49343  -5.708  -36.896  60.247 0.0000000000
50329  -5.221  -36.047  59.648 0.0000000000
51358  -4.559  -35.653  58.694 0.0000000000
50349  -4.352  -36.528  58.501 0.0000000000
49402  -4.708  -37.563  56.918 0.0000000000
47281  -4.935  -39.752  56.145 0.0000000000
60850  -33.105  -26.346  52.378 0.0000000000
59911  -33.489  -27.022  53.580 0.0000000000
60842  -33.420  -26.218  52.977 0.0000000000
61904  -33.355  -25.527  53.014 0.0000000000
63956  -33.351  -23.138  53.831 0.0000000000
65990  -34.667  -21.042  54.059 0.0000000000
58884  -30.057  -26.311  59.159 0.0000000000
59825  -31.665  -26.095  59.084 0.0000000000
58900  -30.639  -26.721  58.788 0.0000000000
57842  -29.653  -27.611  57.751 0.0000000000
56803  -28.680  -28.724  54.749 0.0000000000
85559  -43.919  -3.341  32.369 0.0000000000
85562  -47.110  -2.672  32.569 0.0000000000
85553  -48.485  -2.425  33.848 0.0000000000
73575  -42.140  -14.633  39.907 0.0000000000
74557  -43.115  -13.677  40.308 0.0000000000
72574  -42.434  -15.337  40.017 0.0000000000
67275  -36.603  -18.488  40.136 0.0000000000
71608  -38.569  -17.139  39.545 0.0000000000
71628  -39.922  -16.016  39.686 0.0000000000
56800  -19.879  -28.591  55.829 0.0000000000
56788  -19.734  -28.650  56.904 0.0000000000
55715  -19.510  -29.736  54.478 0.0000000000
54672  -18.958  -30.971  53.894 0.0000000000
62976  -6.725  -24.097  47.782 0.0000000000
61943  -6.494  -24.995  47.061 0.0000000000
59892  -9.513  -27.434  54.220 0.0000000000
59908  -9.155  -27.223  52.297 0.0000000000
58974  -10.110  -28.364  52.199 0.0000000000
56857  -10.117  -30.220  50.420 0.0000000000
55786  -9.849  -31.496  48.953 0.0000000000
54751  -8.585  -32.750  49.561 0.0000000000
53706  -9.118  -33.187  48.451 0.0000000000
52639  -9.696  -33.605  47.319 0.0000000000
51586  -9.048  -35.354  45.924 0.0000000000
53530  -8.533  -33.110  65.736 0.0000000000
51318  -8.213  -34.281  65.701 0.0000000000
50281  -7.894  -35.112  64.900 0.0000000000
48270  -7.482  -36.328  63.797 0.0000000000
48289  -8.408  -37.349  62.743 0.0000000000
48287  -7.574  -37.261  63.257 0.0000000000
48298  -6.912  -37.648  63.040 0.0000000000
46132  -6.970  -39.083  62.058 0.0000000000
46159  -6.394  -40.043  61.151 0.0000000000
45156  -6.679  -41.240  59.852 0.0000000000
68374  -38.727  -18.892  46.299 0.0000000000
68375  -39.758  -19.270  46.243 0.0000000000
68353  -39.477  -18.725  47.090 0.0000000000
62962  -31.449  -24.623  50.381 0.0000000000
68390  -33.094  -19.130  45.983 0.0000000000
68393  -36.978  -18.159  45.479 0.0000000000
59835  -22.189  -26.296  59.667 0.0000000000
58918  -21.355  -26.733  58.389 0.0000000000
63859  -27.589  -23.161  61.219 0.0000000000
61815  -27.296  -23.995  60.795 0.0000000000
60764  -26.454  -24.606  59.995 0.0000000000
59861  -27.136  -26.123  58.033 0.0000000000
59850  -26.589  -25.570  58.437 0.0000000000
60800  -24.651  -25.087  59.136 0.0000000000
59858  -23.458  -25.718  58.116 0.0000000000
59857  -22.273  -26.279  57.820 0.0000000000
58928  -21.033  -27.098  56.875 0.0000000000
57891  -20.393  -27.855  54.955 0.0000000000
83529  -48.414  -4.164  27.686 0.0000000000
83539  -48.895  -3.676  27.066 0.0000000000
84563  -49.359  -2.758  26.315 0.0000000000
62918  -5.643  -23.773  54.227 0.0000000000
61876  -7.296  -24.511  54.807 0.0000000000
62906  -6.048  -23.606  55.801 0.0000000000
61871  -7.559  -24.607  55.749 0.0000000000
60822  -8.485  -25.806  54.736 0.0000000000
59882  -9.175  -27.245  55.419 0.0000000000
57889  -9.709  -29.237  54.685 0.0000000000
55714  -8.765  -31.068  54.322 0.0000000000
57870  -8.139  -30.063  57.110 0.0000000000
56812  -8.265  -31.223  55.435 0.0000000000
55728  -8.052  -31.912  53.618 0.0000000000
54700  -7.415  -33.224  52.489 0.0000000000
53657  -6.979  -34.388  52.114 0.0000000000
52592  -6.205  -35.352  51.956 0.0000000000
82499  -44.127  -5.371  39.448 0.0000000000
76598  -39.599  -11.365  37.147 0.0000000000
77570  -40.203  -10.644  37.403 0.0000000000
78633  -40.090  -9.358  37.289 0.0000000000
80571  -41.877  -8.253  38.242 0.0000000000
81545  -42.825  -7.081  38.901 0.0000000000
51321  -10.123  -33.664  65.510 0.0000000000
50291  -9.919  -34.380  64.037 0.0000000000
52418  -11.794  -33.093  65.030 0.0000000000
51336  -11.042  -33.858  63.296 0.0000000000
50302  -10.476  -34.928  62.570 0.0000000000
49345  -10.546  -36.525  60.016 0.0000000000
55679  -19.460  -29.335  57.332 0.0000000000
54647  -18.941  -30.284  58.031 0.0000000000
54645  -18.675  -30.330  59.378 0.0000000000
53609  -17.558  -31.519  56.249 0.0000000000
53591  -17.582  -31.133  58.374 0.0000000000
53583  -18.170  -30.752  60.011 0.0000000000
53575  -17.664  -31.051  60.738 0.0000000000
53568  -17.116  -31.348  61.508 0.0000000000
53557  -16.434  -31.631  63.216 0.0000000000
52451  -15.353  -32.437  61.640 0.0000000000
52450  -14.702  -32.886  61.284 0.0000000000
52454  -12.701  -33.526  59.611 0.0000000000
52490  -12.843  -33.301  56.663 0.0000000000
52463  -12.475  -33.655  58.579 0.0000000000
51360  -11.866  -34.272  59.255 0.0000000000
51359  -11.269  -35.192  58.943 0.0000000000
67105  -5.367  -20.677  51.402 0.0000000000
64982  -4.560  -22.857  52.455 0.0000000000
64997  -5.133  -22.801  52.167 0.0000000000
65008  -6.052  -22.480  51.323 0.0000000000
63977  -6.357  -23.179  50.165 0.0000000000
61933  -6.568  -25.023  48.217 0.0000000000
60875  -6.047  -26.740  46.942 0.0000000000
59917  -8.871  -27.436  51.584 0.0000000000
59925  -7.946  -27.836  50.680 0.0000000000
57929  -6.540  -29.092  50.251 0.0000000000
57977  -8.169  -30.409  48.041 0.0000000000
57961  -6.958  -30.023  48.945 0.0000000000
57959  -5.645  -29.413  49.541 0.0000000000
59030  -6.079  -28.735  48.188 0.0000000000
59038  -5.362  -28.054  46.352 0.0000000000
59959  -5.108  -27.388  45.568 0.0000000000
59075  -5.257  -28.171  44.431 0.0000000000
54618  -7.691  -32.268  64.901 0.0000000000
54628  -7.353  -32.579  63.607 0.0000000000
55656  -6.809  -31.348  62.744 0.0000000000
52436  -7.149  -34.141  62.400 0.0000000000
53554  -6.804  -33.037  62.116 0.0000000000
55660  -6.299  -31.331  62.096 0.0000000000
56753  -5.753  -30.539  61.252 0.0000000000
56755  -5.874  -30.693  60.674 0.0000000000
57828  -5.818  -29.950  60.353 0.0000000000
56764  -6.351  -31.242  59.287 0.0000000000
55686  -6.475  -32.603  57.692 0.0000000000
54652  -5.812  -33.698  56.781 0.0000000000
52488  -4.467  -34.988  57.613 0.0000000000
53607  -5.027  -34.469  56.520 0.0000000000
53615  -5.293  -34.353  55.700 0.0000000000
52544  -5.128  -35.219  53.957 0.0000000000
51481  -4.809  -35.964  52.764 0.0000000000
49469  -5.278  -37.301  51.931 0.0000000000
44144  -6.552  -42.246  59.270 0.0000000000
43245  -5.820  -43.355  58.087 0.0000000000
45181  -5.901  -41.500  58.278 0.0000000000
45180  -5.640  -41.532  57.522 0.0000000000
46221  -4.856  -40.799  55.929 0.0000000000
46240  -4.740  -40.924  54.859 0.0000000000
45230  -4.847  -41.560  54.320 0.0000000000
47310  -3.952  -40.016  54.106 0.0000000000
47322  -3.838  -39.201  52.543 0.0000000000
48407  -4.751  -38.701  51.549 0.0000000000
48418  -5.502  -38.826  51.321 0.0000000000
47367  -6.736  -39.630  50.534 0.0000000000
45294  -7.529  -41.587  49.863 0.0000000000
60816  -34.664  -25.256  56.914 0.0000000000
62893  -35.347  -23.738  57.253 0.0000000000
59871  -34.472  -26.099  56.638 0.0000000000
59872  -34.633  -25.559  56.514 0.0000000000
60815  -34.362  -25.859  57.192 0.0000000000
58933  -34.234  -27.074  56.505 0.0000000000
60812  -34.310  -25.385  57.567 0.0000000000
62885  -34.762  -24.025  57.793 0.0000000000
83453  -45.349  -4.147  39.483 0.0000000000
82510  -43.856  -5.008  38.803 0.0000000000
83465  -44.493  -4.218  38.688 0.0000000000
68417  -39.173  -19.626  44.433 0.0000000000
68394  -37.905  -18.874  45.449 0.0000000000
68415  -37.177  -18.523  44.555 0.0000000000
68416  -38.081  -19.211  44.388 0.0000000000
67203  -38.500  -19.560  43.621 0.0000000000
51511  -6.748  -35.992  51.102 0.0000000000
49471  -6.589  -37.655  50.985 0.0000000000
48432  -6.895  -38.226  50.522 0.0000000000
47250  -10.086  -39.057  59.010 0.0000000000
67099  -34.069  -19.823  52.815 0.0000000000
58905  -6.081  -28.904  59.781 0.0000000000
74565  -43.027  -12.939  39.784 0.0000000000
74563  -41.343  -13.906  39.734 0.0000000000
73586  -40.572  -13.899  39.457 0.0000000000
74573  -41.857  -12.488  39.360 0.0000000000
53547  -16.201  -31.352  64.888 0.0000000000
53546  -15.707  -32.104  64.891 0.0000000000
58906  -20.668  -27.321  58.688 0.0000000000
61955  -6.024  -25.374  45.804 0.0000000000
62996  -5.939  -24.938  45.432 0.0000000000
61892  -7.613  -25.162  53.266 0.0000000000
61903  -7.354  -25.308  52.771 0.0000000000
51604  -7.307  -35.227  43.941 0.0000000000
56732  -8.711  -31.365  65.745 0.0000000000
47249  -6.077  -39.604  59.619 0.0000000000
46184  -5.923  -39.930  58.735 0.0000000000
46196  -5.947  -40.814  58.662 0.0000000000
63938  -35.296  -23.135  55.157 0.0000000000
62930  -34.567  -24.131  54.686 0.0000000000
63948  -35.544  -21.977  54.939 0.0000000000
55691  -30.872  -29.356  55.375 0.0000000000
55681  -30.729  -28.909  56.222 0.0000000000
55702  -30.355  -29.716  54.845 0.0000000000
85506  -46.187  -2.409  36.651 0.0000000000
85519  -46.168  -2.259  35.510 0.0000000000
70539  -42.285  -17.868  40.481 0.0000000000
69554  -42.111  -18.519  40.980 0.0000000000
68481  -39.924  -19.574  40.287 0.0000000000
68493  -39.056  -19.573  39.704 0.0000000000
69560  -40.225  -19.239  39.821 0.0000000000
69573  -40.413  -18.434  39.333 0.0000000000
68279  -5.417  -19.569  50.668 0.0000000000
67125  -5.632  -20.241  50.425 0.0000000000
66038  -5.912  -20.986  50.371 0.0000000000
65007  -6.032  -21.608  51.053 0.0000000000
55743  -9.312  -31.032  52.530 0.0000000000
55756  -8.365  -32.323  51.701 0.0000000000
50490  -8.153  -36.369  47.915 0.0000000000
49502  -7.566  -37.817  46.313 0.0000000000
50290  -9.350  -35.271  63.667 0.0000000000
45115  -8.352  -40.068  61.637 0.0000000000
68309  -38.712  -17.607  48.444 0.0000000000
60858  -32.468  -26.578  51.413 0.0000000000
68331  -37.141  -17.617  47.976 0.0000000000
61813  -24.603  -23.851  61.082 0.0000000000
60775  -24.680  -24.949  60.145 0.0000000000
58882  -29.162  -26.358  59.273 0.0000000000
132591  -28.957  -25.921  59.772 0.0000000000
58896  -28.500  -26.385  58.657 0.0000000000
58959  -24.758  -26.677  54.481 0.0000000000
58939  -25.061  -26.560  55.362 0.0000000000
58946  -23.964  -26.852  54.953 0.0000000000
58957  -22.526  -26.908  54.287 0.0000000000
58968  -22.206  -26.814  53.431 0.0000000000
60813  -7.627  -26.502  58.223 0.0000000000
61868  -8.346  -25.433  57.143 0.0000000000
58926  -8.136  -28.247  57.280 0.0000000000
55697  -7.099  -32.633  56.158 0.0000000000
54659  -6.857  -33.239  55.200 0.0000000000
54671  -6.762  -33.422  54.480 0.0000000000
80559  -44.126  -7.976  39.938 0.0000000000
79594  -44.508  -8.599  39.954 0.0000000000
78610  -43.090  -9.843  38.508 0.0000000000
79592  -43.506  -9.246  38.835 0.0000000000
79608  -43.510  -8.685  38.980 0.0000000000
52443  -12.849  -33.377  61.551 0.0000000000
51345  -11.753  -33.579  62.029 0.0000000000
51347  -11.263  -34.652  60.714 0.0000000000
51354  -11.919  -34.027  60.181 0.0000000000
53626  -17.850  -31.514  54.343 0.0000000000
53625  -17.214  -31.772  54.370 0.0000000000
52494  -16.104  -31.564  57.236 0.0000000000
52480  -15.684  -31.625  58.424 0.0000000000
52479  -14.753  -32.126  58.381 0.0000000000
52492  -14.438  -32.337  57.461 0.0000000000
60864  -6.559  -26.110  49.656 0.0000000000
56882  -9.963  -31.019  48.444 0.0000000000
57964  -9.626  -30.397  48.699 0.0000000000
57979  -9.706  -30.826  48.024 0.0000000000
55839  -7.147  -30.948  44.795 0.0000000000
56923  -7.250  -30.697  45.624 0.0000000000
56922  -6.680  -30.389  45.212 0.0000000000
55856  -6.723  -30.720  44.627 0.0000000000
56936  -6.376  -30.273  44.437 0.0000000000
58840  -6.393  -29.448  63.030 0.0000000000
49280  -6.786  -36.072  63.627 0.0000000000
51330  -7.524  -34.889  63.759 0.0000000000
50286  -7.282  -35.840  63.538 0.0000000000
52447  -6.194  -34.282  60.338 0.0000000000
53571  -6.065  -33.412  60.063 0.0000000000
53579  -5.964  -33.711  59.423 0.0000000000
52462  -5.591  -34.593  58.976 0.0000000000
49416  -4.431  -38.046  55.135 0.0000000000
49430  -4.557  -37.551  55.179 0.0000000000
49429  -4.147  -37.494  54.548 0.0000000000
48378  -3.769  -38.596  54.017 0.0000000000
41428  -4.959  -45.414  56.299 0.0000000000
62917  -35.692  -23.043  56.030 0.0000000000
56821  -33.432  -28.163  54.298 0.0000000000
58949  -34.277  -27.259  55.120 0.0000000000
61873  -34.978  -24.459  56.083 0.0000000000
60821  -34.687  -25.234  55.810 0.0000000000
61879  -35.133  -24.052  55.871 0.0000000000
62915  -35.131  -23.886  55.492 0.0000000000
56781  -32.267  -28.751  56.568 0.0000000000
55693  -32.089  -29.258  55.363 0.0000000000
55684  -32.435  -29.045  55.972 0.0000000000
56794  -33.706  -28.252  55.761 0.0000000000
56805  -33.317  -28.695  55.190 0.0000000000
55721  -33.043  -29.220  54.070 0.0000000000
58922  -33.186  -27.489  57.319 0.0000000000
58913  -32.905  -27.058  57.835 0.0000000000
57856  -32.884  -27.963  57.203 0.0000000000
84467  -45.958  -2.696  37.865 0.0000000000
84468  -46.355  -2.708  38.364 0.0000000000
80581  -41.405  -7.852  37.610 0.0000000000
80595  -40.982  -7.452  36.965 0.0000000000
81553  -41.477  -7.048  37.093 0.0000000000
83474  -42.788  -4.881  37.394 0.0000000000
83478  -42.601  -4.507  36.544 0.0000000000
82533  -41.587  -5.121  35.203 0.0000000000
84494  -42.864  -3.888  35.343 0.0000000000
84466  -44.891  -3.130  37.888 0.0000000000
84482  -45.524  -2.703  37.301 0.0000000000
68455  -39.996  -20.007  42.152 0.0000000000
68456  -40.920  -19.635  42.198 0.0000000000
68439  -40.493  -19.932  43.168 0.0000000000
68397  -41.013  -19.548  45.068 0.0000000000
68398  -42.107  -19.305  44.911 0.0000000000
68413  -34.925  -18.366  44.717 0.0000000000
68435  -35.375  -18.417  43.726 0.0000000000
68454  -35.797  -18.396  42.819 0.0000000000
67225  -36.210  -18.254  41.982 0.0000000000
67215  -38.648  -19.911  42.861 0.0000000000
67229  -38.999  -20.111  42.079 0.0000000000
68468  -39.433  -20.039  41.225 0.0000000000
54716  -7.407  -33.686  51.713 0.0000000000
54733  -7.462  -33.518  51.053 0.0000000000
53674  -7.326  -34.183  51.048 0.0000000000
50476  -7.565  -36.597  50.035 0.0000000000
50477  -7.954  -36.523  49.101 0.0000000000
47381  -7.269  -39.255  50.008 0.0000000000
47382  -7.837  -39.533  49.193 0.0000000000
46359  -7.817  -40.748  49.370 0.0000000000
49331  -10.109  -36.741  61.404 0.0000000000
48308  -9.687  -37.384  61.582 0.0000000000
69440  -36.175  -17.252  50.268 0.0000000000
65001  -32.834  -21.955  52.783 0.0000000000
67098  -33.433  -19.995  52.180 0.0000000000
66033  -32.732  -20.665  51.723 0.0000000000
66032  -32.305  -20.938  51.209 0.0000000000
67118  -32.596  -20.368  50.967 0.0000000000
67137  -32.961  -19.715  50.524 0.0000000000
68288  -33.856  -19.163  51.191 0.0000000000
69429  -35.274  -17.793  51.094 0.0000000000
68289  -34.507  -18.409  50.700 0.0000000000
63848  -25.616  -22.789  61.666 0.0000000000
62840  -26.286  -23.195  61.439 0.0000000000
57874  -27.523  -27.364  55.482 0.0000000000
56817  -27.001  -27.556  54.206 0.0000000000
85571  -46.341  -2.879  31.765 0.0000000000
84530  -47.261  -3.217  31.505 0.0000000000
84531  -48.438  -3.583  31.220 0.0000000000
83503  -48.179  -3.933  30.352 0.0000000000
83508  -47.534  -4.272  29.788 0.0000000000
83509  -48.506  -4.104  29.626 0.0000000000
59855  -7.124  -27.788  58.812 0.0000000000
59863  -7.329  -28.285  58.362 0.0000000000
57849  -6.646  -30.120  58.981 0.0000000000
56785  -7.071  -31.541  57.568 0.0000000000
56774  -6.743  -31.171  58.124 0.0000000000
76584  -43.297  -11.159  39.071 0.0000000000
77549  -43.925  -10.641  39.438 0.0000000000
76577  -43.571  -11.443  39.584 0.0000000000
71642  -37.798  -15.655  38.929 0.0000000000
73596  -38.886  -14.372  38.510 0.0000000000
74579  -39.196  -13.547  38.045 0.0000000000
75571  -39.491  -12.716  37.651 0.0000000000
74580  -40.012  -12.973  38.404 0.0000000000
75567  -42.231  -11.873  38.955 0.0000000000
76583  -42.705  -11.279  38.651 0.0000000000
53539  -14.543  -32.261  65.844 0.0000000000
52439  -14.558  -32.564  63.320 0.0000000000
52438  -13.653  -32.852  62.947 0.0000000000
52518  -14.927  -32.647  55.444 0.0000000000
52530  -14.502  -33.173  54.652 0.0000000000
63944  -4.507  -24.250  53.686 0.0000000000
62925  -4.509  -24.278  53.422 0.0000000000
60839  -6.871  -25.626  52.033 0.0000000000
61901  -6.202  -25.028  52.204 0.0000000000
60847  -6.604  -25.514  51.664 0.0000000000
60848  -7.272  -26.270  51.349 0.0000000000
52672  -9.305  -34.634  45.553 0.0000000000
53743  -9.418  -33.350  45.086 0.0000000000
53762  -8.828  -33.940  44.626 0.0000000000
53761  -8.154  -33.539  43.980 0.0000000000
53760  -7.463  -33.196  43.625 0.0000000000
58815  -7.786  -29.865  64.165 0.0000000000
57797  -7.449  -30.352  64.097 0.0000000000
57803  -7.088  -30.207  63.572 0.0000000000
48306  -6.764  -37.682  61.967 0.0000000000
48313  -6.359  -38.168  61.349 0.0000000000
48319  -5.730  -37.760  60.044 0.0000000000
49356  -5.372  -37.006  59.402 0.0000000000
50337  -4.854  -36.421  58.877 0.0000000000
49369  -4.924  -37.112  58.528 0.0000000000
47255  -5.530  -39.230  58.079 0.0000000000
48347  -5.158  -38.372  57.449 0.0000000000
48361  -4.963  -38.629  56.468 0.0000000000
59919  -32.917  -27.127  52.048 0.0000000000
59904  -33.832  -26.729  54.236 0.0000000000
58979  -33.414  -27.453  53.547 0.0000000000
61905  -33.708  -25.511  53.681 0.0000000000
62939  -33.692  -24.993  53.720 0.0000000000
62938  -33.242  -24.277  53.509 0.0000000000
62928  -33.655  -23.786  53.895 0.0000000000
54693  -30.794  -31.385  53.213 0.0000000000
61827  -30.181  -24.945  60.281 0.0000000000
59811  -30.017  -25.437  60.020 0.0000000000
59812  -30.295  -25.419  59.991 0.0000000000
61849  -32.226  -25.308  58.964 0.0000000000
59840  -31.977  -26.473  58.717 0.0000000000
56761  -30.545  -28.142  57.553 0.0000000000
57844  -30.624  -27.724  58.078 0.0000000000
56760  -30.056  -27.973  57.468 0.0000000000
57833  -30.122  -27.244  58.400 0.0000000000
56767  -29.684  -27.944  57.063 0.0000000000
56777  -29.165  -27.980  56.337 0.0000000000
56791  -29.432  -28.810  55.508 0.0000000000
56819  -28.658  -29.116  54.004 0.0000000000
85538  -48.699  -2.072  34.786 0.0000000000
84507  -43.911  -3.060  35.002 0.0000000000
84506  -43.395  -3.300  34.402 0.0000000000
85534  -44.375  -2.687  34.414 0.0000000000
85550  -45.135  -2.514  33.307 0.0000000000
85561  -45.849  -2.585  32.408 0.0000000000
72573  -41.677  -15.605  39.741 0.0000000000
71612  -42.343  -16.146  39.978 0.0000000000
72556  -43.369  -16.422  41.414 0.0000000000
73556  -43.615  -15.382  41.562 0.0000000000
68458  -42.299  -18.806  42.530 0.0000000000
69547  -42.471  -18.434  42.037 0.0000000000
67259  -37.032  -18.520  40.641 0.0000000000
69570  -37.771  -17.591  39.462 0.0000000000
70547  -38.177  -17.372  39.504 0.0000000000
71610  -40.172  -16.771  39.496 0.0000000000
72572  -40.464  -15.784  39.744 0.0000000000
54688  -19.234  -30.595  53.585 0.0000000000
67144  -5.838  -20.398  48.586 0.0000000000
65022  -6.446  -22.001  48.525 0.0000000000
59893  -9.850  -28.027  53.926 0.0000000000
59903  -9.824  -27.834  53.432 0.0000000000
57899  -10.162  -29.022  53.190 0.0000000000
55758  -10.002  -30.718  50.820 0.0000000000
55771  -9.947  -31.009  50.082 0.0000000000
55785  -9.581  -31.862  49.126 0.0000000000
53676  -7.763  -33.360  50.166 0.0000000000
54735  -8.092  -32.798  50.215 0.0000000000
53691  -8.225  -33.454  49.469 0.0000000000
52637  -8.822  -34.490  48.198 0.0000000000
52623  -8.842  -33.884  48.388 0.0000000000
52638  -9.298  -34.043  47.655 0.0000000000
53719  -9.376  -33.277  47.954 0.0000000000
52652  -9.526  -34.635  46.730 0.0000000000
51547  -9.275  -34.863  47.181 0.0000000000
47398  -8.037  -38.950  47.241 0.0000000000
48467  -7.775  -38.867  46.852 0.0000000000
47411  -7.759  -39.380  46.856 0.0000000000
53531  -9.187  -33.179  65.990 0.0000000000
51319  -8.736  -33.987  65.666 0.0000000000
49279  -8.260  -35.259  64.396 0.0000000000
50282  -8.192  -34.819  65.003 0.0000000000
49283  -8.003  -35.830  64.067 0.0000000000
49282  -7.727  -35.544  64.201 0.0000000000
48271  -8.233  -36.647  63.923 0.0000000000
48290  -8.912  -37.107  62.485 0.0000000000
47207  -8.434  -38.061  62.202 0.0000000000
46134  -7.642  -39.270  62.357 0.0000000000
46119  -7.986  -38.481  62.795 0.0000000000
47205  -7.624  -38.195  62.663 0.0000000000
47204  -7.346  -37.649  62.930 0.0000000000
47218  -7.410  -38.366  62.497 0.0000000000
47217  -7.220  -38.046  62.359 0.0000000000
46133  -7.216  -39.518  62.380 0.0000000000
45144  -6.796  -41.573  61.390 0.0000000000
45127  -6.671  -40.697  61.728 0.0000000000
45143  -6.717  -40.879  60.852 0.0000000000
69485  -33.742  -18.712  47.816 0.0000000000
68370  -33.945  -18.454  47.081 0.0000000000
68351  -37.494  -17.920  47.150 0.0000000000
68372  -36.663  -17.943  46.408 0.0000000000
68373  -37.729  -18.413  46.342 0.0000000000
59836  -23.067  -25.803  59.772 0.0000000000
59819  -22.308  -25.907  60.533 0.0000000000
59848  -22.205  -26.257  58.785 0.0000000000
61826  -26.879  -24.504  60.155 0.0000000000
60776  -26.373  -24.737  59.756 0.0000000000
57863  -27.437  -26.913  56.440 0.0000000000
58920  -27.412  -26.537  57.305 0.0000000000
58932  -27.060  -26.601  56.751 0.0000000000
59860  -26.368  -25.849  57.684 0.0000000000
60810  -25.483  -25.194  58.388 0.0000000000
60801  -25.858  -24.982  58.961 0.0000000000
60809  -24.276  -25.348  58.616 0.0000000000
59876  -22.308  -26.657  56.093 0.0000000000
59868  -23.288  -26.050  56.962 0.0000000000
59867  -22.136  -26.483  56.853 0.0000000000
59875  -21.595  -26.941  56.133 0.0000000000
58938  -20.999  -27.264  56.026 0.0000000000
58944  -21.473  -27.151  55.184 0.0000000000
58967  -20.963  -27.128  53.259 0.0000000000
57909  -20.150  -27.989  52.988 0.0000000000
83510  -49.137  -4.065  29.135 0.0000000000
83522  -49.141  -4.051  28.327 0.0000000000
84557  -49.399  -3.404  27.089 0.0000000000
84558  -50.206  -2.677  27.026 0.0000000000
63925  -4.980  -23.446  55.113 0.0000000000
61875  -6.503  -23.998  54.533 0.0000000000
62896  -7.483  -24.566  57.535 0.0000000000
61872  -8.303  -25.279  56.197 0.0000000000
61877  -8.116  -25.132  55.215 0.0000000000
60820  -8.856  -26.457  55.196 0.0000000000
60823  -8.896  -26.505  54.452 0.0000000000
58942  -9.106  -28.974  55.830 0.0000000000
58943  -9.453  -28.374  55.349 0.0000000000
57879  -9.264  -29.431  55.378 0.0000000000
56814  -9.370  -30.147  54.708 0.0000000000
56799  -8.936  -30.115  55.394 0.0000000000
58935  -8.141  -29.168  57.225 0.0000000000
56787  -7.886  -30.773  57.186 0.0000000000
55712  -7.865  -32.190  55.045 0.0000000000
55713  -8.425  -31.416  54.479 0.0000000000
55740  -7.452  -32.924  52.958 0.0000000000
53633  -6.535  -34.241  53.369 0.0000000000
53644  -6.755  -34.266  52.808 0.0000000000
53656  -6.435  -34.807  52.380 0.0000000000
52577  -5.841  -35.352  52.582 0.0000000000
82490  -44.339  -6.011  40.214 0.0000000000
68376  -40.905  -19.354  46.093 0.0000000000
76589  -40.345  -11.303  37.573 0.0000000000
78618  -41.682  -9.847  37.982 0.0000000000
78617  -40.740  -9.799  37.667 0.0000000000
78616  -39.908  -10.008  37.265 0.0000000000
79615  -41.376  -8.952  38.079 0.0000000000
79614  -40.687  -8.775  37.543 0.0000000000
81536  -43.250  -7.366  39.377 0.0000000000
82498  -43.315  -6.425  39.297 0.0000000000
52410  -10.505  -33.109  65.960 0.0000000000
51322  -10.566  -33.410  65.533 0.0000000000
51328  -10.531  -33.713  64.891 0.0000000000
52419  -13.015  -32.699  65.489 0.0000000000
50295  -10.530  -34.579  62.971 0.0000000000
50310  -10.210  -35.656  62.158 0.0000000000
50311  -10.549  -35.222  61.866 0.0000000000
50330  -10.858  -35.539  60.378 0.0000000000
48322  -10.491  -37.069  59.496 0.0000000000
49357  -10.675  -36.678  59.147 0.0000000000
55688  -19.558  -29.453  56.428 0.0000000000
55673  -19.119  -29.902  58.997 0.0000000000
53608  -17.022  -31.628  55.752 0.0000000000
53590  -16.791  -31.453  57.996 0.0000000000
53592  -18.167  -30.686  58.794 0.0000000000
53582  -17.558  -30.977  59.592 0.0000000000
53567  -16.457  -31.677  61.239 0.0000000000
53562  -16.490  -31.655  62.264 0.0000000000
53561  -15.876  -31.992  61.986 0.0000000000
52465  -14.325  -32.713  59.225 0.0000000000
52456  -14.669  -32.947  60.225 0.0000000000
52455  -13.696  -33.164  59.953 0.0000000000
52449  -13.832  -33.214  60.951 0.0000000000
52491  -13.701  -32.707  57.054 0.0000000000
52476  -12.305  -33.904  57.432 0.0000000000
51371  -11.714  -34.516  58.213 0.0000000000
51370  -11.201  -35.447  57.983 0.0000000000
68251  -4.876  -20.219  52.145 0.0000000000
68265  -5.310  -20.084  51.461 0.0000000000
66009  -5.013  -21.867  52.100 0.0000000000
63954  -4.324  -23.701  52.681 0.0000000000
63961  -4.652  -23.823  52.445 0.0000000000
63962  -5.043  -23.574  52.288 0.0000000000
66026  -5.436  -22.065  51.857 0.0000000000
62960  -6.377  -24.119  50.406 0.0000000000
60870  -6.434  -25.940  48.613 0.0000000000
60876  -6.374  -26.038  47.409 0.0000000000
59918  -9.576  -27.838  51.854 0.0000000000
58984  -9.212  -28.203  51.228 0.0000000000
57946  -8.497  -29.507  49.481 0.0000000000
58999  -8.231  -28.509  50.446 0.0000000000
59014  -7.966  -29.131  50.017 0.0000000000
58998  -7.349  -28.653  50.297 0.0000000000
59013  -7.419  -29.308  49.975 0.0000000000
56926  -8.910  -31.394  46.218 0.0000000000
57996  -8.970  -30.980  47.260 0.0000000000
56908  -8.614  -31.162  46.728 0.0000000000
57976  -7.159  -30.223  48.094 0.0000000000
57960  -6.049  -30.058  49.188 0.0000000000
57975  -6.298  -29.787  48.229 0.0000000000
59031  -6.177  -29.183  47.521 0.0000000000
59039  -5.717  -28.446  47.050 0.0000000000
59951  -5.252  -27.743  46.048 0.0000000000
59064  -4.953  -28.181  45.270 0.0000000000
59966  -4.753  -27.524  44.886 0.0000000000
58023  -5.272  -28.753  44.954 0.0000000000
58873  -5.022  -28.820  61.240 0.0000000000
53538  -7.903  -33.196  65.327 0.0000000000
54619  -8.116  -32.528  65.438 0.0000000000
53544  -7.624  -33.554  64.980 0.0000000000
53549  -7.390  -33.373  63.531 0.0000000000
53543  -7.469  -33.304  64.309 0.0000000000
55657  -7.174  -32.078  63.023 0.0000000000
54633  -7.273  -32.711  63.058 0.0000000000
50299  -6.375  -36.065  62.030 0.0000000000
51339  -6.871  -35.155  62.176 0.0000000000
51343  -6.729  -34.966  61.553 0.0000000000
53560  -6.532  -32.970  61.418 0.0000000000
52435  -6.837  -33.670  61.783 0.0000000000
54636  -6.385  -32.143  61.781 0.0000000000
56751  -5.854  -30.500  61.818 0.0000000000
55663  -6.054  -31.314  61.479 0.0000000000
56757  -6.107  -30.931  60.039 0.0000000000
57836  -6.264  -30.112  59.671 0.0000000000
55678  -6.400  -32.286  58.738 0.0000000000
51380  -3.843  -35.956  57.925 0.0000000000
52474  -4.416  -35.256  58.254 0.0000000000
51393  -3.858  -35.967  57.353 0.0000000000
52515  -4.585  -35.061  55.928 0.0000000000
52529  -4.955  -35.032  54.917 0.0000000000
53624  -5.640  -34.441  54.673 0.0000000000
51453  -4.779  -35.492  54.380 0.0000000000
51469  -4.514  -35.789  53.251 0.0000000000
50445  -4.534  -36.674  52.354 0.0000000000
50459  -5.179  -36.811  52.164 0.0000000000
49459  -4.647  -37.561  51.891 0.0000000000
43237  -6.333  -43.154  58.795 0.0000000000
42337  -5.440  -43.943  57.582 0.0000000000
42338  -5.470  -44.468  57.908 0.0000000000
44159  -5.877  -42.275  57.996 0.0000000000
44158  -5.771  -42.593  57.442 0.0000000000
45194  -5.384  -41.738  56.621 0.0000000000
45206  -5.100  -41.712  55.650 0.0000000000
46261  -4.460  -40.975  54.052 0.0000000000
46283  -4.368  -40.784  53.422 0.0000000000
47323  -3.957  -40.015  53.017 0.0000000000
46302  -4.540  -40.637  52.760 0.0000000000
47350  -4.865  -39.742  51.815 0.0000000000
47351  -5.489  -39.908  51.609 0.0000000000
47365  -5.275  -39.345  51.495 0.0000000000
47366  -5.939  -39.592  51.228 0.0000000000
61870  -35.426  -23.706  56.466 0.0000000000
62904  -35.609  -23.332  56.724 0.0000000000
62903  -35.424  -23.835  56.968 0.0000000000
63902  -35.551  -23.167  57.355 0.0000000000
58941  -34.421  -27.265  55.746 0.0000000000
59887  -34.522  -26.738  55.424 0.0000000000
60818  -34.773  -25.075  56.360 0.0000000000
57857  -33.354  -27.755  57.019 0.0000000000
56783  -33.400  -28.399  56.291 0.0000000000
57867  -33.743  -27.858  56.546 0.0000000000
57876  -34.165  -27.737  56.016 0.0000000000
62874  -33.633  -24.936  58.316 0.0000000000
60804  -34.089  -25.317  57.935 0.0000000000
59853  -33.769  -26.476  57.658 0.0000000000
63894  -34.593  -23.384  58.204 0.0000000000
84450  -45.274  -3.366  38.493 0.0000000000
84433  -46.162  -3.486  39.403 0.0000000000
82508  -42.515  -6.287  37.887 0.0000000000
82520  -42.928  -5.143  37.753 0.0000000000
83475  -43.471  -4.335  37.679 0.0000000000
83476  -44.270  -3.756  37.973 0.0000000000
67205  -39.880  -20.087  43.493 0.0000000000
68418  -40.161  -19.871  44.186 0.0000000000
67213  -37.559  -18.622  42.796 0.0000000000
68438  -37.890  -19.098  43.432 0.0000000000
53673  -7.027  -34.633  51.538 0.0000000000
52594  -7.139  -34.901  51.092 0.0000000000
52607  -7.073  -35.368  50.963 0.0000000000
49480  -7.261  -37.515  50.317 0.0000000000
48321  -10.226  -37.648  59.927 0.0000000000
47243  -9.985  -38.775  59.740 0.0000000000
66003  -33.605  -20.876  53.174 0.0000000000
66019  -33.734  -20.463  53.048 0.0000000000
68275  -33.744  -19.509  51.900 0.0000000000
68277  -35.332  -18.087  52.023 0.0000000000
65906  -26.629  -22.072  61.615 0.0000000000
56831  -26.707  -27.867  53.249 0.0000000000
85563  -48.106  -2.786  32.966 0.0000000000
84522  -49.248  -3.117  32.007 0.0000000000
85565  -49.912  -2.408  32.671 0.0000000000
75563  -43.244  -12.178  39.757 0.0000000000
72587  -39.669  -15.481  39.609 0.0000000000
73585  -39.773  -14.440  39.301 0.0000000000
74571  -40.124  -13.576  39.001 0.0000000000
53540  -15.060  -32.129  65.583 0.0000000000
52428  -15.365  -32.254  64.914 0.0000000000
52434  -15.324  -32.219  64.525 0.0000000000
52440  -15.274  -32.212  63.652 0.0000000000
58894  -21.275  -26.800  60.276 0.0000000000
64005  -6.683  -23.492  46.143 0.0000000000
62927  -6.265  -24.414  53.289 0.0000000000
61890  -6.153  -24.695  52.802 0.0000000000
61891  -6.897  -24.849  53.027 0.0000000000
51605  -7.973  -35.301  44.419 0.0000000000
52692  -8.419  -34.607  44.491 0.0000000000
52714  -7.154  -34.431  43.617 0.0000000000
57789  -8.254  -30.877  65.254 0.0000000000
56737  -7.767  -31.031  64.938 0.0000000000
47241  -5.880  -38.663  59.850 0.0000000000
61883  -34.391  -25.447  54.703 0.0000000000
61894  -34.429  -24.909  54.667 0.0000000000
63946  -34.425  -23.161  54.447 0.0000000000
54695  -31.994  -30.008  53.173 0.0000000000
57846  -31.976  -27.911  57.867 0.0000000000
58911  -31.728  -27.429  58.248 0.0000000000
56769  -30.925  -28.568  57.138 0.0000000000
55675  -30.833  -28.705  56.726 0.0000000000
56792  -29.888  -29.050  55.763 0.0000000000
55701  -29.768  -29.485  54.913 0.0000000000
85518  -45.213  -2.476  35.486 0.0000000000
85536  -46.852  -2.177  34.594 0.0000000000
71598  -42.168  -17.425  40.061 0.0000000000
71593  -43.183  -17.196  41.508 0.0000000000
67276  -37.315  -18.831  40.175 0.0000000000
67277  -37.774  -19.452  40.307 0.0000000000
70548  -38.882  -17.679  39.383 0.0000000000
70550  -40.915  -17.830  39.348 0.0000000000
65015  -6.246  -21.995  49.933 0.0000000000
56828  -9.971  -29.732  53.390 0.0000000000
56839  -10.098  -29.553  52.559 0.0000000000
56838  -9.787  -30.373  52.711 0.0000000000
56848  -9.657  -30.740  52.000 0.0000000000
51514  -8.300  -35.099  49.422 0.0000000000
51528  -8.618  -35.165  48.542 0.0000000000
50505  -8.587  -36.099  47.013 0.0000000000
49514  -7.347  -37.558  45.655 0.0000000000
48479  -6.961  -38.560  45.666 0.0000000000
51326  -9.403  -34.408  64.929 0.0000000000
50279  -9.079  -34.564  65.089 0.0000000000
50289  -8.860  -35.466  63.843 0.0000000000
49284  -8.438  -35.795  63.825 0.0000000000
46136  -8.434  -39.254  61.641 0.0000000000
46121  -8.284  -38.844  62.028 0.0000000000
46135  -8.134  -39.455  62.051 0.0000000000
45113  -7.373  -40.409  62.398 0.0000000000
45128  -6.950  -41.221  62.222 0.0000000000
68333  -39.177  -18.019  47.739 0.0000000000
63979  -31.329  -23.068  50.513 0.0000000000
68305  -34.662  -18.047  49.585 0.0000000000
68329  -34.903  -17.990  48.536 0.0000000000
68371  -35.392  -17.996  46.631 0.0000000000
61835  -23.753  -24.752  60.691 0.0000000000
60774  -23.824  -25.192  60.277 0.0000000000
132587  -28.917  -24.826  60.506 0.0000000000
61816  -28.257  -24.223  60.759 0.0000000000
132588  -28.210  -25.273  59.827 0.0000000000
59838  -27.869  -25.755  58.799 0.0000000000
58948  -25.459  -26.751  55.082 0.0000000000
58931  -26.552  -26.566  56.288 0.0000000000
58930  -25.408  -26.204  56.026 0.0000000000
59878  -24.301  -26.111  55.985 0.0000000000
59869  -24.542  -25.775  56.897 0.0000000000
59885  -23.118  -26.703  55.484 0.0000000000
83518  -45.763  -4.597  29.382 0.0000000000
62897  -7.974  -24.974  57.338 0.0000000000
59881  -8.919  -26.727  55.670 0.0000000000
59873  -8.870  -27.197  56.292 0.0000000000
58936  -8.819  -28.461  56.396 0.0000000000
57871  -8.448  -29.493  56.643 0.0000000000
56786  -7.480  -31.113  57.432 0.0000000000
56796  -7.763  -31.407  56.754 0.0000000000
55698  -7.650  -32.022  56.229 0.0000000000
55726  -7.068  -33.193  54.026 0.0000000000
54684  -6.496  -34.061  53.717 0.0000000000
53632  -6.030  -34.569  53.769 0.0000000000
81505  -44.566  -7.416  41.005 0.0000000000
77562  -41.792  -10.935  37.816 0.0000000000
77572  -41.955  -10.396  37.853 0.0000000000
78609  -42.395  -9.811  38.211 0.0000000000
52431  -12.464  -33.073  63.513 0.0000000000
51341  -11.737  -33.507  62.895 0.0000000000
54660  -18.904  -30.900  54.697 0.0000000000
54653  -18.894  -30.840  55.666 0.0000000000
53610  -18.277  -31.294  56.263 0.0000000000
52507  -16.297  -31.698  56.067 0.0000000000
53589  -16.280  -31.470  58.326 0.0000000000
53580  -16.268  -31.461  58.966 0.0000000000
52458  -15.933  -32.072  60.194 0.0000000000
52466  -15.091  -32.191  59.461 0.0000000000
52502  -12.527  -34.368  55.911 0.0000000000
50376  -11.694  -35.759  56.285 0.0000000000
50366  -11.293  -35.855  56.938 0.0000000000
65994  -4.315  -21.846  52.697 0.0000000000
61910  -6.028  -24.699  51.749 0.0000000000
62945  -4.984  -23.972  52.071 0.0000000000
59001  -9.511  -28.891  50.754 0.0000000000
57947  -9.523  -29.612  49.851 0.0000000000
55841  -8.277  -31.241  45.192 0.0000000000
56907  -7.914  -31.019  46.631 0.0000000000
58013  -7.371  -30.793  46.391 0.0000000000
59040  -6.043  -29.134  47.060 0.0000000000
58011  -6.254  -29.643  45.996 0.0000000000
51323  -7.803  -34.543  65.086 0.0000000000
52423  -7.611  -34.086  64.805 0.0000000000
51331  -7.684  -34.632  64.516 0.0000000000
52429  -7.413  -34.189  63.253 0.0000000000
51342  -6.318  -35.291  60.965 0.0000000000
54642  -6.150  -32.365  60.474 0.0000000000
55672  -6.186  -31.960  59.617 0.0000000000
50386  -4.371  -36.798  56.434 0.0000000000
51394  -3.983  -36.232  56.784 0.0000000000
50401  -4.594  -36.808  55.365 0.0000000000
51452  -4.382  -35.821  53.877 0.0000000000
50416  -3.936  -36.578  53.959 0.0000000000
48386  -3.725  -38.388  52.936 0.0000000000
41419  -4.946  -44.793  57.078 0.0000000000
43250  -5.626  -43.392  57.160 0.0000000000
44166  -5.730  -42.629  56.780 0.0000000000
43256  -5.545  -43.448  56.486 0.0000000000
43262  -5.494  -43.401  55.802 0.0000000000
45262  -5.002  -41.183  52.612 0.0000000000
55736  -32.806  -29.307  53.170 0.0000000000
56844  -33.046  -28.961  52.696 0.0000000000
57904  -33.327  -28.227  53.658 0.0000000000
59894  -34.353  -26.543  54.854 0.0000000000
59895  -34.508  -26.302  55.262 0.0000000000
60824  -34.383  -25.954  54.771 0.0000000000
61884  -34.613  -24.717  55.037 0.0000000000
62921  -35.331  -23.274  55.332 0.0000000000
55703  -30.724  -29.777  54.668 0.0000000000
54655  -31.181  -29.601  54.791 0.0000000000
54664  -31.412  -29.759  54.224 0.0000000000
54665  -32.071  -29.509  54.382 0.0000000000
55705  -32.662  -29.412  54.601 0.0000000000
54679  -32.160  -29.665  53.809 0.0000000000
59841  -32.431  -26.233  58.638 0.0000000000
60792  -33.552  -25.556  58.283 0.0000000000
59842  -32.985  -26.385  58.262 0.0000000000
58912  -32.168  -27.318  58.185 0.0000000000
56771  -32.018  -28.456  57.202 0.0000000000
55682  -31.301  -29.023  56.041 0.0000000000
85495  -46.967  -2.291  37.790 0.0000000000
81564  -41.751  -6.373  36.884 0.0000000000
81563  -41.058  -6.715  36.403 0.0000000000
82527  -40.822  -6.148  35.562 0.0000000000
82532  -41.181  -5.451  34.819 0.0000000000
84495  -43.574  -3.391  35.541 0.0000000000
68482  -40.679  -19.483  40.727 0.0000000000
69553  -41.711  -19.012  41.205 0.0000000000
68470  -41.160  -19.400  41.272 0.0000000000
68441  -42.222  -19.049  43.018 0.0000000000
68420  -42.149  -19.302  43.836 0.0000000000
68467  -34.373  -18.872  41.824 0.0000000000
67238  -34.902  -18.766  41.118 0.0000000000
67239  -35.765  -18.407  41.172 0.0000000000
67240  -36.651  -18.314  41.229 0.0000000000
67227  -37.891  -18.662  42.039 0.0000000000
67242  -38.030  -19.035  41.367 0.0000000000
67243  -38.396  -19.869  41.362 0.0000000000
55755  -7.848  -32.854  51.813 0.0000000000
54734  -7.595  -33.185  50.714 0.0000000000
53690  -7.885  -33.894  50.039 0.0000000000
52608  -7.445  -34.940  50.564 0.0000000000
52609  -7.904  -34.656  49.984 0.0000000000
47397  -8.172  -39.402  47.847 0.0000000000
49308  -9.745  -36.265  62.366 0.0000000000
49296  -9.595  -35.974  62.766 0.0000000000
48300  -9.744  -36.850  61.982 0.0000000000
48299  -9.335  -37.231  62.058 0.0000000000
47235  -9.636  -38.544  60.494 0.0000000000
47227  -9.230  -38.420  61.145 0.0000000000
46137  -8.712  -39.011  61.243 0.0000000000
46149  -8.621  -39.685  61.217 0.0000000000
69454  -38.057  -17.312  49.196 0.0000000000
69441  -37.090  -16.913  50.068 0.0000000000
62947  -32.626  -24.685  52.399 0.0000000000
62954  -32.422  -25.438  51.734 0.0000000000
62946  -32.327  -24.424  52.030 0.0000000000
63963  -32.201  -23.783  52.109 0.0000000000
65009  -31.715  -22.149  50.968 0.0000000000
66041  -31.718  -21.288  50.259 0.0000000000
68303  -32.861  -19.620  50.117 0.0000000000
69451  -35.397  -17.573  49.572 0.0000000000
62839  -25.273  -23.288  61.350 0.0000000000
62847  -25.674  -23.629  61.049 0.0000000000
57840  -28.678  -27.201  57.521 0.0000000000
58909  -28.401  -26.820  57.981 0.0000000000
57852  -28.173  -27.010  57.149 0.0000000000
57882  -26.264  -27.049  54.850 0.0000000000
57892  -25.376  -27.531  54.457 0.0000000000
58970  -24.354  -26.600  53.979 0.0000000000
83507  -46.568  -4.358  29.977 0.0000000000
83519  -46.707  -4.508  29.143 0.0000000000
84532  -49.440  -3.478  31.077 0.0000000000
60807  -7.092  -26.592  58.679 0.0000000000
59864  -7.676  -27.619  58.016 0.0000000000
58925  -7.460  -29.052  58.006 0.0000000000
57860  -7.272  -30.000  58.101 0.0000000000
58924  -7.122  -29.647  58.351 0.0000000000
57868  -7.235  -30.661  57.874 0.0000000000
78596  -43.740  -9.836  39.005 0.0000000000
79579  -44.587  -9.181  39.840 0.0000000000
78597  -44.309  -9.775  39.554 0.0000000000
77533  -44.034  -11.172  39.870 0.0000000000
72601  -38.311  -15.086  38.728 0.0000000000
74581  -40.677  -12.309  38.586 0.0000000000
75573  -41.030  -11.716  38.370 0.0000000000
53533  -13.821  -32.518  66.800 0.0000000000
52414  -13.867  -32.443  66.433 0.0000000000
52426  -13.874  -32.702  64.892 0.0000000000
52427  -14.833  -32.391  65.108 0.0000000000
52548  -16.717  -32.126  53.600 0.0000000000
52533  -16.537  -31.947  54.371 0.0000000000
52532  -15.787  -32.176  54.481 0.0000000000
52519  -15.663  -32.093  55.332 0.0000000000
52505  -14.504  -32.567  56.402 0.0000000000
52516  -13.352  -33.629  55.474 0.0000000000
65983  -3.765  -21.724  53.574 0.0000000000
61900  -5.343  -24.325  52.391 0.0000000000
62937  -5.561  -24.652  52.863 0.0000000000
59923  -7.017  -27.179  50.316 0.0000000000
54793  -9.934  -32.627  46.675 0.0000000000
56910  -9.594  -31.583  47.203 0.0000000000
54805  -9.700  -32.490  45.719 0.0000000000
55843  -9.466  -31.922  45.915 0.0000000000
55842  -9.038  -31.745  45.409 0.0000000000
54824  -8.725  -32.606  44.446 0.0000000000
55860  -8.572  -31.749  44.754 0.0000000000
55859  -8.121  -31.663  44.390 0.0000000000
55858  -7.502  -31.537  44.191 0.0000000000
54821  -7.248  -31.884  43.717 0.0000000000
55857  -6.957  -31.326  44.157 0.0000000000
59773  -7.946  -29.282  63.907 0.0000000000
59772  -7.430  -29.169  63.637 0.0000000000
58828  -6.921  -29.504  63.426 0.0000000000
57802  -6.758  -30.102  63.214 0.0000000000
56745  -6.786  -30.655  63.000 0.0000000000
50292  -6.873  -36.168  63.086 0.0000000000
49319  -6.359  -36.867  62.231 0.0000000000
50309  -6.334  -36.456  62.156 0.0000000000
50308  -6.267  -36.289  61.679 0.0000000000
48312  -5.983  -37.599  60.828 0.0000000000
49330  -6.054  -36.863  61.070 0.0000000000
50319  -5.836  -36.121  60.609 0.0000000000
51352  -5.386  -35.303  59.614 0.0000000000
52461  -5.062  -35.220  58.711 0.0000000000
50336  -4.860  -35.965  59.004 0.0000000000
50348  -4.289  -36.103  58.688 0.0000000000
50364  -4.222  -36.767  58.075 0.0000000000
49389  -4.711  -37.397  57.768 0.0000000000
48371  -4.500  -38.825  55.451 0.0000000000
59926  -32.428  -27.477  51.129 0.0000000000
58978  -33.203  -27.621  52.867 0.0000000000
60843  -33.670  -26.154  53.665 0.0000000000
59910  -33.348  -26.765  52.909 0.0000000000
64973  -34.005  -22.465  54.123 0.0000000000
64990  -34.241  -21.542  53.957 0.0000000000
66005  -34.800  -20.541  53.867 0.0000000000
61817  -29.573  -24.421  60.565 0.0000000000
59822  -29.599  -26.074  59.491 0.0000000000
58883  -29.713  -26.457  59.037 0.0000000000
60778  -31.382  -25.525  59.494 0.0000000000
58901  -31.451  -26.784  58.650 0.0000000000
58886  -31.098  -26.229  59.181 0.0000000000
58885  -30.564  -26.246  59.232 0.0000000000
58899  -30.118  -26.782  58.744 0.0000000000
57832  -29.665  -27.238  58.337 0.0000000000
57831  -29.294  -27.212  58.246 0.0000000000
57853  -29.027  -27.523  56.989 0.0000000000
56790  -28.545  -28.062  55.611 0.0000000000
56818  -27.758  -28.596  53.949 0.0000000000
85549  -43.922  -3.050  33.137 0.0000000000
85552  -47.535  -2.405  33.703 0.0000000000
85554  -49.346  -2.343  33.854 0.0000000000
74556  -42.581  -14.227  40.040 0.0000000000
73565  -42.529  -14.535  40.055 0.0000000000
73566  -42.822  -14.767  40.370 0.0000000000
72562  -42.883  -15.842  40.621 0.0000000000
69546  -42.099  -18.825  41.582 0.0000000000
70522  -43.109  -17.703  42.126 0.0000000000
71626  -38.139  -16.533  39.510 0.0000000000
71609  -39.139  -17.010  39.546 0.0000000000
71627  -39.272  -16.227  39.597 0.0000000000
72571  -40.068  -15.496  39.763 0.0000000000
73574  -40.849  -14.751  39.859 0.0000000000
57872  -20.259  -27.849  56.480 0.0000000000
55699  -19.558  -29.588  55.456 0.0000000000
54661  -19.277  -30.346  55.106 0.0000000000
54673  -19.273  -30.472  54.220 0.0000000000
53627  -18.456  -31.262  54.167 0.0000000000
52564  -16.875  -32.256  52.753 0.0000000000
61956  -6.326  -25.044  46.372 0.0000000000
60883  -6.314  -25.523  46.525 0.0000000000
60833  -8.819  -26.540  53.410 0.0000000000
59902  -9.298  -27.218  53.118 0.0000000000
59909  -9.784  -27.715  52.636 0.0000000000
57916  -10.182  -29.157  51.879 0.0000000000
57930  -10.045  -29.400  50.954 0.0000000000
55799  -9.854  -31.763  48.026 0.0000000000
54719  -8.559  -32.346  50.861 0.0000000000
54736  -8.893  -32.198  50.102 0.0000000000
53705  -8.661  -33.541  48.841 0.0000000000
53692  -8.700  -33.030  49.046 0.0000000000
54752  -9.204  -32.390  49.146 0.0000000000
54753  -9.595  -32.072  48.758 0.0000000000
54768  -9.693  -32.287  48.188 0.0000000000
54781  -9.803  -32.496  47.475 0.0000000000
53732  -9.970  -33.258  47.038 0.0000000000
52673  -9.713  -34.288  46.288 0.0000000000
51564  -8.860  -35.693  46.383 0.0000000000
51585  -8.678  -35.442  45.270 0.0000000000
50530  -8.090  -36.169  44.910 0.0000000000
52416  -7.946  -34.027  65.896 0.0000000000
50278  -8.682  -34.766  65.043 0.0000000000
51324  -7.961  -34.479  65.415 0.0000000000
50288  -7.813  -35.059  64.550 0.0000000000
49294  -6.998  -36.763  63.727 0.0000000000
49295  -9.193  -36.179  62.994 0.0000000000
48274  -8.745  -36.681  62.935 0.0000000000
48273  -8.413  -36.677  63.244 0.0000000000
47206  -8.075  -37.961  62.640 0.0000000000
48288  -8.231  -37.351  63.049 0.0000000000
48286  -7.211  -36.936  63.455 0.0000000000
48285  -6.773  -37.100  63.496 0.0000000000
47226  -6.908  -38.638  61.762 0.0000000000
46147  -6.849  -39.684  61.859 0.0000000000
46171  -6.399  -40.263  60.241 0.0000000000
61917  -32.093  -25.851  51.035 0.0000000000
68391  -34.458  -18.399  45.801 0.0000000000
68392  -35.764  -18.046  45.608 0.0000000000
58917  -20.699  -27.264  57.909 0.0000000000
63858  -26.944  -23.020  61.520 0.0000000000
62849  -27.231  -23.479  61.178 0.0000000000
62841  -26.720  -23.146  61.483 0.0000000000
61814  -26.385  -24.023  60.680 0.0000000000
61837  -25.671  -24.634  60.098 0.0000000000
58895  -28.048  -26.252  58.396 0.0000000000
59851  -27.445  -25.915  58.464 0.0000000000
58919  -26.692  -26.307  56.981 0.0000000000
59837  -26.996  -25.353  58.947 0.0000000000
60788  -26.287  -24.881  59.419 0.0000000000
61847  -25.699  -24.778  59.816 0.0000000000
61846  -25.166  -24.843  60.077 0.0000000000
60787  -24.997  -24.985  59.710 0.0000000000
60799  -23.717  -25.505  59.268 0.0000000000
60808  -23.565  -25.562  58.843 0.0000000000
58929  -21.448  -26.734  57.605 0.0000000000
57880  -20.460  -27.666  55.712 0.0000000000
57900  -20.361  -28.046  53.995 0.0000000000
83528  -47.658  -4.388  27.935 0.0000000000
83530  -49.012  -3.833  27.504 0.0000000000
83538  -48.408  -3.835  26.835 0.0000000000
63933  -3.959  -23.627  54.776 0.0000000000
63934  -4.662  -23.955  54.151 0.0000000000
61880  -6.295  -24.015  54.047 0.0000000000
61882  -7.918  -25.006  54.211 0.0000000000
62907  -7.077  -24.110  56.302 0.0000000000
62914  -6.749  -24.040  55.360 0.0000000000
58954  -9.854  -28.431  54.328 0.0000000000
56815  -9.802  -29.777  54.121 0.0000000000
56827  -9.551  -30.455  53.732 0.0000000000
55729  -8.895  -31.168  53.583 0.0000000000
57877  -8.378  -30.096  56.380 0.0000000000
56797  -8.145  -30.825  56.396 0.0000000000
56798  -8.503  -30.440  55.751 0.0000000000
55741  -7.771  -32.565  52.599 0.0000000000
54715  -7.250  -34.277  52.022 0.0000000000
54699  -7.176  -33.840  52.449 0.0000000000
53672  -6.640  -34.859  51.862 0.0000000000
51497  -6.206  -36.031  51.607 0.0000000000
82500  -44.802  -4.779  39.658 0.0000000000
82491  -45.053  -5.071  40.254 0.0000000000
75584  -38.891  -12.360  36.991 0.0000000000
77581  -39.412  -10.564  36.973 0.0000000000
80582  -42.041  -7.553  38.077 0.0000000000
80572  -42.488  -8.006  38.524 0.0000000000
81544  -42.464  -6.905  38.245 0.0000000000
52409  -9.911  -33.314  65.990 0.0000000000
51327  -9.820  -34.089  65.015 0.0000000000
52404  -12.532  -32.704  66.998 0.0000000000
52412  -12.261  -32.709  66.057 0.0000000000
52424  -11.789  -33.235  64.064 0.0000000000
51333  -11.084  -33.487  64.319 0.0000000000
51332  -10.467  -34.074  63.765 0.0000000000
51335  -10.510  -34.399  63.237 0.0000000000
50294  -10.024  -35.130  63.051 0.0000000000
50301  -10.068  -35.682  62.400 0.0000000000
49321  -10.200  -36.009  61.759 0.0000000000
49332  -10.421  -36.010  61.054 0.0000000000
49344  -10.244  -36.901  60.685 0.0000000000
48327  -10.557  -37.464  59.010 0.0000000000
56775  -19.715  -28.699  57.862 0.0000000000
55674  -19.385  -29.438  58.274 0.0000000000
54651  -19.318  -30.020  57.025 0.0000000000
54648  -19.313  -29.800  57.635 0.0000000000
53600  -17.653  -31.436  57.198 0.0000000000
54643  -18.687  -30.484  60.512 0.0000000000
53576  -18.227  -30.830  61.051 0.0000000000
53570  -18.265  -30.861  61.581 0.0000000000
53574  -16.978  -31.284  60.423 0.0000000000
53563  -17.145  -31.359  62.509 0.0000000000
53556  -15.860  -31.956  62.987 0.0000000000
52446  -15.289  -32.341  62.665 0.0000000000
52448  -12.846  -33.466  60.584 0.0000000000
52477  -12.993  -32.993  57.832 0.0000000000
50350  -10.934  -36.119  58.618 0.0000000000
50365  -11.066  -36.323  57.623 0.0000000000
49370  -10.800  -37.010  58.329 0.0000000000
64983  -4.696  -23.239  52.408 0.0000000000
66010  -5.028  -22.376  52.177 0.0000000000
62968  -6.590  -24.084  49.120 0.0000000000
60882  -5.980  -26.319  46.268 0.0000000000
60841  -8.747  -26.705  52.637 0.0000000000
59907  -8.576  -26.792  52.007 0.0000000000
59916  -8.151  -26.950  51.280 0.0000000000
58983  -8.511  -27.935  51.019 0.0000000000
59915  -7.704  -26.635  51.111 0.0000000000
59924  -7.475  -27.272  50.636 0.0000000000
58997  -6.651  -28.255  50.106 0.0000000000
56894  -9.457  -31.098  47.506 0.0000000000
57978  -9.145  -30.505  47.862 0.0000000000
57962  -7.911  -30.006  48.815 0.0000000000
57995  -8.365  -30.845  47.338 0.0000000000
57944  -6.842  -29.557  49.766 0.0000000000
57943  -6.067  -29.639  49.869 0.0000000000
58996  -5.773  -28.560  50.191 0.0000000000
59931  -6.307  -28.052  49.477 0.0000000000
59938  -6.212  -27.997  48.959 0.0000000000
59944  -6.090  -27.329  47.744 0.0000000000
59960  -5.495  -26.843  45.884 0.0000000000
60890  -4.807  -26.884  45.004 0.0000000000
59974  -4.929  -27.521  44.457 0.0000000000
59975  -5.282  -27.516  44.081 0.0000000000
59076  -5.697  -28.349  44.131 0.0000000000
58887  -5.386  -28.917  60.453 0.0000000000
55638  -8.435  -31.749  65.705 0.0000000000
55645  -8.008  -31.801  65.321 0.0000000000
55644  -7.652  -31.538  64.771 0.0000000000
53537  -7.580  -32.943  64.777 0.0000000000
54624  -7.463  -32.379  64.217 0.0000000000
55648  -7.464  -31.600  64.215 0.0000000000
55652  -7.250  -31.603  63.449 0.0000000000
55651  -7.020  -31.135  63.077 0.0000000000
52442  -6.917  -34.397  61.815 0.0000000000
54632  -6.832  -32.255  62.492 0.0000000000
56749  -6.256  -30.548  62.381 0.0000000000
57821  -5.467  -29.755  60.940 0.0000000000
58904  -5.847  -29.457  60.092 0.0000000000
57848  -6.506  -30.743  59.006 0.0000000000
56773  -6.584  -31.500  58.468 0.0000000000
55696  -6.454  -32.994  56.671 0.0000000000
52475  -5.127  -34.816  58.197 0.0000000000
53598  -5.261  -34.374  57.465 0.0000000000
52514  -4.165  -35.325  56.545 0.0000000000
52501  -4.531  -34.913  56.853 0.0000000000
52561  -5.585  -35.149  53.229 0.0000000000
52543  -4.732  -35.594  53.567 0.0000000000
52560  -5.011  -35.548  53.263 0.0000000000
52576  -5.340  -35.579  52.876 0.0000000000
51496  -5.660  -36.047  52.129 0.0000000000
50460  -5.779  -36.851  51.911 0.0000000000
45167  -6.200  -41.468  59.005 0.0000000000
44152  -6.131  -42.350  58.561 0.0000000000
46207  -5.194  -40.665  56.897 0.0000000000
47297  -4.496  -39.901  55.187 0.0000000000
48379  -3.973  -39.169  54.775 0.0000000000
44183  -5.540  -42.828  54.754 0.0000000000
44190  -5.254  -42.190  54.588 0.0000000000
47309  -3.739  -39.260  53.321 0.0000000000
47335  -3.970  -39.195  52.064 0.0000000000
46322  -4.920  -40.572  52.305 0.0000000000
48396  -4.257  -39.203  51.819 0.0000000000
48395  -3.991  -38.453  51.957 0.0000000000
49460  -4.795  -38.065  51.651 0.0000000000
49470  -5.538  -37.848  51.542 0.0000000000
48419  -6.251  -38.656  50.907 0.0000000000
45295  -8.122  -41.746  49.068 0.0000000000
42345  -5.143  -44.322  57.044 0.0000000000
43251  -5.765  -43.126  56.799 0.0000000000
43257  -5.721  -43.122  56.538 0.0000000000
44167  -5.790  -42.882  56.636 0.0000000000
44175  -5.692  -42.878  56.390 0.0000000000
44201  -5.129  -42.054  53.977 0.0000000000
45218  -5.097  -41.751  54.946 0.0000000000
46341  -5.890  -40.312  51.483 0.0000000000
47220  -8.463  -38.589  61.828 0.0000000000
47228  -9.656  -37.996  61.095 0.0000000000
47336  -4.245  -39.820  52.261 0.0000000000
47412  -7.920  -38.978  47.009 0.0000000000
48406  -4.465  -38.168  51.662 0.0000000000
48450  -7.891  -38.728  47.058 0.0000000000
49277  -7.745  -35.063  64.547 0.0000000000
49278  -7.944  -35.179  64.530 0.0000000000
49281  -7.303  -36.188  63.709 0.0000000000
49306  -6.413  -36.713  63.111 0.0000000000
49318  -6.230  -36.868  61.648 0.0000000000
50280  -7.808  -34.817  64.725 0.0000000000
50285  -9.940  -34.129  64.630 0.0000000000
50328  -5.078  -35.911  59.276 0.0000000000
50363  -3.958  -36.283  58.281 0.0000000000
50373  -3.909  -36.369  57.805 0.0000000000
51325  -8.218  -34.469  65.459 0.0000000000
51329  -11.111  -33.380  64.863 0.0000000000
51351  -5.103  -35.617  59.166 0.0000000000
51369  -3.990  -35.736  58.353 0.0000000000
51381  -11.243  -35.654  57.383 0.0000000000
51396  -12.603  -34.460  55.625 0.0000000000
51411  -3.940  -35.716  56.765 0.0000000000
51433  -4.218  -36.151  54.275 0.0000000000
51482  -5.366  -35.838  52.542 0.0000000000
51495  -5.131  -36.283  52.418 0.0000000000
51565  -9.203  -35.195  46.566 0.0000000000
52406  -8.190  -33.758  65.670 0.0000000000
52407  -8.550  -33.799  65.779 0.0000000000
52411  -11.162  -33.006  65.688 0.0000000000
52421  -14.652  -32.329  65.587 0.0000000000
52430  -11.706  -33.352  63.621 0.0000000000
52452  -5.411  -35.074  59.263 0.0000000000
52487  -3.935  -35.459  57.788 0.0000000000
52500  -4.006  -35.305  57.139 0.0000000000
52653  -9.833  -33.983  46.896 0.0000000000
52693  -8.868  -34.560  44.841 0.0000000000
53527  -13.808  -32.799  67.502 0.0000000000
53545  -15.169  -32.398  64.960 0.0000000000
53572  -15.917  -32.063  60.473 0.0000000000
53675  -7.591  -33.662  50.570 0.0000000000
53707  -9.460  -32.845  48.123 0.0000000000
53720  -9.637  -33.106  47.664 0.0000000000
54612  -8.495  -32.304  65.766 0.0000000000
54656  -31.734  -29.431  54.845 0.0000000000
54663  -30.865  -30.039  54.160 0.0000000000
54666  -32.399  -29.569  54.143 0.0000000000
54678  -31.671  -29.912  53.656 0.0000000000
54686  -7.301  -33.119  53.115 0.0000000000
54701  -7.734  -32.732  52.116 0.0000000000
54767  -9.432  -32.520  48.506 0.0000000000
55676  -31.154  -28.788  56.630 0.0000000000
55677  -31.546  -28.835  56.508 0.0000000000
55680  -30.373  -28.915  56.123 0.0000000000
55683  -31.875  -29.020  56.092 0.0000000000
55685  -32.840  -29.012  55.825 0.0000000000
55689  -29.842  -29.222  55.501 0.0000000000
55694  -32.565  -29.240  55.353 0.0000000000
55695  -33.000  -29.135  55.295 0.0000000000
55704  -32.309  -29.362  54.925 0.0000000000
55716  -28.378  -29.315  53.329 0.0000000000
55813  -9.800  -31.997  47.295 0.0000000000
55826  -9.272  -31.662  46.164 0.0000000000
55827  -9.659  -31.930  46.515 0.0000000000
56740  -6.936  -30.516  63.237 0.0000000000
56746  -7.095  -31.018  63.275 0.0000000000
56759  -29.832  -27.838  57.459 0.0000000000
56763  -31.578  -28.215  57.645 0.0000000000
56766  -29.336  -27.797  56.806 0.0000000000
56768  -30.422  -28.481  56.866 0.0000000000
56772  -32.500  -28.440  56.985 0.0000000000
56776  -28.746  -27.867  56.061 0.0000000000
56779  -30.410  -28.763  56.368 0.0000000000
56780  -31.848  -28.746  56.691 0.0000000000
56784  -6.725  -31.816  57.828 0.0000000000
56789  -27.990  -27.761  55.391 0.0000000000
56801  -27.068  -27.363  54.665 0.0000000000
56804  -29.318  -29.095  54.887 0.0000000000
56813  -8.798  -30.813  54.953 0.0000000000
56820  -33.306  -28.679  54.489 0.0000000000
56826  -9.093  -30.793  54.283 0.0000000000
56834  -33.371  -28.196  53.898 0.0000000000
56866  -5.134  -29.644  49.704 0.0000000000
56867  -5.695  -29.867  49.659 0.0000000000
56868  -5.998  -30.000  49.493 0.0000000000
56879  -5.044  -29.788  49.282 0.0000000000
56880  -5.516  -29.989  49.392 0.0000000000
56881  -5.795  -30.071  49.385 0.0000000000
56924  -7.771  -30.930  45.843 0.0000000000
56946  -6.085  -29.770  44.140 0.0000000000
57799  -8.335  -30.507  65.043 0.0000000000
57834  -30.634  -27.192  58.470 0.0000000000
57835  -31.037  -27.053  58.543 0.0000000000
57841  -29.045  -27.336  57.812 0.0000000000
57843  -30.101  -27.683  57.933 0.0000000000
57845  -31.278  -27.602  58.192 0.0000000000
57854  -29.384  -27.599  57.436 0.0000000000
57855  -32.384  -28.137  57.412 0.0000000000
57862  -26.949  -26.837  56.144 0.0000000000
57865  -28.912  -27.677  56.528 0.0000000000
57866  -33.273  -28.173  56.726 0.0000000000
57875  -28.141  -27.695  55.666 0.0000000000
57881  -25.424  -26.945  54.639 0.0000000000
57884  -34.011  -27.714  55.413 0.0000000000
57894  -33.734  -27.655  54.770 0.0000000000
57905  -33.440  -27.815  54.024 0.0000000000
57908  -10.218  -28.884  52.567 0.0000000000
57913  -33.366  -27.722  53.577 0.0000000000
57926  -4.861  -28.787  50.376 0.0000000000
57927  -5.218  -28.885  50.471 0.0000000000
57928  -5.913  -29.001  50.387 0.0000000000
57941  -4.837  -29.063  50.068 0.0000000000
57942  -5.419  -29.397  50.127 0.0000000000
57958  -4.818  -29.343  49.460 0.0000000000
57974  -5.680  -29.508  48.689 0.0000000000
57991  -5.428  -28.554  46.306 0.0000000000
58037  -5.258  -28.518  44.635 0.0000000000
58827  -6.670  -29.701  63.207 0.0000000000
58871  -28.821  -26.187  59.406 0.0000000000
58872  -28.961  -26.278  59.446 0.0000000000
58881  -28.789  -26.217  59.206 0.0000000000
58897  -29.150  -26.762  58.731 0.0000000000
58898  -29.653  -26.799  58.753 0.0000000000
58903  -32.670  -26.612  58.317 0.0000000000
58908  -27.769  -26.417  58.000 0.0000000000
58914  -33.417  -26.780  57.687 0.0000000000
58921  -27.986  -26.689  57.623 0.0000000000
58923  -33.626  -27.154  57.249 0.0000000000
58937  -9.166  -27.933  55.844 0.0000000000
58940  -25.927  -26.702  55.536 0.0000000000
58955  -10.013  -28.462  53.639 0.0000000000
58966  -10.139  -28.349  52.958 0.0000000000
58971  -33.530  -27.330  53.993 0.0000000000
58995  -5.094  -28.553  50.153 0.0000000000
59000  -8.938  -28.566  50.637 0.0000000000
59010  -4.968  -28.709  49.567 0.0000000000
59011  -5.855  -28.380  49.664 0.0000000000
59012  -6.225  -28.238  49.932 0.0000000000
59016  -9.219  -29.041  50.377 0.0000000000
59024  -4.923  -29.045  49.059 0.0000000000
59025  -5.507  -28.772  49.021 0.0000000000
59052  -5.114  -28.162  45.888 0.0000000000
59074  -4.978  -28.122  44.735 0.0000000000
59820  -23.275  -25.611  60.094 0.0000000000
59821  -29.338  -26.203  59.416 0.0000000000
59823  -29.500  -25.611  59.918 0.0000000000
59824  -30.661  -25.698  59.655 0.0000000000
59826  -32.149  -25.947  58.925 0.0000000000
59852  -33.378  -26.451  57.981 0.0000000000
59865  -8.411  -27.299  57.190 0.0000000000
59866  -21.740  -26.773  56.490 0.0000000000
59880  -34.595  -25.781  56.146 0.0000000000
59883  -21.528  -27.056  55.734 0.0000000000
59952  -5.613  -27.348  46.461 0.0000000000
60765  -30.033  -25.139  60.220 0.0000000000
60766  -30.466  -25.264  60.067 0.0000000000
60790  -32.459  -25.732  58.787 0.0000000000
60791  -33.121  -25.830  58.450 0.0000000000
60802  -33.343  -26.142  58.236 0.0000000000
60811  -34.112  -26.026  57.570 0.0000000000
61836  -24.707  -24.689  60.371 0.0000000000
61838  -30.577  -24.868  60.176 0.0000000000
61848  -28.578  -25.745  59.573 0.0000000000
61851  -33.390  -25.298  58.399 0.0000000000
61859  -33.845  -25.180  58.171 0.0000000000
61878  -34.897  -24.384  55.552 0.0000000000
62911  -35.521  -23.365  56.209 0.0000000000
62916  -35.337  -23.503  55.688 0.0000000000
62919  -6.076  -24.084  53.692 0.0000000000
62944  -4.785  -24.057  52.485 0.0000000000
62984  -6.126  -24.892  45.774 0.0000000000
63849  -26.369  -22.876  61.635 0.0000000000
63945  -33.930  -23.374  54.081 0.0000000000
63955  -4.566  -23.511  52.455 0.0000000000
64996  -4.828  -22.541  52.296 0.0000000000
66004  -34.233  -20.633  53.514 0.0000000000
66039  -6.084  -21.329  49.991 0.0000000000
68442  -42.602  -18.540  42.898 0.0000000000
69502  -33.630  -18.760  47.469 0.0000000000
69562  -41.842  -18.337  40.355 0.0000000000
72588  -40.015  -15.763  39.744 0.0000000000
73576  -42.478  -14.938  40.041 0.0000000000
84479  -43.169  -3.788  36.200 0.0000000000
84556  -48.812  -3.603  26.823 0.0000000000
132582  -28.870  -26.022  59.580 0.0000000000
132583  -28.449  -25.776  59.352 0.0000000000
132584  -28.804  -25.772  59.716 0.0000000000
132585  -28.953  -25.147  60.310 0.0000000000
