#!ascii label  , from subject bert vox2ras=TkReg
929
55888  -36.253  -31.463  43.560 0.0000000000
51568  -19.838  -35.344  45.785 0.0000000000
52696  -27.604  -34.814  44.047 0.0000000000
80650  -38.567  -6.800  28.233 0.0000000000
81636  -44.084  -6.432  22.208 0.0000000000
50447  -13.423  -35.704  50.884 0.0000000000
78690  -35.644  -9.002  31.525 0.0000000000
59071  -35.776  -28.155  44.713 0.0000000000
52721  -32.352  -34.772  43.582 0.0000000000
50493  -16.417  -36.199  47.444 0.0000000000
48410  -17.453  -39.730  50.700 0.0000000000
55905  -32.847  -31.167  42.213 0.0000000000
59079  -32.746  -28.392  43.300 0.0000000000
54827  -23.159  -33.121  43.899 0.0000000000
55901  -29.380  -31.438  42.736 0.0000000000
67375  -34.872  -20.627  31.772 0.0000000000
71708  -35.993  -16.013  30.183 0.0000000000
74673  -38.073  -12.926  28.355 0.0000000000
43284  -10.876  -43.595  52.759 0.0000000000
42365  -8.709  -45.253  55.461 0.0000000000
60943  -30.636  -26.939  41.075 0.0000000000
62095  -32.091  -26.285  38.068 0.0000000000
63131  -33.591  -24.497  34.481 0.0000000000
45282  -13.825  -41.610  50.653 0.0000000000
50494  -20.927  -37.220  48.212 0.0000000000
51552  -22.111  -35.873  47.532 0.0000000000
53780  -34.621  -33.890  43.635 0.0000000000
55814  -18.051  -31.592  47.478 0.0000000000
51566  -17.886  -34.899  46.746 0.0000000000
49496  -18.492  -37.937  47.761 0.0000000000
55870  -32.716  -31.134  43.884 0.0000000000
55917  -31.300  -31.634  41.502 0.0000000000
71686  -32.437  -16.799  32.135 0.0000000000
69681  -35.100  -18.381  31.095 0.0000000000
73655  -33.049  -14.626  31.282 0.0000000000
77665  -35.923  -10.454  28.823 0.0000000000
77681  -37.737  -10.236  27.261 0.0000000000
76710  -40.097  -11.773  26.994 0.0000000000
78750  -39.795  -9.069  25.769 0.0000000000
78762  -41.820  -8.804  24.942 0.0000000000
59968  -29.811  -27.177  44.429 0.0000000000
59992  -31.026  -27.892  42.429 0.0000000000
62022  -28.678  -26.288  42.861 0.0000000000
63078  -29.204  -24.530  38.394 0.0000000000
64142  -30.716  -23.383  36.254 0.0000000000
62119  -32.926  -25.632  35.742 0.0000000000
65161  -31.415  -22.327  35.414 0.0000000000
66219  -32.041  -21.415  33.521 0.0000000000
53751  -24.895  -34.535  44.671 0.0000000000
47352  -11.766  -39.096  51.108 0.0000000000
48435  -12.999  -38.776  49.661 0.0000000000
38756  -9.603  -47.729  56.414 0.0000000000
38744  -7.801  -48.670  57.205 0.0000000000
76630  -34.405  -11.004  33.339 0.0000000000
60894  -35.671  -26.676  44.571 0.0000000000
52699  -30.101  -34.955  43.908 0.0000000000
50479  -14.848  -36.037  48.791 0.0000000000
48437  -14.405  -38.847  48.529 0.0000000000
48453  -16.376  -38.578  47.801 0.0000000000
82611  -44.915  -5.470  21.365 0.0000000000
55921  -34.752  -31.687  41.824 0.0000000000
58057  -34.881  -29.729  42.247 0.0000000000
58047  -33.427  -29.405  42.993 0.0000000000
55844  -19.181  -31.538  45.508 0.0000000000
54808  -20.771  -33.017  44.569 0.0000000000
56939  -21.284  -30.577  44.033 0.0000000000
55895  -23.813  -31.435  42.714 0.0000000000
54842  -25.701  -32.721  42.587 0.0000000000
55899  -27.257  -31.063  42.991 0.0000000000
53792  -27.587  -33.092  41.966 0.0000000000
53813  -30.604  -33.239  41.203 0.0000000000
54868  -33.370  -32.593  41.419 0.0000000000
65199  -36.455  -22.630  32.892 0.0000000000
76667  -34.274  -11.821  30.488 0.0000000000
73683  -36.628  -13.831  29.237 0.0000000000
78773  -43.067  -8.856  24.025 0.0000000000
43276  -9.721  -43.745  53.829 0.0000000000
40496  -10.640  -46.461  55.466 0.0000000000
59081  -34.337  -28.374  43.251 0.0000000000
60910  -33.454  -27.015  42.618 0.0000000000
62024  -33.745  -26.397  41.794 0.0000000000
62066  -28.642  -25.494  40.247 0.0000000000
60979  -31.536  -26.305  39.647 0.0000000000
62055  -34.685  -25.949  40.578 0.0000000000
62072  -35.235  -25.874  39.331 0.0000000000
62110  -35.562  -25.320  36.418 0.0000000000
64159  -36.312  -24.438  35.030 0.0000000000
65197  -34.098  -22.816  33.132 0.0000000000
68581  -32.205  -19.281  32.883 0.0000000000
53724  -23.574  -34.598  47.607 0.0000000000
46304  -11.024  -40.546  52.603 0.0000000000
44228  -12.696  -42.681  51.873 0.0000000000
47353  -15.965  -40.853  51.149 0.0000000000
37802  -6.370  -49.330  57.110 0.0000000000
50522  -20.242  -36.173  46.198 0.0000000000
50511  -21.511  -36.611  47.825 0.0000000000
51569  -21.054  -35.544  46.176 0.0000000000
53781  -35.603  -33.324  43.662 0.0000000000
53734  -18.625  -33.394  46.234 0.0000000000
52641  -17.781  -33.625  47.128 0.0000000000
51567  -18.516  -35.428  46.388 0.0000000000
50508  -18.652  -36.481  46.647 0.0000000000
73635  -32.452  -14.668  33.452 0.0000000000
72649  -32.433  -15.939  31.933 0.0000000000
74617  -32.770  -13.590  32.756 0.0000000000
80649  -37.980  -7.298  28.536 0.0000000000
79713  -37.105  -8.408  28.403 0.0000000000
79720  -37.983  -8.092  27.088 0.0000000000
78741  -38.201  -9.099  26.731 0.0000000000
79721  -38.616  -8.085  26.529 0.0000000000
80661  -39.778  -7.307  25.847 0.0000000000
60908  -29.210  -26.667  43.797 0.0000000000
65129  -30.447  -22.097  37.081 0.0000000000
64156  -31.338  -23.404  35.561 0.0000000000
66185  -31.363  -21.456  36.036 0.0000000000
66186  -31.589  -20.861  35.523 0.0000000000
52694  -25.665  -34.302  43.532 0.0000000000
52661  -26.199  -35.260  45.936 0.0000000000
51589  -27.089  -35.274  44.916 0.0000000000
48409  -12.525  -37.599  51.222 0.0000000000
48422  -12.936  -38.040  50.134 0.0000000000
80680  -44.000  -7.379  22.533 0.0000000000
38745  -8.517  -48.501  57.037 0.0000000000
58006  -37.129  -29.051  46.400 0.0000000000
59963  -35.788  -27.215  44.993 0.0000000000
52720  -31.382  -34.779  43.295 0.0000000000
51611  -31.963  -35.307  44.701 0.0000000000
52625  -16.641  -33.877  48.052 0.0000000000
51516  -15.665  -34.340  49.114 0.0000000000
51500  -15.235  -33.906  50.046 0.0000000000
51529  -15.415  -35.259  48.553 0.0000000000
49493  -15.260  -37.340  47.995 0.0000000000
49494  -16.528  -37.333  47.477 0.0000000000
49487  -19.521  -38.381  48.883 0.0000000000
49474  -18.871  -38.738  49.454 0.0000000000
56978  -33.676  -31.191  41.568 0.0000000000
56971  -34.441  -30.320  41.831 0.0000000000
56955  -33.111  -30.426  42.914 0.0000000000
56911  -19.219  -30.125  45.953 0.0000000000
56928  -20.072  -30.399  44.908 0.0000000000
58014  -20.665  -29.195  45.160 0.0000000000
58028  -23.563  -28.753  43.772 0.0000000000
56951  -24.675  -30.038  42.792 0.0000000000
55897  -25.045  -31.646  42.570 0.0000000000
56967  -25.372  -30.683  42.631 0.0000000000
55882  -29.346  -31.441  43.721 0.0000000000
55900  -28.461  -31.339  42.975 0.0000000000
54852  -27.220  -32.005  42.033 0.0000000000
54863  -28.722  -31.987  41.653 0.0000000000
53794  -29.755  -33.585  41.616 0.0000000000
54864  -29.520  -32.043  41.331 0.0000000000
55904  -32.054  -31.351  42.219 0.0000000000
54867  -32.460  -32.461  41.189 0.0000000000
55919  -33.148  -31.595  41.573 0.0000000000
54869  -34.265  -32.737  41.856 0.0000000000
65218  -35.464  -22.022  32.307 0.0000000000
66220  -37.233  -21.834  32.524 0.0000000000
66258  -35.943  -20.517  31.650 0.0000000000
71696  -34.608  -16.385  30.617 0.0000000000
69682  -36.130  -18.406  31.074 0.0000000000
77621  -35.048  -9.843  32.694 0.0000000000
76640  -34.029  -11.074  31.698 0.0000000000
78700  -34.958  -9.967  30.828 0.0000000000
75679  -37.097  -12.139  28.317 0.0000000000
75667  -36.275  -12.013  28.590 0.0000000000
74659  -37.223  -13.129  28.732 0.0000000000
73685  -38.455  -14.383  29.365 0.0000000000
78763  -42.480  -9.002  24.571 0.0000000000
80673  -42.165  -7.433  24.009 0.0000000000
80674  -42.789  -7.459  23.517 0.0000000000
45242  -10.314  -41.703  53.497 0.0000000000
44204  -9.873  -42.313  53.847 0.0000000000
43283  -10.247  -43.604  53.228 0.0000000000
41444  -11.254  -45.547  54.824 0.0000000000
39604  -10.979  -47.104  56.823 0.0000000000
59089  -34.029  -28.975  42.964 0.0000000000
59090  -34.631  -29.081  42.833 0.0000000000
59080  -33.552  -28.400  43.126 0.0000000000
60926  -31.414  -27.312  41.706 0.0000000000
60909  -32.651  -27.477  42.512 0.0000000000
60927  -32.718  -26.916  41.822 0.0000000000
62005  -33.926  -26.533  42.414 0.0000000000
60945  -32.702  -26.605  41.005 0.0000000000
64085  -28.706  -23.373  40.343 0.0000000000
62093  -30.236  -25.429  37.782 0.0000000000
62082  -29.965  -25.689  38.592 0.0000000000
61011  -31.636  -26.146  38.610 0.0000000000
62069  -33.216  -26.085  40.200 0.0000000000
62083  -32.805  -26.235  39.400 0.0000000000
62071  -34.473  -26.093  39.635 0.0000000000
62096  -33.445  -26.310  37.634 0.0000000000
63116  -32.675  -24.685  35.041 0.0000000000
62109  -34.752  -25.692  36.309 0.0000000000
63118  -34.920  -25.076  35.082 0.0000000000
63104  -35.976  -24.981  36.025 0.0000000000
63133  -35.208  -24.779  34.782 0.0000000000
64185  -34.773  -23.586  33.568 0.0000000000
64184  -33.740  -23.432  33.669 0.0000000000
68549  -31.850  -19.585  34.254 0.0000000000
66218  -31.892  -20.637  33.251 0.0000000000
69652  -32.171  -18.420  34.401 0.0000000000
54809  -21.960  -33.514  44.541 0.0000000000
53736  -22.810  -34.744  46.616 0.0000000000
53737  -23.515  -34.438  46.420 0.0000000000
45281  -12.710  -41.474  50.676 0.0000000000
45280  -11.886  -41.199  50.986 0.0000000000
45268  -13.466  -42.250  51.500 0.0000000000
47387  -16.182  -39.815  49.122 0.0000000000
47386  -15.401  -40.079  49.165 0.0000000000
47354  -16.497  -40.418  51.032 0.0000000000
49488  -20.434  -37.994  49.158 0.0000000000
50481  -22.065  -36.939  49.694 0.0000000000
51532  -22.568  -36.173  48.955 0.0000000000
51533  -23.019  -35.559  48.741 0.0000000000
52722  -33.576  -34.373  43.597 0.0000000000
52701  -33.527  -34.727  44.788 0.0000000000
54782  -17.697  -32.046  47.965 0.0000000000
52640  -17.335  -34.047  47.334 0.0000000000
51548  -16.711  -35.692  47.373 0.0000000000
49504  -17.271  -36.968  47.276 0.0000000000
49505  -18.132  -37.233  47.193 0.0000000000
49498  -19.975  -37.883  48.134 0.0000000000
55886  -32.699  -31.069  42.970 0.0000000000
56942  -33.136  -30.666  43.609 0.0000000000
55883  -30.243  -31.609  43.468 0.0000000000
55916  -30.361  -31.555  41.623 0.0000000000
55885  -32.046  -31.480  43.092 0.0000000000
69679  -33.289  -18.451  31.661 0.0000000000
68598  -34.795  -19.250  31.321 0.0000000000
70648  -33.482  -17.526  31.313 0.0000000000
71695  -33.645  -16.527  31.051 0.0000000000
72667  -33.967  -14.818  30.554 0.0000000000
78707  -35.512  -9.479  29.836 0.0000000000
79706  -36.212  -8.905  29.232 0.0000000000
77680  -37.099  -10.235  27.827 0.0000000000
76707  -37.792  -11.218  27.547 0.0000000000
75703  -39.421  -12.239  27.448 0.0000000000
76708  -38.513  -11.208  27.050 0.0000000000
76721  -39.944  -11.054  26.490 0.0000000000
77697  -41.299  -10.849  26.208 0.0000000000
78751  -40.460  -9.078  25.546 0.0000000000
79734  -40.659  -7.963  25.179 0.0000000000
43286  -12.457  -43.643  52.858 0.0000000000
42384  -11.821  -44.266  53.626 0.0000000000
42377  -12.877  -44.226  54.651 0.0000000000
59970  -31.317  -28.307  43.921 0.0000000000
59980  -31.949  -28.065  43.043 0.0000000000
59979  -30.758  -28.122  43.436 0.0000000000
59991  -29.923  -27.785  42.851 0.0000000000
60942  -29.533  -26.836  41.410 0.0000000000
64096  -28.892  -23.447  39.063 0.0000000000
64111  -29.527  -22.862  38.065 0.0000000000
64123  -29.737  -24.090  37.345 0.0000000000
62106  -31.310  -25.518  36.820 0.0000000000
62107  -32.393  -25.945  36.455 0.0000000000
63101  -31.612  -24.647  35.875 0.0000000000
63115  -31.828  -24.088  35.303 0.0000000000
64171  -32.488  -23.544  34.353 0.0000000000
64183  -32.976  -23.255  33.852 0.0000000000
65179  -31.812  -22.366  34.706 0.0000000000
54828  -23.941  -33.381  43.814 0.0000000000
53738  -24.132  -34.383  46.104 0.0000000000
53739  -24.732  -34.562  45.759 0.0000000000
47369  -12.294  -39.259  50.232 0.0000000000
46346  -13.172  -40.901  50.020 0.0000000000
40487  -8.713  -46.674  55.913 0.0000000000
41429  -8.393  -45.496  56.914 0.0000000000
39602  -8.376  -47.505  56.747 0.0000000000
39594  -8.055  -46.940  57.515 0.0000000000
39586  -7.093  -46.888  57.937 0.0000000000
61989  -35.552  -25.974  43.617 0.0000000000
52697  -28.720  -34.781  43.881 0.0000000000
51591  -28.413  -35.418  45.225 0.0000000000
51499  -14.451  -34.595  50.136 0.0000000000
50462  -14.203  -36.011  49.800 0.0000000000
49483  -13.874  -38.052  48.912 0.0000000000
49484  -14.334  -37.392  48.775 0.0000000000
48452  -15.552  -38.558  48.001 0.0000000000
48424  -17.369  -39.543  49.784 0.0000000000
48454  -17.378  -38.529  47.828 0.0000000000
48425  -18.116  -39.112  49.738 0.0000000000
48411  -17.952  -39.364  50.801 0.0000000000
82610  -44.360  -5.519  22.041 0.0000000000
55887  -35.667  -31.682  42.933 0.0000000000
56956  -35.777  -30.733  42.781 0.0000000000
56972  -35.168  -30.624  41.977 0.0000000000
58056  -34.175  -29.649  42.441 0.0000000000
58032  -32.806  -28.961  43.607 0.0000000000
58033  -32.989  -29.791  43.838 0.0000000000
58019  -32.537  -29.045  44.492 0.0000000000
59070  -32.037  -28.578  43.975 0.0000000000
59058  -31.286  -28.054  45.052 0.0000000000
53745  -19.380  -33.580  45.544 0.0000000000
53746  -20.334  -33.926  45.043 0.0000000000
54807  -19.632  -32.727  45.045 0.0000000000
55846  -20.722  -31.979  44.377 0.0000000000
55863  -21.696  -31.926  43.855 0.0000000000
58026  -21.779  -29.470  44.151 0.0000000000
56949  -22.629  -30.726  43.218 0.0000000000
54839  -23.515  -32.654  43.278 0.0000000000
54840  -24.207  -32.847  43.045 0.0000000000
53776  -25.468  -33.191  42.867 0.0000000000
53777  -26.244  -33.394  42.649 0.0000000000
56969  -26.798  -30.413  43.363 0.0000000000
54851  -26.337  -32.158  42.272 0.0000000000
53791  -26.815  -32.662  42.207 0.0000000000
52716  -27.440  -33.988  42.771 0.0000000000
52738  -29.091  -34.048  42.238 0.0000000000
52739  -30.200  -34.142  42.118 0.0000000000
52740  -31.177  -34.372  42.391 0.0000000000
54865  -30.468  -32.207  41.090 0.0000000000
53814  -31.721  -33.273  41.124 0.0000000000
52760  -32.718  -34.072  41.881 0.0000000000
53817  -34.072  -33.400  42.198 0.0000000000
54854  -35.202  -32.505  42.622 0.0000000000
55829  -18.488  -31.308  46.627 0.0000000000
68599  -35.789  -19.263  31.312 0.0000000000
75629  -33.481  -12.124  32.004 0.0000000000
75636  -33.429  -13.147  31.069 0.0000000000
73667  -34.895  -14.238  30.083 0.0000000000
76677  -35.149  -11.352  29.398 0.0000000000
74643  -35.163  -13.227  29.576 0.0000000000
73668  -35.910  -14.234  29.641 0.0000000000
72672  -38.335  -15.576  29.917 0.0000000000
78774  -43.679  -9.110  23.756 0.0000000000
80679  -43.403  -7.413  23.055 0.0000000000
82604  -43.331  -6.039  23.267 0.0000000000
44192  -9.173  -42.779  55.193 0.0000000000
42374  -9.091  -44.990  54.722 0.0000000000
41451  -11.026  -44.934  54.125 0.0000000000
41449  -9.798  -45.354  54.475 0.0000000000
41442  -9.395  -45.881  54.876 0.0000000000
39612  -9.898  -47.093  55.801 0.0000000000
58048  -35.731  -29.694  43.263 0.0000000000
59082  -35.149  -28.600  43.559 0.0000000000
59983  -34.619  -27.923  43.599 0.0000000000
59981  -33.079  -27.752  43.001 0.0000000000
59982  -34.177  -27.436  43.311 0.0000000000
59972  -35.042  -27.397  44.123 0.0000000000
60903  -35.131  -26.469  43.998 0.0000000000
62007  -35.221  -26.027  43.086 0.0000000000
63023  -35.045  -25.929  42.312 0.0000000000
62037  -28.328  -25.865  41.749 0.0000000000
60959  -28.962  -26.478  40.905 0.0000000000
63068  -28.853  -24.720  39.107 0.0000000000
60977  -29.741  -26.062  39.575 0.0000000000
60961  -31.049  -26.608  40.241 0.0000000000
60963  -32.893  -26.275  40.542 0.0000000000
62039  -33.956  -26.134  41.219 0.0000000000
62097  -34.572  -26.025  37.422 0.0000000000
62086  -35.389  -25.855  38.323 0.0000000000
64175  -36.668  -23.975  34.456 0.0000000000
65198  -35.186  -22.827  32.955 0.0000000000
66239  -33.719  -21.258  32.351 0.0000000000
65215  -32.658  -22.005  33.211 0.0000000000
66238  -32.610  -21.081  32.764 0.0000000000
67373  -33.213  -20.256  32.220 0.0000000000
69666  -32.477  -18.510  32.602 0.0000000000
71676  -32.214  -16.868  33.707 0.0000000000
52676  -21.554  -34.933  45.777 0.0000000000
52643  -22.982  -35.076  47.761 0.0000000000
53725  -24.093  -34.380  47.205 0.0000000000
45252  -10.688  -41.650  52.748 0.0000000000
46305  -11.413  -39.725  52.548 0.0000000000
45266  -11.272  -41.376  51.735 0.0000000000
44227  -11.699  -42.456  51.791 0.0000000000
44218  -13.352  -43.220  52.791 0.0000000000
48436  -13.500  -38.604  49.180 0.0000000000
46363  -14.716  -40.576  49.513 0.0000000000
45284  -15.119  -41.291  50.971 0.0000000000
36732  -7.955  -50.455  57.890 0.0000000000
38735  -7.057  -48.402  57.408 0.0000000000
38726  -6.491  -47.743  57.728 0.0000000000
55871  -36.846  -31.677  44.495 0.0000000000
51588  -20.507  -35.142  45.764 0.0000000000
54844  -36.456  -32.672  44.050 0.0000000000
52656  -19.065  -34.410  45.991 0.0000000000
50521  -19.296  -36.090  46.253 0.0000000000
74618  -33.259  -13.449  33.645 0.0000000000
81609  -38.642  -6.714  28.582 0.0000000000
80654  -37.957  -7.611  27.659 0.0000000000
80655  -38.535  -7.126  27.467 0.0000000000
80660  -39.245  -7.113  26.545 0.0000000000
65160  -31.015  -22.372  36.006 0.0000000000
52695  -26.427  -34.408  43.394 0.0000000000
52678  -26.546  -35.097  44.704 0.0000000000
52679  -27.210  -35.159  44.625 0.0000000000
50446  -12.799  -36.020  51.464 0.0000000000
49461  -13.132  -36.847  50.622 0.0000000000
80685  -44.691  -7.301  21.940 0.0000000000
59061  -36.078  -27.671  45.301 0.0000000000
51625  -31.493  -35.135  44.027 0.0000000000
51530  -16.253  -34.998  47.933 0.0000000000
52624  -16.220  -33.732  48.918 0.0000000000
50492  -15.652  -36.172  47.877 0.0000000000
56970  -33.622  -30.577  42.096 0.0000000000
56912  -19.925  -29.569  45.575 0.0000000000
58029  -25.265  -28.692  44.077 0.0000000000
59078  -24.537  -28.766  43.703 0.0000000000
58043  -25.001  -29.239  43.346 0.0000000000
56952  -25.668  -29.842  43.040 0.0000000000
55914  -28.591  -31.549  42.155 0.0000000000
55915  -29.440  -31.503  41.860 0.0000000000
55918  -32.216  -31.668  41.505 0.0000000000
66240  -34.700  -21.301  32.077 0.0000000000
66241  -35.722  -21.055  31.813 0.0000000000
71707  -35.146  -15.874  30.352 0.0000000000
71697  -35.670  -16.709  30.464 0.0000000000
71709  -36.810  -16.117  30.104 0.0000000000
78679  -35.232  -9.507  31.836 0.0000000000
78689  -35.084  -9.725  31.324 0.0000000000
74672  -37.575  -12.584  28.348 0.0000000000
74660  -38.187  -13.683  28.827 0.0000000000
81624  -41.879  -6.524  24.267 0.0000000000
44215  -10.379  -42.647  52.879 0.0000000000
58046  -33.141  -28.738  43.272 0.0000000000
60944  -31.788  -26.857  41.000 0.0000000000
62094  -31.026  -25.777  37.630 0.0000000000
61009  -30.781  -25.809  38.017 0.0000000000
61010  -31.241  -26.004  38.282 0.0000000000
62084  -33.499  -26.318  38.921 0.0000000000
63117  -33.991  -25.019  35.006 0.0000000000
63132  -34.567  -24.683  34.593 0.0000000000
64173  -34.231  -24.085  34.131 0.0000000000
54810  -22.873  -33.622  44.551 0.0000000000
53748  -22.786  -34.287  45.398 0.0000000000
53749  -23.524  -34.130  45.287 0.0000000000
45269  -14.576  -41.801  51.501 0.0000000000
47372  -17.050  -39.830  50.230 0.0000000000
47371  -16.466  -40.117  50.033 0.0000000000
47355  -17.054  -40.046  50.928 0.0000000000
42366  -8.857  -44.392  55.567 0.0000000000
42356  -8.542  -44.909  56.244 0.0000000000
58021  -36.725  -29.468  45.553 0.0000000000
50480  -21.281  -37.395  49.378 0.0000000000
50495  -21.805  -36.731  48.589 0.0000000000
51553  -22.752  -35.660  48.234 0.0000000000
53779  -34.149  -33.866  43.116 0.0000000000
52723  -34.108  -34.378  44.186 0.0000000000
55800  -17.983  -31.225  48.339 0.0000000000
52654  -17.656  -34.624  46.938 0.0000000000
51531  -16.865  -34.559  47.569 0.0000000000
51549  -17.320  -35.291  47.025 0.0000000000
50507  -17.680  -36.395  46.933 0.0000000000
51550  -17.994  -35.929  46.671 0.0000000000
49507  -20.253  -37.326  47.381 0.0000000000
49506  -19.211  -37.529  47.305 0.0000000000
56932  -33.112  -30.467  44.537 0.0000000000
55884  -31.165  -31.603  43.268 0.0000000000
55852  -32.751  -31.183  45.054 0.0000000000
69678  -32.780  -18.188  32.120 0.0000000000
70647  -32.856  -17.551  31.835 0.0000000000
72656  -32.948  -15.672  31.371 0.0000000000
72657  -33.778  -15.418  30.752 0.0000000000
73656  -33.569  -14.401  30.777 0.0000000000
79694  -36.067  -8.677  29.982 0.0000000000
79707  -36.757  -8.258  29.297 0.0000000000
78730  -37.311  -9.259  27.599 0.0000000000
78729  -36.718  -9.457  28.234 0.0000000000
76706  -37.426  -10.738  27.678 0.0000000000
77682  -38.156  -10.727  27.144 0.0000000000
78742  -38.963  -9.151  26.133 0.0000000000
77695  -39.722  -10.063  26.075 0.0000000000
77708  -40.170  -9.512  25.782 0.0000000000
77709  -40.634  -9.757  25.762 0.0000000000
79728  -40.138  -8.240  25.505 0.0000000000
59969  -30.656  -27.750  44.666 0.0000000000
59978  -29.945  -27.678  43.823 0.0000000000
59990  -29.510  -27.240  43.402 0.0000000000
60924  -29.088  -26.771  42.623 0.0000000000
60925  -30.230  -27.384  41.926 0.0000000000
64125  -30.407  -22.787  36.620 0.0000000000
64124  -29.982  -23.378  36.956 0.0000000000
64141  -30.444  -23.714  36.534 0.0000000000
63088  -30.079  -24.551  37.141 0.0000000000
63100  -30.632  -24.375  36.570 0.0000000000
64157  -31.826  -23.459  34.964 0.0000000000
53763  -24.401  -33.675  43.864 0.0000000000
53750  -24.231  -34.104  44.684 0.0000000000
48421  -12.631  -38.707  50.068 0.0000000000
48408  -12.306  -38.422  50.721 0.0000000000
47383  -12.773  -39.217  49.762 0.0000000000
46361  -12.794  -39.948  49.742 0.0000000000
46362  -13.697  -40.346  49.457 0.0000000000
39611  -9.126  -47.372  56.086 0.0000000000
38755  -8.959  -48.003  56.553 0.0000000000
39601  -8.088  -48.143  57.105 0.0000000000
39593  -7.689  -47.776  57.322 0.0000000000
60895  -36.379  -26.454  45.204 0.0000000000
61973  -36.197  -26.064  44.402 0.0000000000
52698  -29.623  -34.887  43.882 0.0000000000
51608  -29.055  -35.149  44.576 0.0000000000
51609  -30.046  -35.240  44.473 0.0000000000
51515  -14.982  -34.888  49.308 0.0000000000
50463  -14.591  -35.385  49.493 0.0000000000
50478  -14.512  -36.559  49.008 0.0000000000
48439  -16.502  -39.433  48.629 0.0000000000
48440  -17.392  -39.208  48.677 0.0000000000
49495  -17.632  -37.772  47.545 0.0000000000
48455  -18.109  -38.398  47.990 0.0000000000
49463  -18.794  -38.812  50.794 0.0000000000
55906  -35.380  -31.444  42.347 0.0000000000
56980  -34.669  -30.874  41.647 0.0000000000
58020  -32.891  -29.573  45.008 0.0000000000
59059  -31.841  -28.478  45.293 0.0000000000
59069  -31.429  -28.255  44.580 0.0000000000
54806  -18.906  -32.504  45.892 0.0000000000
56938  -20.722  -30.735  44.359 0.0000000000
55861  -20.472  -31.249  44.441 0.0000000000
55862  -21.099  -31.461  44.112 0.0000000000
55875  -21.607  -31.249  43.767 0.0000000000
56950  -23.653  -30.599  42.810 0.0000000000
58041  -22.798  -29.797  43.365 0.0000000000
55877  -23.170  -31.693  42.964 0.0000000000
55878  -23.897  -32.131  42.769 0.0000000000
54850  -25.590  -32.109  42.489 0.0000000000
54841  -24.993  -32.754  42.850 0.0000000000
53765  -25.805  -34.027  43.215 0.0000000000
55880  -27.869  -30.658  44.395 0.0000000000
56954  -27.166  -30.241  43.954 0.0000000000
54862  -28.007  -32.091  41.922 0.0000000000
53778  -27.001  -33.582  42.549 0.0000000000
52736  -27.711  -33.622  42.328 0.0000000000
52717  -28.403  -34.326  43.059 0.0000000000
52737  -28.159  -33.758  42.322 0.0000000000
53795  -30.270  -33.722  41.565 0.0000000000
52757  -30.530  -33.775  41.559 0.0000000000
52758  -31.035  -33.860  41.589 0.0000000000
55903  -31.206  -31.447  42.322 0.0000000000
54866  -31.475  -32.367  41.071 0.0000000000
53815  -32.700  -33.424  41.257 0.0000000000
53816  -33.500  -33.549  41.876 0.0000000000
54870  -34.795  -32.450  42.050 0.0000000000
54853  -34.770  -32.810  42.197 0.0000000000
64188  -37.589  -23.122  34.098 0.0000000000
66243  -37.572  -21.241  32.266 0.0000000000
66221  -38.065  -21.330  32.868 0.0000000000
75620  -33.487  -12.306  33.096 0.0000000000
76629  -33.863  -11.390  32.553 0.0000000000
76653  -34.335  -11.232  30.896 0.0000000000
75637  -33.768  -12.356  30.907 0.0000000000
74642  -34.240  -13.343  30.205 0.0000000000
78720  -35.705  -9.837  29.234 0.0000000000
77652  -35.321  -10.420  29.480 0.0000000000
76678  -35.714  -11.249  28.879 0.0000000000
74658  -36.082  -12.989  29.060 0.0000000000
73682  -36.102  -13.659  29.354 0.0000000000
73669  -36.966  -14.727  29.519 0.0000000000
73671  -38.901  -15.048  29.918 0.0000000000
75704  -40.250  -12.430  27.557 0.0000000000
78753  -42.058  -9.444  25.279 0.0000000000
78764  -43.296  -9.513  24.525 0.0000000000
81630  -43.029  -6.603  23.322 0.0000000000
44203  -9.500  -42.966  54.284 0.0000000000
43269  -9.262  -43.842  54.757 0.0000000000
42375  -11.567  -44.718  54.207 0.0000000000
42383  -11.191  -44.493  53.649 0.0000000000
40497  -11.202  -46.130  55.507 0.0000000000
41443  -10.254  -45.883  54.792 0.0000000000
40495  -9.853  -46.512  55.283 0.0000000000
39623  -10.316  -46.804  55.693 0.0000000000
39595  -10.565  -47.649  57.278 0.0000000000
58058  -35.449  -29.948  42.491 0.0000000000
56957  -36.160  -30.467  43.499 0.0000000000
59091  -35.186  -29.367  42.817 0.0000000000
59971  -34.639  -26.940  43.806 0.0000000000
60902  -34.570  -26.701  43.504 0.0000000000
62006  -34.691  -26.189  42.561 0.0000000000
62025  -34.544  -26.031  41.856 0.0000000000
63054  -28.325  -24.944  40.583 0.0000000000
63042  -28.218  -25.083  41.667 0.0000000000
62051  -28.426  -25.840  40.997 0.0000000000
62052  -28.944  -26.033  40.369 0.0000000000
60978  -30.446  -26.168  39.339 0.0000000000
62068  -29.694  -25.833  39.153 0.0000000000
60962  -32.077  -26.461  40.371 0.0000000000
62054  -33.988  -26.162  40.629 0.0000000000
62040  -34.600  -25.941  41.277 0.0000000000
63043  -35.289  -25.744  41.352 0.0000000000
62108  -33.638  -26.028  36.453 0.0000000000
62098  -35.602  -25.574  37.250 0.0000000000
63120  -36.503  -24.587  35.711 0.0000000000
63105  -36.576  -24.733  36.348 0.0000000000
63121  -36.929  -24.465  36.046 0.0000000000
64160  -37.443  -23.992  35.658 0.0000000000
64186  -35.958  -23.555  33.579 0.0000000000
65217  -34.409  -22.092  32.547 0.0000000000
65195  -32.325  -22.445  33.860 0.0000000000
65196  -33.168  -22.724  33.379 0.0000000000
67371  -31.919  -19.949  33.082 0.0000000000
66237  -32.137  -20.471  32.866 0.0000000000
67372  -32.429  -20.088  32.644 0.0000000000
68582  -32.738  -19.387  32.384 0.0000000000
53747  -21.759  -34.491  45.379 0.0000000000
53723  -23.180  -34.769  47.343 0.0000000000
52644  -23.506  -34.870  48.201 0.0000000000
53726  -24.676  -34.481  46.927 0.0000000000
51573  -28.576  -35.642  46.157 0.0000000000
46284  -10.616  -41.178  53.303 0.0000000000
46303  -10.809  -41.031  52.892 0.0000000000
47337  -11.684  -38.951  52.244 0.0000000000
46326  -11.562  -39.833  51.585 0.0000000000
45267  -12.200  -42.021  51.240 0.0000000000
44217  -12.187  -43.170  52.253 0.0000000000
47370  -15.899  -40.549  50.245 0.0000000000
46364  -15.395  -40.634  49.770 0.0000000000
46348  -15.255  -41.055  50.426 0.0000000000
81637  -44.772  -6.357  21.542 0.0000000000
37803  -6.946  -49.475  57.318 0.0000000000
36731  -7.440  -50.391  57.536 0.0000000000
38734  -6.469  -48.482  57.442 0.0000000000
50510  -21.014  -36.527  47.008 0.0000000000
51551  -21.512  -35.885  46.835 0.0000000000
51570  -21.721  -35.607  46.717 0.0000000000
54795  -18.354  -32.461  46.627 0.0000000000
53733  -18.068  -33.188  46.901 0.0000000000
52655  -18.101  -34.209  46.683 0.0000000000
50520  -18.813  -36.019  46.398 0.0000000000
50509  -19.803  -36.851  46.619 0.0000000000
72648  -32.189  -16.073  32.499 0.0000000000
73645  -32.283  -15.555  32.313 0.0000000000
73646  -32.394  -14.843  32.131 0.0000000000
74626  -32.877  -13.755  31.837 0.0000000000
80648  -37.312  -7.836  28.949 0.0000000000
79714  -37.598  -8.202  27.698 0.0000000000
78731  -37.728  -8.821  27.185 0.0000000000
77693  -38.055  -9.774  26.903 0.0000000000
79727  -39.344  -8.162  25.923 0.0000000000
60899  -29.437  -26.669  44.482 0.0000000000
62004  -28.654  -25.972  43.370 0.0000000000
65144  -30.679  -22.385  36.477 0.0000000000
52677  -25.593  -34.669  44.140 0.0000000000
52660  -25.462  -34.949  45.302 0.0000000000
51571  -27.001  -35.405  45.457 0.0000000000
79749  -44.626  -8.349  22.568 0.0000000000
38746  -9.391  -48.502  57.061 0.0000000000
37815  -8.923  -49.193  57.398 0.0000000000
37814  -8.248  -49.271  57.376 0.0000000000
59964  -36.379  -27.198  45.648 0.0000000000
52719  -30.369  -34.805  43.283 0.0000000000
51623  -30.342  -34.997  43.922 0.0000000000
51624  -30.768  -35.090  43.946 0.0000000000
53709  -16.621  -32.895  48.898 0.0000000000
53708  -16.318  -33.050  49.577 0.0000000000
52611  -16.000  -33.296  49.975 0.0000000000
49486  -18.755  -38.476  48.463 0.0000000000
49475  -19.708  -38.467  50.010 0.0000000000
56979  -34.162  -31.008  41.518 0.0000000000
56927  -19.499  -30.914  45.203 0.0000000000
58025  -20.870  -30.051  44.498 0.0000000000
58027  -22.954  -28.923  43.805 0.0000000000
59077  -23.993  -28.630  43.827 0.0000000000
58042  -23.862  -29.268  43.298 0.0000000000
56965  -24.077  -31.133  42.664 0.0000000000
55896  -24.318  -31.583  42.644 0.0000000000
56966  -24.525  -30.936  42.616 0.0000000000
55898  -25.999  -31.296  42.411 0.0000000000
55881  -28.477  -31.136  43.986 0.0000000000
55913  -27.880  -31.646  42.413 0.0000000000
53810  -28.249  -32.425  41.718 0.0000000000
53793  -28.802  -33.338  41.748 0.0000000000
53811  -28.720  -32.602  41.508 0.0000000000
53812  -29.606  -32.848  41.218 0.0000000000
55920  -33.892  -31.787  41.601 0.0000000000
65200  -37.764  -22.507  33.532 0.0000000000
65219  -36.364  -21.782  32.187 0.0000000000
66242  -36.854  -21.029  31.858 0.0000000000
67376  -37.111  -20.423  31.758 0.0000000000
70650  -35.380  -17.485  30.811 0.0000000000
77607  -34.746  -10.270  32.815 0.0000000000
76641  -34.307  -10.715  32.507 0.0000000000
77620  -34.750  -10.113  32.006 0.0000000000
77631  -34.400  -10.842  31.328 0.0000000000
76654  -34.683  -10.865  30.621 0.0000000000
76688  -36.321  -11.176  28.443 0.0000000000
75668  -36.673  -12.579  28.673 0.0000000000
73684  -37.555  -14.128  29.210 0.0000000000
79735  -41.257  -8.227  24.923 0.0000000000
79736  -41.953  -8.223  24.437 0.0000000000
79741  -42.599  -8.254  23.943 0.0000000000
81625  -42.458  -6.584  23.764 0.0000000000
44214  -9.831  -43.062  53.526 0.0000000000
42390  -10.216  -44.170  53.606 0.0000000000
39614  -10.824  -47.023  56.339 0.0000000000
59993  -31.970  -27.583  42.254 0.0000000000
60911  -34.251  -26.634  42.977 0.0000000000
60928  -33.467  -26.670  42.158 0.0000000000
62023  -33.157  -26.559  41.401 0.0000000000
64084  -28.496  -24.157  40.004 0.0000000000
63087  -29.625  -24.634  37.698 0.0000000000
62092  -29.597  -25.187  38.188 0.0000000000
60993  -30.643  -25.896  38.477 0.0000000000
60994  -31.243  -26.128  38.921 0.0000000000
60980  -32.405  -26.156  39.901 0.0000000000
60995  -31.946  -26.260  39.116 0.0000000000
62070  -33.761  -26.187  39.927 0.0000000000
62085  -34.446  -26.141  38.570 0.0000000000
62120  -33.751  -25.537  35.577 0.0000000000
62121  -34.556  -25.375  35.512 0.0000000000
63089  -36.131  -25.084  36.758 0.0000000000
63103  -35.265  -25.208  35.765 0.0000000000
63119  -35.715  -24.780  35.203 0.0000000000
64158  -35.861  -24.571  34.855 0.0000000000
64174  -35.494  -24.349  34.408 0.0000000000
66202  -31.650  -20.612  33.961 0.0000000000
67356  -31.737  -20.018  33.712 0.0000000000
68566  -31.953  -19.181  33.683 0.0000000000
69665  -32.121  -18.541  33.255 0.0000000000
46345  -12.077  -40.318  50.555 0.0000000000
46344  -11.548  -40.627  51.281 0.0000000000
44229  -13.324  -42.727  52.085 0.0000000000
45254  -13.783  -42.656  52.297 0.0000000000
48438  -15.496  -39.283  48.454 0.0000000000
59072  -36.249  -28.958  44.985 0.0000000000
49476  -20.729  -38.011  50.384 0.0000000000
50464  -21.545  -37.438  50.261 0.0000000000
52700  -32.816  -34.864  44.344 0.0000000000
53710  -17.235  -32.438  48.439 0.0000000000
53722  -17.603  -33.009  47.582 0.0000000000
53721  -16.986  -33.199  47.976 0.0000000000
50506  -16.988  -36.231  47.185 0.0000000000
49497  -19.181  -38.065  48.116 0.0000000000
55902  -30.295  -31.495  42.502 0.0000000000
67389  -33.759  -19.912  31.769 0.0000000000
67390  -34.459  -19.986  31.586 0.0000000000
68597  -33.897  -19.260  31.455 0.0000000000
69680  -34.114  -18.413  31.169 0.0000000000
70649  -34.373  -17.455  30.965 0.0000000000
71694  -32.920  -16.679  31.566 0.0000000000
71706  -34.659  -15.784  30.453 0.0000000000
72668  -34.541  -15.156  30.413 0.0000000000
79686  -35.817  -8.808  30.760 0.0000000000
79693  -35.632  -9.075  30.300 0.0000000000
78708  -35.873  -9.274  29.401 0.0000000000
78721  -36.165  -9.601  28.827 0.0000000000
79712  -36.520  -8.891  28.757 0.0000000000
77666  -36.512  -10.376  28.329 0.0000000000
76689  -37.023  -11.183  28.020 0.0000000000
76690  -37.450  -11.688  27.943 0.0000000000
75680  -37.917  -12.137  27.883 0.0000000000
75681  -38.746  -12.577  27.953 0.0000000000
75702  -38.633  -11.988  27.361 0.0000000000
76709  -39.276  -11.587  26.903 0.0000000000
77694  -38.554  -10.174  26.694 0.0000000000
76720  -39.184  -10.856  26.583 0.0000000000
78752  -41.228  -9.148  25.365 0.0000000000
79729  -40.755  -8.561  25.285 0.0000000000
80667  -40.873  -7.297  24.956 0.0000000000
43285  -11.682  -43.617  52.656 0.0000000000
42393  -11.976  -43.932  53.125 0.0000000000
42376  -12.308  -44.401  54.245 0.0000000000
64097  -29.438  -22.561  38.748 0.0000000000
64110  -29.394  -23.806  37.842 0.0000000000
65128  -29.961  -22.316  37.626 0.0000000000
62105  -30.651  -25.161  37.130 0.0000000000
63102  -32.384  -25.287  35.723 0.0000000000
63130  -32.985  -24.207  34.450 0.0000000000
64172  -33.311  -23.873  34.139 0.0000000000
66203  -31.683  -21.334  34.370 0.0000000000
67342  -31.758  -19.995  34.856 0.0000000000
68550  -32.051  -19.065  34.804 0.0000000000
54811  -23.544  -33.702  44.452 0.0000000000
52645  -25.366  -34.877  46.521 0.0000000000
48399  -17.614  -39.820  51.690 0.0000000000
41441  -8.812  -45.976  55.366 0.0000000000
41435  -8.534  -45.799  56.094 0.0000000000
40483  -8.355  -46.422  56.809 0.0000000000
39587  -7.959  -46.611  58.054 0.0000000000
76631  -35.067  -10.662  33.946 0.0000000000
77608  -35.350  -9.914  33.370 0.0000000000
78666  -35.810  -9.180  33.099 0.0000000000
78691  -35.936  -8.716  32.142 0.0000000000
63012  -36.299  -25.726  43.921 0.0000000000
51606  -27.817  -35.099  44.477 0.0000000000
51607  -28.208  -35.115  44.514 0.0000000000
51484  -14.076  -33.954  51.214 0.0000000000
51498  -13.890  -34.961  50.690 0.0000000000
49462  -13.665  -36.370  50.289 0.0000000000
49473  -13.849  -36.856  49.864 0.0000000000
48451  -14.880  -38.418  48.197 0.0000000000
49492  -14.943  -37.912  48.098 0.0000000000
48423  -16.758  -39.755  49.572 0.0000000000
48441  -18.148  -38.831  48.693 0.0000000000
54843  -35.874  -32.346  43.324 0.0000000000
59961  -31.088  -27.754  45.702 0.0000000000
52674  -19.937  -34.514  45.495 0.0000000000
55845  -19.940  -31.686  44.713 0.0000000000
54825  -21.407  -32.448  44.206 0.0000000000
54826  -22.282  -32.706  43.941 0.0000000000
59054  -21.314  -28.451  45.494 0.0000000000
58015  -21.348  -28.891  44.880 0.0000000000
58040  -22.232  -30.115  43.518 0.0000000000
56948  -21.900  -30.607  43.602 0.0000000000
55876  -22.264  -31.633  43.485 0.0000000000
54838  -22.853  -32.395  43.475 0.0000000000
54829  -24.506  -33.330  43.416 0.0000000000
55879  -24.504  -32.209  42.713 0.0000000000
53764  -25.081  -33.850  43.525 0.0000000000
52715  -26.761  -33.859  42.824 0.0000000000
56953  -26.471  -29.866  43.671 0.0000000000
56968  -26.311  -30.454  42.890 0.0000000000
52718  -29.390  -34.573  43.045 0.0000000000
52741  -32.109  -34.389  42.565 0.0000000000
52759  -31.927  -33.974  41.708 0.0000000000
52742  -33.040  -34.221  42.658 0.0000000000
53796  -33.830  -33.818  42.654 0.0000000000
53797  -34.547  -33.351  42.611 0.0000000000
53798  -35.012  -33.285  43.109 0.0000000000
55815  -18.272  -30.658  47.771 0.0000000000
55828  -18.220  -31.950  46.999 0.0000000000
67391  -35.421  -20.133  31.556 0.0000000000
67392  -36.431  -20.151  31.582 0.0000000000
68584  -37.219  -19.944  31.700 0.0000000000
75619  -33.099  -12.923  32.247 0.0000000000
75628  -33.251  -12.985  31.531 0.0000000000
74633  -33.239  -13.735  31.177 0.0000000000
74634  -33.642  -13.537  30.712 0.0000000000
73666  -34.100  -14.266  30.420 0.0000000000
72669  -35.476  -15.143  30.132 0.0000000000
78701  -35.311  -9.504  30.616 0.0000000000
77642  -34.935  -10.393  30.306 0.0000000000
76668  -34.707  -11.381  30.126 0.0000000000
75666  -35.560  -12.085  29.017 0.0000000000
75652  -34.974  -12.182  29.472 0.0000000000
75651  -34.449  -12.377  30.078 0.0000000000
72671  -37.461  -15.666  29.896 0.0000000000
73670  -37.942  -14.927  29.612 0.0000000000
79743  -43.999  -8.663  23.197 0.0000000000
79742  -43.326  -8.285  23.450 0.0000000000
79748  -43.850  -8.049  22.917 0.0000000000
81631  -43.529  -6.546  22.814 0.0000000000
82605  -43.831  -5.432  23.064 0.0000000000
43264  -8.938  -43.436  55.810 0.0000000000
42391  -10.726  -44.144  53.284 0.0000000000
42382  -10.586  -44.610  53.815 0.0000000000
41450  -10.471  -45.201  54.293 0.0000000000
42381  -9.814  -44.621  54.079 0.0000000000
42373  -8.901  -45.553  54.999 0.0000000000
40494  -9.221  -46.409  55.363 0.0000000000
40488  -9.355  -46.850  55.624 0.0000000000
39603  -10.528  -47.352  56.563 0.0000000000
38757  -10.137  -47.424  56.287 0.0000000000
38747  -10.065  -47.891  56.844 0.0000000000
61988  -34.879  -26.261  43.306 0.0000000000
62003  -28.470  -25.295  43.164 0.0000000000
64057  -28.426  -24.022  42.018 0.0000000000
63031  -28.379  -24.851  42.777 0.0000000000
62021  -28.453  -25.930  42.516 0.0000000000
60941  -28.669  -26.435  41.787 0.0000000000
64095  -28.642  -24.294  39.450 0.0000000000
63067  -28.575  -24.904  39.782 0.0000000000
62081  -29.372  -25.298  38.812 0.0000000000
62067  -29.146  -25.651  39.623 0.0000000000
60960  -29.760  -26.484  40.249 0.0000000000
62038  -33.361  -26.371  41.088 0.0000000000
62053  -33.518  -26.235  40.704 0.0000000000
63033  -35.189  -25.822  41.952 0.0000000000
63024  -35.684  -25.751  42.871 0.0000000000
63055  -35.403  -25.690  40.872 0.0000000000
64176  -37.478  -23.546  34.576 0.0000000000
64187  -37.053  -23.340  33.758 0.0000000000
67374  -34.091  -20.594  31.891 0.0000000000
65216  -33.409  -22.053  32.827 0.0000000000
68583  -33.280  -19.352  31.918 0.0000000000
69667  -32.908  -18.782  32.138 0.0000000000
70641  -32.462  -17.610  32.420 0.0000000000
70640  -32.112  -17.735  33.045 0.0000000000
71685  -32.118  -16.848  32.803 0.0000000000
72641  -32.125  -15.916  33.224 0.0000000000
73624  -32.832  -14.883  34.427 0.0000000000
52675  -20.857  -34.796  45.619 0.0000000000
52657  -21.410  -35.106  45.949 0.0000000000
52658  -22.043  -35.143  46.416 0.0000000000
53735  -22.309  -34.835  46.075 0.0000000000
52659  -22.652  -35.039  46.992 0.0000000000
52642  -22.518  -35.264  47.167 0.0000000000
53712  -24.091  -34.419  47.964 0.0000000000
53713  -24.539  -34.402  47.738 0.0000000000
53711  -23.882  -34.525  48.021 0.0000000000
52627  -23.962  -34.759  48.517 0.0000000000
51590  -27.628  -35.291  44.877 0.0000000000
51572  -27.722  -35.553  45.848 0.0000000000
46262  -10.410  -40.935  53.945 0.0000000000
44226  -10.975  -42.144  52.190 0.0000000000
46325  -11.302  -40.403  51.912 0.0000000000
45265  -10.949  -41.606  52.239 0.0000000000
44216  -11.230  -43.009  52.260 0.0000000000
49472  -13.592  -37.595  49.577 0.0000000000
47385  -14.126  -39.722  48.969 0.0000000000
47384  -13.273  -39.440  49.353 0.0000000000
46347  -14.251  -41.085  50.035 0.0000000000
45283  -14.692  -41.411  50.789 0.0000000000
47340  -17.003  -40.298  51.847 0.0000000000
46328  -15.441  -41.210  51.384 0.0000000000
46327  -15.150  -41.479  51.744 0.0000000000
37805  -8.543  -49.980  58.079 0.0000000000
37804  -7.686  -49.633  57.387 0.0000000000
38733  -5.988  -48.169  57.329 0.0000000000
38725  -6.199  -47.791  57.819 0.0000000000
38724  -6.022  -47.701  57.697 0.0000000000
39613  -10.548  -46.947  55.983 0.0000000000
39622  -10.174  -46.721  55.537 0.0000000000
40489  -10.806  -46.698  55.817 0.0000000000
42392  -11.380  -44.056  53.124 0.0000000000
43287  -12.898  -43.647  53.192 0.0000000000
45253  -10.939  -41.237  52.420 0.0000000000
45270  -15.007  -41.435  51.281 0.0000000000
49485  -14.708  -36.817  48.624 0.0000000000
49503  -16.790  -36.700  47.364 0.0000000000
51587  -20.276  -34.938  45.631 0.0000000000
54794  -18.008  -32.389  47.263 0.0000000000
59967  -29.512  -26.926  44.163 0.0000000000
59977  -29.581  -27.154  43.929 0.0000000000
60923  -28.681  -26.421  42.333 0.0000000000
66259  -36.235  -20.702  31.704 0.0000000000
67341  -31.677  -20.065  34.195 0.0000000000
72658  -34.363  -15.700  30.520 0.0000000000
73634  -32.170  -15.386  32.712 0.0000000000
74644  -35.802  -13.542  29.411 0.0000000000
74657  -35.410  -12.646  29.227 0.0000000000
75678  -36.671  -11.653  28.325 0.0000000000
75701  -38.193  -11.659  27.447 0.0000000000
77619  -34.474  -10.613  31.541 0.0000000000
77632  -34.678  -10.438  31.104 0.0000000000
77643  -35.190  -9.902  30.030 0.0000000000
77651  -35.006  -10.877  29.813 0.0000000000
78680  -35.477  -9.304  32.452 0.0000000000
78740  -37.783  -9.461  27.097 0.0000000000
80666  -40.321  -7.338  25.407 0.0000000000
