#!ascii label  , from subject bert vox2ras=TkReg
1308
65145  -38.520  -23.287  36.287 0.0000000000
76683  -48.628  -11.389  30.293 0.0000000000
72643  -40.764  -15.236  32.882 0.0000000000
44163  -14.226  -42.308  57.320 0.0000000000
63024  -35.684  -25.751  42.871 0.0000000000
51417  -27.285  -35.568  56.069 0.0000000000
51478  -34.928  -35.598  52.835 0.0000000000
54778  -39.376  -31.484  48.842 0.0000000000
59942  -38.836  -27.423  48.298 0.0000000000
49465  -20.565  -37.947  51.609 0.0000000000
51397  -24.495  -36.331  56.834 0.0000000000
52613  -23.720  -35.545  49.996 0.0000000000
51538  -31.084  -35.662  48.195 0.0000000000
52649  -36.003  -34.185  48.003 0.0000000000
65070  -41.378  -22.724  43.842 0.0000000000
67244  -43.539  -20.302  41.218 0.0000000000
75640  -43.732  -12.507  31.783 0.0000000000
68551  -39.878  -19.328  34.106 0.0000000000
77722  -45.594  -10.276  24.653 0.0000000000
41414  -11.843  -45.913  58.692 0.0000000000
63998  -38.842  -23.951  46.890 0.0000000000
63058  -37.431  -24.726  39.982 0.0000000000
51520  -26.902  -35.654  48.866 0.0000000000
50425  -30.955  -36.951  53.569 0.0000000000
71630  -44.313  -16.495  38.515 0.0000000000
80693  -52.901  -7.163  21.748 0.0000000000
55835  -37.893  -31.656  46.316 0.0000000000
58007  -37.774  -29.645  46.814 0.0000000000
51501  -22.625  -36.689  50.730 0.0000000000
52680  -33.842  -34.636  45.807 0.0000000000
53752  -36.345  -33.812  45.342 0.0000000000
53715  -38.285  -33.459  48.859 0.0000000000
65113  -40.251  -22.756  39.997 0.0000000000
66109  -42.452  -21.914  42.036 0.0000000000
65122  -41.118  -21.878  39.156 0.0000000000
75658  -46.391  -12.214  30.590 0.0000000000
77624  -46.005  -10.941  33.609 0.0000000000
77672  -50.639  -10.503  29.510 0.0000000000
43271  -13.418  -43.761  54.647 0.0000000000
42342  -13.398  -43.931  57.701 0.0000000000
61947  -37.662  -26.059  46.359 0.0000000000
62972  -39.070  -25.343  48.712 0.0000000000
63002  -37.460  -24.679  45.067 0.0000000000
64034  -38.420  -23.836  43.999 0.0000000000
63035  -36.490  -25.165  41.947 0.0000000000
52523  -25.369  -35.346  55.887 0.0000000000
52459  -25.424  -35.360  59.338 0.0000000000
53596  -27.280  -35.047  57.933 0.0000000000
51387  -29.214  -35.991  57.391 0.0000000000
53726  -24.676  -34.481  46.927 0.0000000000
51554  -26.954  -35.536  46.472 0.0000000000
51507  -32.923  -35.868  51.072 0.0000000000
50453  -31.197  -36.684  51.628 0.0000000000
50428  -33.682  -36.325  53.758 0.0000000000
51405  -33.395  -36.878  56.366 0.0000000000
48381  -17.189  -39.711  54.201 0.0000000000
49392  -18.001  -38.091  57.505 0.0000000000
49347  -17.280  -37.934  61.117 0.0000000000
70635  -40.280  -17.169  33.270 0.0000000000
69609  -42.227  -18.634  36.782 0.0000000000
71664  -42.473  -16.000  35.314 0.0000000000
82631  -53.498  -6.562  20.612 0.0000000000
44132  -13.454  -42.135  61.616 0.0000000000
56855  -40.192  -30.948  51.617 0.0000000000
58991  -39.182  -28.358  51.319 0.0000000000
57970  -38.955  -28.943  48.696 0.0000000000
59048  -37.376  -28.061  46.751 0.0000000000
49436  -20.601  -37.538  54.763 0.0000000000
49409  -22.600  -37.729  56.973 0.0000000000
50419  -22.282  -37.103  53.719 0.0000000000
51474  -23.954  -35.922  53.498 0.0000000000
52568  -25.194  -35.460  52.615 0.0000000000
51574  -29.481  -35.702  46.389 0.0000000000
51595  -32.061  -35.338  45.762 0.0000000000
51561  -33.494  -34.803  47.804 0.0000000000
52602  -35.347  -34.735  50.690 0.0000000000
53684  -37.352  -34.228  50.443 0.0000000000
54728  -39.012  -32.978  50.940 0.0000000000
49463  -18.794  -38.812  50.794 0.0000000000
65033  -42.149  -22.434  47.502 0.0000000000
67138  -43.951  -20.645  50.303 0.0000000000
66075  -43.771  -21.377  46.420 0.0000000000
66086  -44.954  -20.819  44.504 0.0000000000
74636  -41.514  -13.400  31.848 0.0000000000
73629  -43.151  -13.881  34.922 0.0000000000
76623  -43.831  -12.151  34.050 0.0000000000
36702  -9.687  -50.786  61.061 0.0000000000
65182  -39.310  -21.728  34.810 0.0000000000
69669  -38.164  -18.658  31.719 0.0000000000
73672  -39.779  -14.687  30.204 0.0000000000
74677  -41.394  -13.610  29.082 0.0000000000
75686  -43.128  -13.016  28.642 0.0000000000
76716  -45.560  -11.527  28.037 0.0000000000
77686  -46.934  -10.782  27.316 0.0000000000
77713  -44.229  -10.480  25.304 0.0000000000
43225  -12.342  -44.350  62.036 0.0000000000
41391  -11.291  -46.425  62.007 0.0000000000
38700  -10.421  -48.713  61.656 0.0000000000
63958  -41.745  -23.915  51.874 0.0000000000
61912  -39.752  -26.232  50.766 0.0000000000
63971  -40.091  -24.611  50.036 0.0000000000
63982  -40.807  -23.651  49.234 0.0000000000
64024  -40.170  -23.399  45.440 0.0000000000
64063  -39.135  -23.627  42.310 0.0000000000
63081  -38.264  -24.253  38.400 0.0000000000
50340  -23.957  -36.222  59.753 0.0000000000
52601  -25.156  -35.294  50.314 0.0000000000
51476  -27.011  -36.236  52.237 0.0000000000
50483  -29.071  -36.225  49.066 0.0000000000
50437  -29.421  -36.958  52.246 0.0000000000
50391  -28.770  -36.618  55.238 0.0000000000
51403  -31.029  -36.709  56.487 0.0000000000
45232  -14.762  -42.271  54.223 0.0000000000
47313  -16.084  -40.871  53.838 0.0000000000
46198  -14.888  -40.694  58.080 0.0000000000
67299  -41.906  -19.983  37.515 0.0000000000
69575  -44.103  -18.607  40.344 0.0000000000
71582  -46.717  -16.997  42.473 0.0000000000
72602  -44.820  -14.999  37.708 0.0000000000
78744  -49.407  -10.023  26.795 0.0000000000
78757  -50.709  -9.721  25.794 0.0000000000
78770  -52.683  -8.954  24.632 0.0000000000
79762  -50.318  -8.393  21.569 0.0000000000
80669  -54.107  -7.323  24.267 0.0000000000
55853  -37.381  -31.894  45.207 0.0000000000
56933  -37.036  -30.682  45.231 0.0000000000
56943  -36.547  -30.653  44.203 0.0000000000
53767  -35.744  -33.923  44.748 0.0000000000
53768  -36.556  -33.409  44.827 0.0000000000
53754  -37.665  -32.838  46.302 0.0000000000
64113  -39.457  -23.388  38.734 0.0000000000
65114  -41.071  -22.147  39.762 0.0000000000
65131  -40.337  -22.454  37.664 0.0000000000
76670  -47.248  -11.867  30.574 0.0000000000
76660  -47.368  -11.958  31.738 0.0000000000
76648  -49.102  -11.171  32.330 0.0000000000
77633  -50.102  -10.848  31.601 0.0000000000
77655  -50.264  -10.802  29.986 0.0000000000
44186  -14.054  -42.957  55.757 0.0000000000
42359  -13.291  -44.172  56.244 0.0000000000
43253  -13.631  -43.509  57.437 0.0000000000
63001  -37.011  -25.497  44.741 0.0000000000
62989  -37.707  -25.045  46.036 0.0000000000
63013  -36.629  -25.273  43.640 0.0000000000
64032  -37.059  -24.769  43.294 0.0000000000
63025  -36.455  -25.232  42.741 0.0000000000
49361  -19.796  -37.643  59.588 0.0000000000
52524  -26.091  -35.355  56.053 0.0000000000
53604  -26.333  -34.765  57.675 0.0000000000
52496  -27.167  -34.972  57.217 0.0000000000
52484  -27.809  -35.523  57.779 0.0000000000
51400  -27.854  -35.360  56.756 0.0000000000
51491  -33.785  -35.842  52.095 0.0000000000
50456  -33.370  -36.178  52.476 0.0000000000
51477  -34.253  -35.964  53.256 0.0000000000
51442  -34.149  -36.393  54.743 0.0000000000
49405  -18.891  -37.835  56.527 0.0000000000
49393  -19.058  -37.765  57.583 0.0000000000
49360  -18.743  -37.721  59.652 0.0000000000
64992  -42.866  -22.786  52.195 0.0000000000
71679  -40.426  -16.153  32.911 0.0000000000
71663  -41.803  -16.586  34.981 0.0000000000
71672  -41.931  -15.739  34.633 0.0000000000
55781  -39.915  -31.233  50.106 0.0000000000
57955  -39.601  -29.836  49.906 0.0000000000
56890  -39.203  -30.370  48.556 0.0000000000
59049  -37.711  -28.814  47.047 0.0000000000
59062  -36.592  -28.213  45.706 0.0000000000
59964  -36.379  -27.198  45.648 0.0000000000
49456  -20.502  -37.707  52.651 0.0000000000
49448  -21.700  -37.314  53.961 0.0000000000
49457  -21.428  -37.411  52.889 0.0000000000
51518  -23.179  -35.909  49.813 0.0000000000
51486  -23.316  -36.312  52.332 0.0000000000
52581  -23.706  -36.063  51.936 0.0000000000
52550  -24.740  -35.544  53.828 0.0000000000
52583  -24.709  -35.402  51.676 0.0000000000
51610  -30.951  -35.405  44.699 0.0000000000
52663  -35.039  -34.485  46.861 0.0000000000
52662  -34.103  -34.589  46.808 0.0000000000
52631  -34.715  -34.515  48.363 0.0000000000
51542  -34.607  -34.680  49.465 0.0000000000
52618  -35.519  -34.584  50.025 0.0000000000
52603  -36.059  -34.644  50.645 0.0000000000
52620  -36.840  -34.141  49.745 0.0000000000
53729  -38.712  -32.579  48.237 0.0000000000
53702  -38.728  -33.145  49.559 0.0000000000
54747  -39.732  -32.139  50.252 0.0000000000
54730  -39.933  -31.958  51.035 0.0000000000
49464  -19.730  -38.342  51.248 0.0000000000
65053  -41.731  -22.639  45.722 0.0000000000
65044  -43.219  -21.682  47.042 0.0000000000
65063  -42.324  -22.419  44.953 0.0000000000
66110  -43.249  -21.136  41.709 0.0000000000
66093  -44.375  -21.221  43.702 0.0000000000
67217  -44.784  -20.516  43.078 0.0000000000
68443  -45.692  -19.566  43.666 0.0000000000
68459  -45.055  -19.458  42.234 0.0000000000
75639  -42.653  -12.473  32.106 0.0000000000
75631  -42.470  -12.340  32.875 0.0000000000
76643  -43.747  -12.220  33.158 0.0000000000
78660  -46.921  -9.062  35.131 0.0000000000
74663  -40.749  -13.913  29.722 0.0000000000
74675  -39.713  -13.536  28.652 0.0000000000
75706  -41.963  -12.826  27.738 0.0000000000
76713  -42.915  -12.366  27.334 0.0000000000
76692  -44.211  -12.261  28.119 0.0000000000
76726  -43.913  -11.420  26.514 0.0000000000
77684  -44.905  -11.190  26.865 0.0000000000
41431  -12.278  -45.271  56.288 0.0000000000
40479  -11.502  -46.558  58.148 0.0000000000
45117  -12.335  -42.419  63.748 0.0000000000
43219  -12.540  -43.674  62.175 0.0000000000
43213  -12.251  -43.933  63.500 0.0000000000
41381  -11.536  -46.083  63.000 0.0000000000
40448  -11.596  -46.795  63.203 0.0000000000
39571  -10.522  -47.952  61.402 0.0000000000
39564  -11.326  -47.855  62.919 0.0000000000
38693  -11.521  -49.058  62.673 0.0000000000
59928  -39.341  -27.580  50.501 0.0000000000
59920  -39.394  -27.657  51.561 0.0000000000
60860  -39.444  -26.665  50.233 0.0000000000
62973  -38.923  -24.944  48.317 0.0000000000
62964  -39.362  -25.295  49.321 0.0000000000
63981  -39.910  -24.241  49.237 0.0000000000
63972  -40.761  -24.085  50.224 0.0000000000
63990  -40.152  -23.720  48.280 0.0000000000
64000  -40.650  -23.373  47.373 0.0000000000
64009  -39.489  -23.642  46.208 0.0000000000
63037  -37.501  -24.644  41.465 0.0000000000
64049  -39.191  -23.600  43.322 0.0000000000
63047  -37.860  -24.460  40.810 0.0000000000
64086  -38.857  -23.721  39.839 0.0000000000
63070  -37.861  -24.526  39.117 0.0000000000
50377  -24.123  -36.917  57.365 0.0000000000
49378  -23.693  -36.878  58.905 0.0000000000
50352  -24.329  -35.987  58.654 0.0000000000
52617  -26.031  -35.106  48.729 0.0000000000
52616  -25.361  -35.012  49.244 0.0000000000
51503  -25.714  -35.548  50.201 0.0000000000
51487  -25.497  -35.530  50.855 0.0000000000
51489  -27.237  -36.235  50.998 0.0000000000
51558  -30.601  -35.731  47.673 0.0000000000
51537  -29.301  -35.950  48.078 0.0000000000
50513  -30.230  -35.918  48.174 0.0000000000
50439  -31.525  -36.833  52.658 0.0000000000
50452  -30.191  -36.787  51.374 0.0000000000
50424  -29.868  -37.013  53.420 0.0000000000
50423  -28.695  -36.966  53.268 0.0000000000
50410  -30.399  -36.965  54.542 0.0000000000
51420  -30.328  -36.603  56.133 0.0000000000
50393  -30.979  -36.823  55.739 0.0000000000
52556  -38.416  -34.896  53.164 0.0000000000
47314  -16.689  -40.184  54.084 0.0000000000
47284  -16.152  -40.332  56.312 0.0000000000
46225  -15.598  -40.932  56.017 0.0000000000
49324  -17.676  -37.717  62.904 0.0000000000
67327  -39.971  -20.761  34.995 0.0000000000
66188  -40.537  -21.054  35.794 0.0000000000
67329  -41.200  -19.827  35.630 0.0000000000
70583  -43.292  -17.631  37.721 0.0000000000
69593  -42.792  -18.557  37.967 0.0000000000
70552  -44.287  -17.737  39.759 0.0000000000
70541  -45.342  -17.541  40.904 0.0000000000
71600  -45.419  -16.689  40.367 0.0000000000
73619  -44.358  -13.348  36.104 0.0000000000
73610  -44.271  -14.145  36.332 0.0000000000
73611  -45.033  -13.403  37.211 0.0000000000
77715  -46.051  -10.470  25.522 0.0000000000
78732  -48.465  -10.308  27.230 0.0000000000
77717  -47.956  -10.101  25.770 0.0000000000
77726  -49.231  -10.034  24.651 0.0000000000
78778  -50.319  -9.972  24.053 0.0000000000
78769  -51.920  -9.522  24.703 0.0000000000
78779  -51.221  -9.733  23.854 0.0000000000
80703  -51.111  -7.044  20.979 0.0000000000
80690  -49.853  -7.713  21.131 0.0000000000
79764  -52.387  -7.880  22.081 0.0000000000
79752  -52.595  -8.178  22.539 0.0000000000
79754  -53.676  -7.259  23.098 0.0000000000
81632  -54.245  -6.710  22.607 0.0000000000
81659  -54.883  -6.903  21.602 0.0000000000
54790  -38.617  -32.069  47.798 0.0000000000
56904  -38.388  -30.340  47.326 0.0000000000
56919  -37.895  -30.712  46.393 0.0000000000
56918  -37.293  -30.027  46.053 0.0000000000
50464  -21.545  -37.438  50.261 0.0000000000
52702  -34.666  -34.380  44.790 0.0000000000
52703  -35.279  -34.300  45.325 0.0000000000
52664  -35.857  -34.286  47.028 0.0000000000
52650  -36.861  -33.943  48.118 0.0000000000
53740  -37.411  -33.596  47.353 0.0000000000
53741  -37.746  -32.996  46.874 0.0000000000
65092  -40.850  -22.616  41.851 0.0000000000
65082  -42.121  -22.265  42.993 0.0000000000
65104  -41.257  -22.281  40.862 0.0000000000
66122  -41.511  -21.871  40.221 0.0000000000
66133  -41.985  -20.955  39.419 0.0000000000
75656  -44.461  -12.682  30.797 0.0000000000
76657  -44.196  -12.294  32.553 0.0000000000
76659  -46.216  -12.016  32.275 0.0000000000
77612  -46.797  -10.501  33.878 0.0000000000
78723  -51.087  -10.050  29.043 0.0000000000
42349  -12.908  -44.713  56.784 0.0000000000
41415  -12.420  -45.314  58.330 0.0000000000
60880  -38.378  -26.399  46.979 0.0000000000
61927  -39.168  -25.790  48.885 0.0000000000
61948  -38.313  -25.482  46.788 0.0000000000
62979  -38.247  -25.106  46.643 0.0000000000
62990  -38.306  -24.349  46.337 0.0000000000
64008  -38.654  -23.838  45.906 0.0000000000
64021  -37.736  -24.085  44.616 0.0000000000
64047  -37.585  -24.453  42.774 0.0000000000
63036  -36.949  -24.900  41.621 0.0000000000
52509  -24.966  -35.446  56.573 0.0000000000
52482  -24.808  -35.277  58.015 0.0000000000
53593  -25.573  -35.010  58.214 0.0000000000
53585  -26.236  -35.098  58.624 0.0000000000
51375  -28.925  -36.257  57.827 0.0000000000
52646  -26.166  -35.231  47.095 0.0000000000
51534  -26.994  -35.606  47.581 0.0000000000
51522  -32.363  -35.740  50.000 0.0000000000
50486  -31.390  -35.974  49.881 0.0000000000
50471  -31.957  -36.208  50.881 0.0000000000
50454  -32.085  -36.540  51.889 0.0000000000
50426  -31.952  -36.899  53.664 0.0000000000
50412  -32.435  -36.816  54.609 0.0000000000
50413  -33.294  -36.611  54.638 0.0000000000
48391  -18.289  -38.768  53.090 0.0000000000
48382  -17.760  -38.835  54.272 0.0000000000
48350  -17.222  -38.756  57.458 0.0000000000
48329  -17.157  -38.416  59.174 0.0000000000
49359  -17.496  -37.965  59.749 0.0000000000
69636  -40.289  -18.558  34.097 0.0000000000
68539  -41.352  -19.192  35.408 0.0000000000
70614  -41.746  -17.625  35.328 0.0000000000
70615  -42.292  -17.034  35.779 0.0000000000
71643  -43.836  -16.675  37.623 0.0000000000
77729  -45.248  -9.987  23.918 0.0000000000
77730  -46.008  -10.095  23.886 0.0000000000
78776  -45.537  -9.670  23.270 0.0000000000
81655  -51.329  -6.553  20.600 0.0000000000
82612  -53.253  -6.609  20.865 0.0000000000
82629  -51.836  -6.142  20.151 0.0000000000
82648  -53.150  -6.265  19.980 0.0000000000
45171  -14.396  -41.359  58.999 0.0000000000
45170  -14.039  -42.179  59.019 0.0000000000
57914  -39.566  -29.228  53.035 0.0000000000
57924  -39.314  -29.158  51.746 0.0000000000
59021  -39.242  -28.422  49.789 0.0000000000
59028  -38.726  -28.281  48.487 0.0000000000
57989  -38.206  -29.154  47.805 0.0000000000
59035  -38.237  -28.152  47.499 0.0000000000
59948  -38.436  -27.249  47.401 0.0000000000
60879  -37.561  -26.693  46.433 0.0000000000
60895  -36.379  -26.454  45.204 0.0000000000
49407  -20.795  -37.640  56.751 0.0000000000
49395  -21.025  -37.729  57.719 0.0000000000
49423  -21.575  -37.616  55.904 0.0000000000
49439  -22.906  -37.536  55.583 0.0000000000
50406  -23.499  -37.182  55.177 0.0000000000
50449  -22.732  -36.726  52.206 0.0000000000
51457  -23.329  -36.435  53.554 0.0000000000
52534  -24.472  -35.864  54.855 0.0000000000
52535  -24.833  -35.501  54.843 0.0000000000
52536  -25.366  -35.476  54.816 0.0000000000
52537  -26.037  -35.674  54.608 0.0000000000
51593  -30.228  -35.585  45.517 0.0000000000
51559  -31.556  -35.476  47.629 0.0000000000
51596  -32.907  -34.977  45.815 0.0000000000
51577  -32.242  -35.225  46.726 0.0000000000
51560  -32.479  -35.171  47.759 0.0000000000
51523  -33.437  -35.384  49.924 0.0000000000
51508  -34.007  -35.378  50.914 0.0000000000
51492  -34.917  -35.177  51.747 0.0000000000
52553  -35.999  -35.254  52.875 0.0000000000
52587  -35.832  -34.940  51.521 0.0000000000
52588  -36.969  -34.747  51.352 0.0000000000
53652  -37.931  -34.461  51.847 0.0000000000
53700  -37.551  -33.966  49.746 0.0000000000
53669  -38.606  -33.465  51.344 0.0000000000
53654  -39.388  -33.212  52.298 0.0000000000
54711  -39.907  -32.457  52.013 0.0000000000
49445  -18.826  -38.179  53.197 0.0000000000
65018  -42.165  -22.345  49.003 0.0000000000
65026  -42.828  -21.705  48.730 0.0000000000
66056  -43.660  -21.001  48.269 0.0000000000
67166  -44.788  -20.156  47.336 0.0000000000
66092  -43.630  -21.747  44.378 0.0000000000
66076  -44.408  -21.054  45.798 0.0000000000
73649  -41.194  -14.060  32.650 0.0000000000
73627  -41.927  -14.363  34.084 0.0000000000
74619  -41.860  -13.285  33.279 0.0000000000
75610  -43.380  -12.570  34.102 0.0000000000
75597  -44.332  -12.225  35.340 0.0000000000
77622  -45.021  -11.334  33.781 0.0000000000
76625  -44.767  -11.266  34.791 0.0000000000
65162  -37.840  -23.430  35.090 0.0000000000
65164  -39.259  -22.267  35.553 0.0000000000
65181  -38.622  -22.318  34.533 0.0000000000
66222  -38.797  -21.133  33.441 0.0000000000
68568  -38.861  -19.789  32.776 0.0000000000
68587  -38.985  -19.255  32.647 0.0000000000
70634  -39.731  -17.732  32.942 0.0000000000
71678  -39.855  -16.785  32.579 0.0000000000
72650  -39.894  -15.519  31.781 0.0000000000
73647  -40.341  -14.943  31.737 0.0000000000
74635  -41.053  -13.843  31.565 0.0000000000
74647  -41.691  -13.412  30.991 0.0000000000
74648  -42.537  -13.180  30.590 0.0000000000
75684  -41.246  -13.226  28.286 0.0000000000
75685  -42.088  -13.225  28.478 0.0000000000
75669  -43.505  -13.045  29.751 0.0000000000
75688  -44.717  -12.463  29.303 0.0000000000
76679  -45.762  -11.968  29.072 0.0000000000
76695  -47.087  -11.275  29.034 0.0000000000
77669  -48.074  -10.891  28.823 0.0000000000
77667  -46.522  -11.030  27.849 0.0000000000
77702  -45.534  -10.805  26.272 0.0000000000
77714  -45.128  -10.560  25.359 0.0000000000
78765  -43.977  -9.697  24.159 0.0000000000
43234  -13.307  -43.584  59.910 0.0000000000
43240  -13.099  -44.135  59.606 0.0000000000
42325  -12.366  -45.438  60.545 0.0000000000
42312  -12.024  -45.052  63.248 0.0000000000
41392  -11.629  -46.053  61.661 0.0000000000
41398  -11.928  -46.036  60.604 0.0000000000
40466  -10.782  -47.311  60.430 0.0000000000
39575  -10.162  -48.068  60.556 0.0000000000
38708  -9.633  -49.224  60.565 0.0000000000
37772  -10.479  -49.656  61.762 0.0000000000
64991  -42.214  -23.055  51.717 0.0000000000
61906  -40.512  -26.103  51.996 0.0000000000
61928  -39.341  -25.742  49.449 0.0000000000
61921  -39.777  -25.741  50.573 0.0000000000
63965  -41.080  -24.304  51.176 0.0000000000
63966  -41.465  -23.450  51.057 0.0000000000
65010  -41.947  -22.438  49.912 0.0000000000
63992  -41.785  -22.711  48.274 0.0000000000
64011  -41.172  -22.981  46.525 0.0000000000
64037  -40.802  -23.074  44.655 0.0000000000
64035  -39.251  -23.635  44.289 0.0000000000
64050  -39.952  -23.367  43.628 0.0000000000
64065  -40.395  -23.077  43.222 0.0000000000
64088  -39.774  -23.148  40.802 0.0000000000
64098  -39.083  -23.668  39.176 0.0000000000
64127  -38.492  -23.880  37.663 0.0000000000
63033  -35.189  -25.822  41.952 0.0000000000
63055  -35.403  -25.690  40.872 0.0000000000
63056  -35.898  -25.521  40.662 0.0000000000
62073  -36.068  -25.592  39.154 0.0000000000
63069  -36.997  -25.091  38.954 0.0000000000
63079  -36.920  -24.980  37.849 0.0000000000
63106  -37.160  -24.477  36.505 0.0000000000
64160  -37.443  -23.992  35.658 0.0000000000
51356  -24.917  -35.512  59.942 0.0000000000
52644  -23.506  -34.870  48.201 0.0000000000
53712  -24.091  -34.419  47.964 0.0000000000
52614  -24.098  -35.217  49.689 0.0000000000
52584  -25.314  -35.458  51.521 0.0000000000
52569  -25.663  -35.614  52.640 0.0000000000
51440  -26.940  -36.018  54.749 0.0000000000
51573  -28.576  -35.642  46.157 0.0000000000
51535  -28.008  -35.922  48.060 0.0000000000
51521  -27.838  -36.022  49.016 0.0000000000
50469  -29.966  -36.589  50.313 0.0000000000
50468  -29.096  -36.475  49.969 0.0000000000
50450  -28.242  -36.446  50.555 0.0000000000
50436  -28.169  -36.689  51.929 0.0000000000
50422  -27.619  -36.625  53.197 0.0000000000
51441  -27.783  -36.320  55.049 0.0000000000
51419  -29.353  -36.266  55.982 0.0000000000
51388  -30.441  -36.541  57.253 0.0000000000
44205  -13.858  -43.298  54.045 0.0000000000
45209  -14.568  -42.186  55.824 0.0000000000
47325  -16.050  -40.900  52.665 0.0000000000
46306  -15.088  -41.655  52.343 0.0000000000
46266  -15.365  -41.427  53.921 0.0000000000
46224  -14.930  -41.577  55.717 0.0000000000
45186  -14.333  -41.845  57.894 0.0000000000
46187  -14.652  -40.678  59.189 0.0000000000
49358  -16.679  -38.213  60.584 0.0000000000
65147  -40.257  -22.209  36.871 0.0000000000
66155  -41.283  -21.136  37.233 0.0000000000
67278  -42.496  -20.134  39.103 0.0000000000
68527  -41.987  -19.266  36.943 0.0000000000
68504  -42.715  -19.267  38.579 0.0000000000
68483  -43.630  -19.417  40.540 0.0000000000
69555  -45.096  -18.809  41.638 0.0000000000
72627  -42.914  -15.267  35.205 0.0000000000
71654  -43.780  -15.890  36.644 0.0000000000
72589  -44.841  -15.635  38.504 0.0000000000
77688  -48.965  -10.625  28.183 0.0000000000
78734  -50.058  -10.386  27.976 0.0000000000
78735  -51.301  -9.913  27.728 0.0000000000
77725  -48.526  -10.117  24.915 0.0000000000
78756  -49.767  -9.859  25.910 0.0000000000
78746  -51.507  -9.751  26.641 0.0000000000
78747  -52.418  -9.358  26.508 0.0000000000
79723  -53.667  -8.244  26.215 0.0000000000
78797  -49.760  -9.186  22.065 0.0000000000
78790  -51.510  -9.285  22.938 0.0000000000
79738  -53.735  -7.829  24.438 0.0000000000
81641  -54.515  -6.775  22.079 0.0000000000
55871  -36.846  -31.677  44.495 0.0000000000
53782  -36.150  -33.399  44.265 0.0000000000
54844  -36.456  -32.672  44.050 0.0000000000
54833  -37.023  -32.676  44.946 0.0000000000
64128  -39.159  -23.442  37.835 0.0000000000
65130  -39.860  -22.975  38.146 0.0000000000
65146  -39.286  -22.905  36.803 0.0000000000
76671  -48.178  -11.699  30.777 0.0000000000
76672  -49.010  -11.468  30.774 0.0000000000
76662  -49.423  -11.293  31.523 0.0000000000
77644  -49.805  -11.091  30.740 0.0000000000
77654  -49.201  -11.051  29.862 0.0000000000
44171  -14.122  -42.619  56.899 0.0000000000
44170  -13.849  -43.085  57.036 0.0000000000
44162  -13.887  -42.754  57.750 0.0000000000
63012  -36.299  -25.726  43.921 0.0000000000
49362  -20.761  -37.583  59.555 0.0000000000
49374  -20.378  -37.708  58.626 0.0000000000
52525  -26.595  -35.583  55.576 0.0000000000
52511  -26.399  -35.134  56.618 0.0000000000
51399  -27.374  -35.287  56.547 0.0000000000
52513  -27.500  -35.109  56.970 0.0000000000
51462  -35.032  -35.758  53.884 0.0000000000
49373  -19.377  -37.711  58.610 0.0000000000
71680  -40.955  -15.851  33.374 0.0000000000
72644  -41.241  -15.150  33.428 0.0000000000
55796  -39.644  -31.111  49.264 0.0000000000
56876  -39.715  -30.499  49.637 0.0000000000
55810  -39.361  -30.972  48.780 0.0000000000
49466  -21.370  -37.525  51.862 0.0000000000
52598  -23.690  -35.906  50.885 0.0000000000
52582  -24.221  -35.740  51.810 0.0000000000
52599  -24.224  -35.570  50.739 0.0000000000
52648  -35.199  -34.420  47.826 0.0000000000
52632  -35.243  -34.421  49.033 0.0000000000
52619  -36.100  -34.381  49.810 0.0000000000
52633  -36.327  -34.084  48.951 0.0000000000
54777  -39.110  -32.138  48.634 0.0000000000
54763  -39.228  -32.533  49.453 0.0000000000
54764  -39.621  -31.828  49.371 0.0000000000
65062  -41.576  -22.742  44.793 0.0000000000
66124  -42.963  -20.683  40.817 0.0000000000
66103  -44.057  -20.881  42.604 0.0000000000
66111  -43.932  -20.433  41.873 0.0000000000
67230  -44.671  -19.980  42.324 0.0000000000
67245  -44.140  -19.816  41.514 0.0000000000
76656  -43.282  -12.262  32.547 0.0000000000
78649  -46.338  -9.235  35.846 0.0000000000
76714  -44.063  -11.769  27.131 0.0000000000
76725  -43.375  -11.546  26.517 0.0000000000
41422  -11.859  -45.888  57.722 0.0000000000
40484  -11.465  -46.583  57.177 0.0000000000
44120  -12.142  -42.965  64.015 0.0000000000
43209  -12.321  -43.644  64.302 0.0000000000
37751  -11.913  -48.524  63.057 0.0000000000
59935  -39.223  -27.542  49.352 0.0000000000
59927  -39.332  -27.143  49.927 0.0000000000
60859  -39.306  -26.837  49.616 0.0000000000
63989  -39.231  -24.220  48.065 0.0000000000
63999  -39.724  -23.685  47.236 0.0000000000
64062  -38.207  -24.206  41.827 0.0000000000
63059  -38.173  -24.201  39.939 0.0000000000
51383  -24.387  -36.337  57.591 0.0000000000
51519  -26.099  -35.397  49.443 0.0000000000
51504  -26.530  -35.890  50.097 0.0000000000
50499  -30.581  -35.904  48.691 0.0000000000
50438  -30.525  -36.917  52.474 0.0000000000
50411  -31.475  -36.933  54.638 0.0000000000
53639  -38.963  -34.412  52.954 0.0000000000
48335  -16.342  -39.081  58.472 0.0000000000
67343  -39.935  -20.280  34.565 0.0000000000
67328  -40.589  -20.454  35.350 0.0000000000
67344  -40.382  -19.770  34.753 0.0000000000
71629  -43.794  -17.140  38.329 0.0000000000
70566  -43.599  -17.769  38.775 0.0000000000
70567  -44.084  -17.182  38.959 0.0000000000
70553  -44.948  -17.037  40.027 0.0000000000
71613  -44.586  -16.828  39.361 0.0000000000
74603  -44.621  -12.596  36.069 0.0000000000
77716  -46.997  -10.328  25.646 0.0000000000
77723  -46.512  -10.329  24.706 0.0000000000
77740  -49.879  -10.020  23.632 0.0000000000
78789  -50.286  -9.832  22.996 0.0000000000
80692  -51.848  -7.202  21.213 0.0000000000
79765  -52.935  -7.515  22.202 0.0000000000
80681  -53.252  -7.305  22.233 0.0000000000
80682  -53.707  -7.101  22.513 0.0000000000
80694  -53.443  -7.123  21.971 0.0000000000
55823  -38.205  -31.545  47.032 0.0000000000
58035  -36.435  -29.800  44.684 0.0000000000
53780  -34.621  -33.890  43.635 0.0000000000
52682  -35.843  -34.179  45.936 0.0000000000
52683  -36.373  -34.035  46.499 0.0000000000
52665  -36.621  -33.979  47.143 0.0000000000
53753  -37.090  -33.466  45.982 0.0000000000
54818  -37.666  -32.342  45.883 0.0000000000
54801  -37.868  -32.321  46.606 0.0000000000
54789  -38.109  -32.425  47.240 0.0000000000
65103  -40.387  -22.802  41.190 0.0000000000
66132  -41.513  -21.611  39.616 0.0000000000
66123  -42.203  -21.485  40.651 0.0000000000
75657  -45.427  -12.471  30.739 0.0000000000
75642  -45.764  -12.337  31.539 0.0000000000
77613  -48.005  -10.410  33.647 0.0000000000
78672  -47.367  -9.628  34.291 0.0000000000
78673  -48.490  -9.507  34.174 0.0000000000
78709  -51.582  -9.807  30.191 0.0000000000
78710  -52.359  -9.147  29.792 0.0000000000
42350  -13.370  -44.092  57.136 0.0000000000
42341  -13.023  -44.482  57.926 0.0000000000
64007  -37.928  -24.176  45.561 0.0000000000
64046  -36.974  -24.898  42.528 0.0000000000
64061  -37.370  -24.726  42.085 0.0000000000
64060  -36.936  -24.966  42.079 0.0000000000
52510  -25.184  -35.313  56.365 0.0000000000
53602  -25.325  -35.150  57.374 0.0000000000
53612  -25.548  -35.143  56.797 0.0000000000
53595  -26.649  -34.821  58.080 0.0000000000
52498  -28.487  -35.671  57.539 0.0000000000
52485  -28.676  -36.027  57.753 0.0000000000
52486  -28.959  -35.998  57.654 0.0000000000
51506  -32.397  -35.938  50.643 0.0000000000
50441  -33.168  -36.445  52.925 0.0000000000
50455  -32.898  -36.192  52.057 0.0000000000
50440  -32.428  -36.683  52.796 0.0000000000
50427  -32.837  -36.667  53.732 0.0000000000
51424  -34.704  -36.508  55.505 0.0000000000
48383  -18.290  -38.361  53.728 0.0000000000
49433  -17.914  -38.359  54.890 0.0000000000
49404  -18.083  -37.996  56.366 0.0000000000
49391  -17.490  -38.476  58.047 0.0000000000
49371  -17.591  -38.253  58.614 0.0000000000
49349  -19.317  -37.587  60.626 0.0000000000
69654  -40.133  -17.948  33.575 0.0000000000
69637  -41.145  -18.408  34.797 0.0000000000
70625  -40.655  -17.662  33.992 0.0000000000
70600  -43.427  -16.931  36.900 0.0000000000
71653  -43.018  -16.565  36.140 0.0000000000
81654  -50.184  -6.398  20.350 0.0000000000
82628  -50.876  -5.921  20.002 0.0000000000
81656  -52.147  -6.421  20.571 0.0000000000
46174  -13.955  -41.217  60.697 0.0000000000
45108  -12.504  -41.286  64.599 0.0000000000
56845  -39.977  -30.409  52.534 0.0000000000
56854  -39.856  -30.194  51.310 0.0000000000
57954  -39.250  -29.029  49.680 0.0000000000
59020  -39.160  -28.394  49.255 0.0000000000
57953  -39.162  -28.774  49.174 0.0000000000
59034  -38.038  -27.740  46.985 0.0000000000
59947  -37.832  -27.254  46.719 0.0000000000
49422  -20.654  -37.584  55.772 0.0000000000
49449  -22.136  -37.363  54.490 0.0000000000
50405  -22.968  -37.259  54.733 0.0000000000
50420  -22.845  -36.971  54.099 0.0000000000
50448  -22.082  -37.077  52.086 0.0000000000
50466  -22.515  -36.846  51.584 0.0000000000
52565  -23.700  -36.035  52.570 0.0000000000
51473  -23.604  -36.123  53.124 0.0000000000
51458  -23.799  -36.237  54.044 0.0000000000
52549  -24.313  -35.772  53.983 0.0000000000
52567  -24.691  -35.505  52.753 0.0000000000
52551  -25.257  -35.529  53.668 0.0000000000
52552  -25.619  -35.603  53.435 0.0000000000
51594  -31.165  -35.521  45.645 0.0000000000
51576  -31.332  -35.489  46.663 0.0000000000
52701  -33.527  -34.727  44.788 0.0000000000
51578  -33.148  -34.843  46.779 0.0000000000
51540  -32.886  -35.186  48.866 0.0000000000
51525  -34.928  -34.683  49.987 0.0000000000
51524  -34.292  -34.982  49.974 0.0000000000
51509  -34.739  -34.916  50.754 0.0000000000
52586  -35.175  -34.876  51.189 0.0000000000
51493  -35.575  -35.150  52.034 0.0000000000
52604  -36.736  -34.464  50.478 0.0000000000
53667  -37.218  -34.497  50.889 0.0000000000
52589  -37.586  -34.558  51.675 0.0000000000
53668  -37.788  -34.260  51.286 0.0000000000
53727  -37.652  -33.699  48.359 0.0000000000
52634  -37.142  -33.894  49.004 0.0000000000
53714  -37.775  -33.786  49.117 0.0000000000
54746  -39.165  -32.802  50.275 0.0000000000
53686  -38.614  -33.324  50.388 0.0000000000
53670  -39.265  -32.916  51.557 0.0000000000
55752  -40.138  -31.701  51.722 0.0000000000
56846  -40.223  -31.162  52.157 0.0000000000
49454  -18.949  -38.571  52.144 0.0000000000
49435  -19.595  -37.714  54.565 0.0000000000
65025  -42.349  -22.261  48.235 0.0000000000
65034  -42.715  -21.935  47.688 0.0000000000
65055  -43.113  -21.799  46.101 0.0000000000
66065  -43.758  -21.192  47.388 0.0000000000
66057  -44.238  -20.592  47.887 0.0000000000
66066  -44.326  -20.850  46.841 0.0000000000
66101  -42.579  -21.976  42.689 0.0000000000
65083  -42.569  -22.144  43.561 0.0000000000
66102  -43.135  -21.763  43.071 0.0000000000
66085  -44.364  -21.279  44.828 0.0000000000
66077  -44.801  -20.857  45.222 0.0000000000
67180  -44.850  -20.503  46.263 0.0000000000
67193  -45.290  -20.251  45.393 0.0000000000
68422  -45.808  -19.342  44.728 0.0000000000
74627  -41.191  -13.794  32.184 0.0000000000
74628  -41.553  -13.434  32.587 0.0000000000
76632  -43.459  -12.298  33.549 0.0000000000
75623  -42.760  -12.620  33.500 0.0000000000
75611  -43.942  -12.307  34.681 0.0000000000
75612  -44.260  -11.921  35.174 0.0000000000
76645  -45.662  -11.531  33.110 0.0000000000
76644  -44.717  -11.860  33.459 0.0000000000
77623  -45.368  -11.219  33.849 0.0000000000
77602  -45.308  -10.611  34.894 0.0000000000
37779  -9.216  -50.159  60.706 0.0000000000
37778  -8.853  -50.700  60.360 0.0000000000
36710  -9.108  -51.038  60.588 0.0000000000
67357  -38.172  -20.846  32.595 0.0000000000
67358  -38.506  -20.564  32.803 0.0000000000
68586  -38.549  -19.286  32.295 0.0000000000
69670  -39.123  -18.542  32.472 0.0000000000
70642  -38.636  -17.804  31.663 0.0000000000
71687  -38.944  -16.964  31.403 0.0000000000
71688  -39.469  -16.337  31.844 0.0000000000
71701  -39.102  -16.277  31.156 0.0000000000
73658  -40.007  -14.991  31.084 0.0000000000
73659  -40.555  -14.421  31.347 0.0000000000
73673  -40.312  -14.454  30.725 0.0000000000
74646  -40.875  -13.991  30.681 0.0000000000
74664  -41.542  -13.733  29.996 0.0000000000
74665  -42.235  -13.492  30.047 0.0000000000
75707  -42.557  -12.920  27.999 0.0000000000
74666  -42.854  -13.312  29.788 0.0000000000
75670  -44.252  -12.734  29.904 0.0000000000
75687  -44.179  -12.621  29.036 0.0000000000
76715  -44.982  -11.638  27.677 0.0000000000
76693  -45.144  -12.078  28.635 0.0000000000
76694  -46.184  -11.441  28.472 0.0000000000
77685  -45.868  -11.037  27.401 0.0000000000
77701  -44.668  -10.932  26.028 0.0000000000
39588  -10.656  -47.811  58.211 0.0000000000
44141  -13.477  -42.385  60.959 0.0000000000
44149  -13.570  -42.860  59.904 0.0000000000
44140  -13.182  -43.218  60.862 0.0000000000
43226  -12.747  -43.937  61.411 0.0000000000
42319  -12.775  -44.488  60.860 0.0000000000
42326  -12.783  -44.934  60.169 0.0000000000
42318  -12.371  -45.084  61.276 0.0000000000
42298  -12.460  -44.492  64.501 0.0000000000
41386  -11.394  -46.364  62.403 0.0000000000
42315  -11.596  -45.707  62.703 0.0000000000
41387  -11.520  -45.944  62.292 0.0000000000
40459  -11.219  -46.712  60.923 0.0000000000
40467  -11.253  -46.751  59.906 0.0000000000
39570  -9.987  -48.630  61.029 0.0000000000
39574  -9.874  -48.667  60.648 0.0000000000
38699  -9.876  -49.385  61.167 0.0000000000
37763  -11.775  -49.431  62.623 0.0000000000
64978  -42.368  -23.618  52.465 0.0000000000
58981  -39.234  -28.512  52.519 0.0000000000
58972  -39.512  -28.380  53.375 0.0000000000
58980  -39.199  -28.067  52.064 0.0000000000
60851  -39.681  -27.005  51.263 0.0000000000
60844  -39.635  -27.344  51.852 0.0000000000
60845  -39.948  -27.040  52.408 0.0000000000
60852  -40.037  -26.464  51.491 0.0000000000
62963  -39.209  -25.411  48.965 0.0000000000
62965  -39.669  -24.797  49.605 0.0000000000
62955  -39.553  -25.419  49.915 0.0000000000
62956  -39.903  -25.231  50.414 0.0000000000
62948  -40.485  -25.562  51.462 0.0000000000
62949  -40.674  -24.974  51.312 0.0000000000
62957  -40.425  -24.623  50.663 0.0000000000
63973  -41.408  -23.195  50.115 0.0000000000
63983  -41.532  -22.956  49.160 0.0000000000
63991  -41.045  -23.231  48.304 0.0000000000
64010  -40.359  -23.397  46.404 0.0000000000
64025  -40.974  -23.041  45.590 0.0000000000
64022  -38.509  -23.793  44.962 0.0000000000
64023  -39.342  -23.619  45.238 0.0000000000
64064  -40.059  -23.177  42.660 0.0000000000
64075  -39.822  -23.214  41.702 0.0000000000
63071  -38.536  -24.049  39.165 0.0000000000
64112  -38.843  -23.789  38.494 0.0000000000
63092  -38.011  -24.348  37.752 0.0000000000
63043  -35.289  -25.744  41.352 0.0000000000
62055  -34.685  -25.949  40.578 0.0000000000
62057  -35.820  -25.674  39.940 0.0000000000
62087  -36.253  -25.445  38.155 0.0000000000
62099  -36.338  -25.184  37.412 0.0000000000
64143  -37.675  -24.160  36.680 0.0000000000
49396  -21.962  -37.803  57.812 0.0000000000
49376  -22.263  -37.706  58.772 0.0000000000
49397  -22.882  -37.705  57.941 0.0000000000
49366  -23.747  -36.573  59.372 0.0000000000
52468  -25.225  -35.217  58.963 0.0000000000
51362  -24.610  -35.553  59.138 0.0000000000
52628  -24.625  -34.602  48.491 0.0000000000
52615  -24.623  -35.029  49.454 0.0000000000
52600  -24.681  -35.297  50.565 0.0000000000
51488  -26.099  -35.838  51.325 0.0000000000
52585  -25.769  -35.655  52.029 0.0000000000
51475  -26.223  -35.855  52.557 0.0000000000
51459  -26.177  -35.824  53.682 0.0000000000
51460  -26.821  -36.197  53.400 0.0000000000
51536  -28.872  -35.910  47.934 0.0000000000
50496  -28.581  -35.975  48.300 0.0000000000
50482  -28.470  -36.071  48.742 0.0000000000
50470  -30.889  -36.469  50.603 0.0000000000
50485  -30.610  -36.207  49.674 0.0000000000
50451  -29.164  -36.749  51.052 0.0000000000
50409  -29.251  -36.970  54.401 0.0000000000
50408  -28.027  -36.641  54.398 0.0000000000
50390  -28.165  -36.432  55.138 0.0000000000
51418  -28.138  -36.013  55.729 0.0000000000
51421  -30.797  -36.694  56.167 0.0000000000
51402  -29.876  -36.333  56.717 0.0000000000
51422  -32.883  -36.781  55.903 0.0000000000
50394  -32.080  -36.823  55.577 0.0000000000
52554  -36.490  -35.157  52.997 0.0000000000
44187  -14.392  -42.627  55.433 0.0000000000
45220  -14.729  -42.180  55.092 0.0000000000
48389  -17.082  -39.985  53.610 0.0000000000
47327  -17.310  -40.062  52.438 0.0000000000
46307  -15.541  -41.266  52.191 0.0000000000
46288  -15.528  -41.303  53.038 0.0000000000
46287  -15.033  -41.766  53.171 0.0000000000
46210  -15.520  -40.602  57.057 0.0000000000
46209  -14.912  -41.227  56.907 0.0000000000
66171  -39.899  -22.060  36.205 0.0000000000
66173  -41.202  -20.867  36.502 0.0000000000
67289  -41.709  -20.593  37.814 0.0000000000
66145  -41.898  -20.609  38.607 0.0000000000
67290  -42.158  -19.994  38.196 0.0000000000
69621  -41.767  -18.595  35.857 0.0000000000
68526  -41.725  -19.435  36.320 0.0000000000
69584  -43.226  -18.609  38.886 0.0000000000
69583  -42.882  -18.801  38.488 0.0000000000
68505  -43.058  -19.149  39.139 0.0000000000
68495  -43.372  -19.171  39.837 0.0000000000
68496  -43.801  -19.095  40.425 0.0000000000
68484  -44.144  -19.197  40.968 0.0000000000
70535  -46.167  -17.594  41.929 0.0000000000
70534  -45.594  -17.991  41.557 0.0000000000
73628  -42.413  -13.972  34.363 0.0000000000
72636  -42.330  -15.016  34.622 0.0000000000
72637  -42.896  -14.608  34.897 0.0000000000
72618  -44.611  -14.546  37.032 0.0000000000
72617  -44.137  -14.958  36.540 0.0000000000
71655  -44.403  -15.298  37.074 0.0000000000
71644  -44.368  -15.869  37.656 0.0000000000
77670  -49.089  -10.810  28.954 0.0000000000
77687  -48.052  -10.543  27.547 0.0000000000
78743  -48.437  -10.136  26.757 0.0000000000
78733  -48.900  -10.331  27.400 0.0000000000
77724  -47.499  -10.313  24.796 0.0000000000
77732  -48.024  -10.297  23.963 0.0000000000
78767  -49.969  -9.931  24.942 0.0000000000
78766  -49.259  -9.934  25.256 0.0000000000
78758  -51.698  -9.625  25.660 0.0000000000
78759  -52.546  -9.177  25.554 0.0000000000
79730  -53.206  -8.612  25.447 0.0000000000
79731  -53.729  -8.120  25.294 0.0000000000
79761  -49.274  -8.447  21.566 0.0000000000
78798  -50.876  -9.047  22.124 0.0000000000
78799  -51.838  -8.608  22.314 0.0000000000
79745  -53.704  -7.488  23.632 0.0000000000
79744  -53.317  -8.079  23.747 0.0000000000
80662  -54.127  -7.767  25.083 0.0000000000
80670  -54.539  -7.729  24.718 0.0000000000
82613  -53.566  -6.697  20.955 0.0000000000
81658  -54.097  -6.814  21.054 0.0000000000
55854  -37.682  -31.305  45.723 0.0000000000
53766  -35.177  -33.918  44.183 0.0000000000
54817  -37.400  -32.661  45.431 0.0000000000
65112  -39.914  -22.945  39.593 0.0000000000
65120  -39.946  -22.929  39.147 0.0000000000
65121  -40.610  -22.347  38.793 0.0000000000
66143  -40.794  -22.041  38.079 0.0000000000
75659  -46.818  -12.089  30.897 0.0000000000
76661  -48.566  -11.626  31.668 0.0000000000
77628  -50.604  -10.097  32.373 0.0000000000
77634  -50.781  -10.145  31.768 0.0000000000
77635  -51.316  -9.725  31.469 0.0000000000
77645  -50.579  -10.595  30.842 0.0000000000
44194  -14.047  -43.185  55.039 0.0000000000
43265  -13.701  -43.574  55.723 0.0000000000
43259  -13.667  -43.585  56.666 0.0000000000
43248  -13.488  -43.606  58.244 0.0000000000
61960  -37.187  -25.810  45.642 0.0000000000
61961  -37.699  -25.575  46.238 0.0000000000
62988  -37.322  -25.441  45.478 0.0000000000
64020  -37.235  -24.740  44.196 0.0000000000
49350  -20.285  -37.435  60.494 0.0000000000
53619  -25.844  -35.215  56.497 0.0000000000
53613  -26.249  -35.009  56.937 0.0000000000
53614  -26.693  -34.929  57.067 0.0000000000
53606  -27.335  -34.999  57.654 0.0000000000
53597  -27.498  -35.133  57.728 0.0000000000
52497  -27.593  -35.141  57.358 0.0000000000
51385  -28.164  -35.351  57.270 0.0000000000
51386  -28.551  -35.566  57.192 0.0000000000
51490  -33.174  -35.942  51.740 0.0000000000
50442  -33.668  -36.195  52.882 0.0000000000
51461  -34.391  -36.023  54.108 0.0000000000
51443  -34.954  -36.078  54.765 0.0000000000
49372  -18.347  -37.880  58.610 0.0000000000
70626  -41.305  -17.189  34.452 0.0000000000
71670  -40.852  -16.690  33.669 0.0000000000
71671  -41.451  -16.056  34.052 0.0000000000
56863  -40.058  -30.900  50.855 0.0000000000
56862  -39.839  -30.348  50.399 0.0000000000
56875  -39.423  -29.956  49.253 0.0000000000
57971  -39.166  -29.561  48.816 0.0000000000
58006  -37.129  -29.051  46.400 0.0000000000
59956  -37.028  -27.296  46.279 0.0000000000
49447  -20.545  -37.549  53.710 0.0000000000
51517  -22.635  -36.535  50.195 0.0000000000
51502  -22.979  -36.464  51.158 0.0000000000
52566  -24.099  -35.777  52.930 0.0000000000
52681  -34.798  -34.481  45.907 0.0000000000
52647  -34.422  -34.576  47.747 0.0000000000
51541  -34.091  -34.742  48.898 0.0000000000
53716  -38.754  -32.868  48.747 0.0000000000
54729  -39.584  -32.528  51.078 0.0000000000
54748  -39.936  -31.622  50.627 0.0000000000
49455  -19.633  -37.997  52.375 0.0000000000
65042  -41.917  -22.527  46.636 0.0000000000
65043  -42.608  -22.131  46.798 0.0000000000
65054  -42.458  -22.255  45.882 0.0000000000
65064  -43.055  -22.053  45.148 0.0000000000
66094  -45.039  -20.644  43.744 0.0000000000
67206  -45.448  -20.199  44.214 0.0000000000
67218  -45.290  -20.102  43.359 0.0000000000
67231  -45.077  -20.033  42.852 0.0000000000
68460  -45.453  -19.407  42.713 0.0000000000
75638  -41.891  -12.927  32.047 0.0000000000
75630  -42.018  -12.755  32.707 0.0000000000
76642  -42.992  -12.171  33.033 0.0000000000
76633  -44.128  -11.997  33.792 0.0000000000
78671  -46.473  -9.837  34.587 0.0000000000
77611  -45.791  -10.466  34.322 0.0000000000
78670  -46.079  -10.031  34.797 0.0000000000
79716  -53.687  -8.346  27.346 0.0000000000
69684  -37.932  -17.952  31.262 0.0000000000
73686  -39.222  -14.474  29.568 0.0000000000
74645  -40.333  -14.256  30.180 0.0000000000
74662  -39.902  -14.078  29.468 0.0000000000
74676  -40.555  -13.633  28.872 0.0000000000
76691  -43.615  -12.378  27.771 0.0000000000
77683  -44.292  -11.268  26.506 0.0000000000
77700  -43.818  -10.992  25.986 0.0000000000
39596  -11.060  -47.157  57.688 0.0000000000
39589  -11.068  -47.126  58.619 0.0000000000
44124  -12.945  -42.457  62.888 0.0000000000
44123  -12.517  -42.960  63.149 0.0000000000
44130  -12.563  -43.360  62.558 0.0000000000
43218  -12.256  -43.979  62.721 0.0000000000
41374  -11.997  -45.711  63.675 0.0000000000
40451  -11.312  -47.010  62.576 0.0000000000
40454  -11.091  -47.115  61.878 0.0000000000
39567  -10.905  -47.906  62.148 0.0000000000
38692  -11.081  -48.899  62.416 0.0000000000
38686  -11.716  -49.065  62.792 0.0000000000
63980  -39.371  -24.688  48.930 0.0000000000
64048  -38.309  -23.896  43.000 0.0000000000
64074  -39.133  -23.582  41.298 0.0000000000
64073  -38.571  -23.905  40.695 0.0000000000
49410  -23.464  -37.492  57.125 0.0000000000
49398  -23.658  -37.280  58.088 0.0000000000
50351  -23.994  -36.345  59.030 0.0000000000
50341  -24.246  -35.962  59.249 0.0000000000
52460  -25.694  -35.477  59.272 0.0000000000
52629  -25.354  -34.794  47.879 0.0000000000
51557  -29.641  -35.854  47.520 0.0000000000
50498  -29.709  -36.042  48.401 0.0000000000
50392  -29.840  -36.810  55.398 0.0000000000
50378  -31.203  -36.756  56.174 0.0000000000
48374  -17.076  -39.644  55.347 0.0000000000
47301  -16.878  -40.048  54.708 0.0000000000
47300  -16.356  -40.443  55.142 0.0000000000
46244  -15.582  -41.200  54.888 0.0000000000
46199  -15.474  -40.289  57.675 0.0000000000
47258  -14.972  -40.284  58.737 0.0000000000
49335  -17.957  -37.738  61.893 0.0000000000
66205  -39.555  -21.024  34.478 0.0000000000
66187  -39.971  -21.357  35.448 0.0000000000
67312  -40.870  -20.854  36.015 0.0000000000
67298  -41.656  -20.332  36.902 0.0000000000
70582  -42.754  -18.096  37.284 0.0000000000
69594  -43.207  -18.136  38.342 0.0000000000
70551  -43.678  -18.129  39.273 0.0000000000
70540  -44.615  -18.085  40.574 0.0000000000
70542  -46.134  -17.075  41.346 0.0000000000
73618  -43.800  -13.680  35.549 0.0000000000
73598  -44.905  -14.334  37.441 0.0000000000
77703  -46.480  -10.596  26.455 0.0000000000
77704  -47.474  -10.361  26.581 0.0000000000
77734  -49.594  -10.057  24.117 0.0000000000
78768  -50.972  -9.811  24.832 0.0000000000
78780  -52.144  -9.204  23.782 0.0000000000
80702  -50.459  -7.023  20.837 0.0000000000
80691  -50.827  -7.601  21.181 0.0000000000
79763  -51.363  -8.163  21.675 0.0000000000
79753  -53.152  -7.791  22.800 0.0000000000
80675  -54.114  -6.895  23.380 0.0000000000
82632  -53.793  -6.636  20.555 0.0000000000
80704  -54.519  -6.977  20.811 0.0000000000
55809  -39.038  -31.271  48.276 0.0000000000
55824  -38.663  -31.173  47.602 0.0000000000
56934  -37.534  -30.630  45.791 0.0000000000
58021  -36.725  -29.468  45.553 0.0000000000
49477  -21.334  -37.670  51.009 0.0000000000
52722  -33.576  -34.373  43.597 0.0000000000
52723  -34.108  -34.378  44.186 0.0000000000
53728  -38.255  -33.062  47.868 0.0000000000
65081  -40.946  -22.733  42.828 0.0000000000
65071  -42.147  -22.419  44.044 0.0000000000
65093  -41.608  -22.314  41.977 0.0000000000
65105  -41.916  -22.034  41.361 0.0000000000
75641  -44.777  -12.476  31.678 0.0000000000
76658  -45.206  -12.153  32.497 0.0000000000
76646  -46.765  -11.397  33.060 0.0000000000
78661  -47.810  -8.961  34.680 0.0000000000
79689  -51.805  -9.341  31.783 0.0000000000
78724  -52.173  -9.472  28.501 0.0000000000
42368  -13.127  -44.206  55.338 0.0000000000
42358  -12.742  -44.733  55.826 0.0000000000
41423  -12.444  -45.310  57.289 0.0000000000
60872  -38.832  -26.486  48.091 0.0000000000
60867  -39.201  -26.698  48.969 0.0000000000
61936  -38.751  -25.546  47.900 0.0000000000
61937  -38.722  -25.079  47.731 0.0000000000
62980  -38.566  -24.808  47.142 0.0000000000
64033  -37.648  -24.204  43.672 0.0000000000
63046  -37.096  -24.807  40.873 0.0000000000
52508  -24.670  -35.918  56.360 0.0000000000
51398  -24.773  -35.767  56.936 0.0000000000
52495  -24.903  -35.470  57.467 0.0000000000
53603  -25.842  -34.868  57.553 0.0000000000
53594  -26.065  -34.828  58.188 0.0000000000
53584  -25.733  -35.104  58.741 0.0000000000
52469  -26.091  -35.489  58.961 0.0000000000
52645  -25.366  -34.877  46.521 0.0000000000
52630  -26.286  -35.247  48.051 0.0000000000
51539  -31.656  -35.611  48.784 0.0000000000
50500  -31.035  -35.888  49.266 0.0000000000
50472  -32.454  -36.216  51.463 0.0000000000
50395  -32.889  -36.727  55.297 0.0000000000
51423  -33.695  -36.723  55.559 0.0000000000
51406  -34.341  -36.864  56.179 0.0000000000
48390  -17.574  -39.592  53.065 0.0000000000
48375  -17.579  -38.753  55.461 0.0000000000
48336  -17.078  -38.695  58.599 0.0000000000
49348  -18.271  -37.740  60.782 0.0000000000
69635  -39.908  -18.800  33.978 0.0000000000
68552  -40.623  -19.147  34.618 0.0000000000
69622  -42.137  -17.888  36.098 0.0000000000
70599  -42.788  -17.585  36.632 0.0000000000
78777  -46.279  -9.841  23.157 0.0000000000
81638  -52.024  -6.650  20.824 0.0000000000
81639  -52.680  -6.664  21.019 0.0000000000
82630  -52.720  -6.349  20.413 0.0000000000
82646  -51.448  -5.862  19.567 0.0000000000
82647  -52.312  -6.125  19.807 0.0000000000
45185  -13.981  -42.398  58.363 0.0000000000
45160  -13.960  -41.664  60.082 0.0000000000
45148  -13.686  -41.653  61.148 0.0000000000
45118  -12.901  -41.739  63.432 0.0000000000
57938  -39.555  -29.522  50.652 0.0000000000
57937  -39.256  -28.844  50.860 0.0000000000
59006  -39.248  -28.359  50.348 0.0000000000
59936  -39.249  -28.034  49.859 0.0000000000
56905  -38.824  -30.582  47.940 0.0000000000
56889  -38.810  -29.777  48.121 0.0000000000
60887  -36.993  -26.562  45.961 0.0000000000
61974  -36.736  -25.969  44.979 0.0000000000
63000  -36.556  -25.786  44.320 0.0000000000
49408  -21.709  -37.719  56.856 0.0000000000
49437  -21.507  -37.478  54.983 0.0000000000
49424  -22.396  -37.647  56.070 0.0000000000
49425  -23.172  -37.535  56.177 0.0000000000
50389  -24.001  -37.120  56.363 0.0000000000
51416  -24.366  -36.486  55.851 0.0000000000
50434  -22.316  -37.038  53.127 0.0000000000
50435  -23.001  -36.520  53.064 0.0000000000
50421  -23.612  -36.703  54.517 0.0000000000
51438  -24.147  -36.402  54.974 0.0000000000
52521  -24.610  -35.876  55.705 0.0000000000
52522  -24.909  -35.513  55.705 0.0000000000
52538  -26.463  -35.745  55.015 0.0000000000
51609  -30.046  -35.240  44.473 0.0000000000
51575  -30.408  -35.665  46.567 0.0000000000
51612  -32.668  -35.093  45.071 0.0000000000
51479  -35.562  -35.293  52.560 0.0000000000
51463  -35.927  -35.418  53.548 0.0000000000
52570  -36.030  -35.154  52.366 0.0000000000
52571  -36.740  -35.032  52.246 0.0000000000
52555  -37.366  -35.015  53.072 0.0000000000
52572  -37.741  -34.693  52.267 0.0000000000
52573  -38.437  -34.555  52.617 0.0000000000
53653  -38.585  -34.101  52.229 0.0000000000
53701  -38.201  -33.669  49.687 0.0000000000
53685  -38.026  -33.854  50.494 0.0000000000
55751  -40.134  -31.579  52.601 0.0000000000
48400  -18.268  -39.199  51.963 0.0000000000
49406  -19.847  -37.707  56.644 0.0000000000
66042  -42.990  -21.798  50.145 0.0000000000
65027  -43.281  -21.275  48.524 0.0000000000
66052  -44.048  -20.517  48.723 0.0000000000
65072  -42.827  -22.110  44.181 0.0000000000
66084  -43.737  -21.575  45.433 0.0000000000
73637  -41.027  -14.572  32.942 0.0000000000
73638  -41.539  -14.181  33.351 0.0000000000
73639  -41.912  -13.737  33.836 0.0000000000
75622  -42.216  -12.772  33.238 0.0000000000
74610  -42.878  -13.203  34.222 0.0000000000
74611  -43.500  -13.052  34.819 0.0000000000
74602  -44.057  -12.851  35.426 0.0000000000
132654  -45.125  -12.014  36.779 0.0000000000
77610  -45.094  -11.053  34.322 0.0000000000
76624  -44.275  -11.784  34.332 0.0000000000
75598  -44.797  -11.692  35.698 0.0000000000
37786  -9.143  -49.819  59.929 0.0000000000
65163  -38.372  -23.079  35.581 0.0000000000
65201  -38.475  -21.801  33.673 0.0000000000
66204  -39.020  -21.541  34.115 0.0000000000
66223  -39.213  -21.035  33.874 0.0000000000
67359  -39.298  -20.320  33.629 0.0000000000
67378  -38.343  -19.913  32.353 0.0000000000
68569  -39.355  -19.317  33.180 0.0000000000
69653  -39.773  -18.612  33.492 0.0000000000
70643  -39.312  -17.358  32.152 0.0000000000
71689  -39.966  -16.009  32.311 0.0000000000
72651  -40.371  -15.379  32.294 0.0000000000
72661  -39.450  -15.672  31.203 0.0000000000
73648  -40.780  -14.481  32.212 0.0000000000
75653  -41.826  -13.175  31.599 0.0000000000
75654  -42.285  -12.970  31.392 0.0000000000
75655  -43.299  -12.865  30.863 0.0000000000
75683  -40.395  -13.094  28.147 0.0000000000
74678  -42.173  -13.455  29.272 0.0000000000
74679  -42.592  -13.357  29.421 0.0000000000
74649  -43.058  -13.158  30.284 0.0000000000
75671  -45.272  -12.402  29.731 0.0000000000
75672  -45.890  -12.340  30.123 0.0000000000
76669  -46.798  -11.862  30.107 0.0000000000
76681  -47.209  -11.566  29.730 0.0000000000
76696  -47.611  -11.209  29.364 0.0000000000
77653  -48.614  -10.972  29.372 0.0000000000
77668  -47.136  -10.960  28.180 0.0000000000
77721  -44.643  -10.095  24.507 0.0000000000
44155  -13.769  -42.902  58.765 0.0000000000
43241  -13.416  -43.536  59.219 0.0000000000
43233  -13.029  -43.952  60.458 0.0000000000
43247  -13.153  -44.085  58.810 0.0000000000
42334  -12.870  -44.761  59.032 0.0000000000
41408  -12.355  -45.440  59.313 0.0000000000
43208  -12.413  -44.151  64.366 0.0000000000
43212  -12.305  -44.314  63.829 0.0000000000
42313  -12.120  -44.539  63.013 0.0000000000
42316  -11.983  -45.124  62.427 0.0000000000
41407  -11.832  -46.030  59.604 0.0000000000
40474  -11.474  -46.589  59.038 0.0000000000
39581  -11.070  -47.003  59.246 0.0000000000
40458  -10.790  -47.333  61.158 0.0000000000
37771  -9.877  -50.076  61.228 0.0000000000
36694  -10.886  -50.220  61.918 0.0000000000
64979  -42.969  -23.434  52.749 0.0000000000
59912  -39.502  -27.614  52.133 0.0000000000
61919  -39.331  -26.227  49.538 0.0000000000
61920  -39.493  -25.782  50.036 0.0000000000
61913  -40.083  -25.869  51.098 0.0000000000
62940  -40.708  -25.754  51.850 0.0000000000
63957  -41.356  -24.731  51.916 0.0000000000
65002  -41.977  -22.620  50.858 0.0000000000
64001  -41.442  -22.870  47.435 0.0000000000
64036  -40.037  -23.403  44.507 0.0000000000
64051  -40.597  -23.068  43.776 0.0000000000
65080  -40.546  -22.824  42.320 0.0000000000
65091  -40.328  -22.892  41.946 0.0000000000
64100  -39.709  -23.115  40.213 0.0000000000
64087  -39.270  -23.435  40.416 0.0000000000
64099  -39.570  -23.240  39.638 0.0000000000
64145  -38.809  -23.474  37.251 0.0000000000
63034  -35.854  -25.537  42.038 0.0000000000
63044  -35.899  -25.462  41.353 0.0000000000
63045  -36.435  -25.118  41.125 0.0000000000
63057  -36.560  -25.265  40.131 0.0000000000
63080  -37.632  -24.691  38.226 0.0000000000
63090  -36.770  -24.835  37.033 0.0000000000
63091  -37.480  -24.559  37.311 0.0000000000
64126  -37.984  -24.113  37.227 0.0000000000
64144  -38.281  -23.645  36.711 0.0000000000
64161  -38.139  -23.479  36.071 0.0000000000
49375  -21.334  -37.736  58.675 0.0000000000
49363  -21.673  -37.577  59.591 0.0000000000
49377  -23.111  -37.391  58.876 0.0000000000
51372  -24.639  -35.646  58.179 0.0000000000
52626  -23.494  -35.237  48.943 0.0000000000
51439  -26.328  -35.851  54.348 0.0000000000
51555  -27.818  -35.739  46.883 0.0000000000
51556  -28.728  -35.798  47.166 0.0000000000
51505  -27.511  -36.086  49.851 0.0000000000
50484  -29.840  -36.315  49.334 0.0000000000
50467  -28.361  -36.245  49.535 0.0000000000
50407  -27.301  -36.421  53.952 0.0000000000
51401  -28.879  -35.823  56.665 0.0000000000
50379  -31.531  -36.764  56.134 0.0000000000
44179  -14.264  -42.559  56.166 0.0000000000
46265  -14.971  -41.840  53.879 0.0000000000
46243  -15.025  -41.693  54.626 0.0000000000
45198  -14.496  -42.040  56.684 0.0000000000
45161  -14.340  -41.083  59.639 0.0000000000
49334  -17.020  -37.862  62.197 0.0000000000
66154  -40.819  -21.833  37.434 0.0000000000
66172  -40.660  -21.474  36.404 0.0000000000
66144  -41.319  -21.459  38.454 0.0000000000
67262  -42.624  -20.515  40.034 0.0000000000
68513  -41.894  -19.677  37.053 0.0000000000
68514  -42.248  -19.350  37.572 0.0000000000
68494  -42.892  -19.511  39.285 0.0000000000
67279  -42.870  -19.831  39.766 0.0000000000
67264  -43.709  -19.725  40.957 0.0000000000
68471  -44.851  -19.216  41.746 0.0000000000
69548  -45.699  -18.919  42.543 0.0000000000
69564  -45.337  -18.182  41.409 0.0000000000
69556  -45.521  -18.623  42.014 0.0000000000
72635  -41.752  -15.081  34.016 0.0000000000
71665  -43.155  -15.726  35.790 0.0000000000
72628  -43.524  -14.787  35.720 0.0000000000
72575  -44.847  -16.151  39.132 0.0000000000
71614  -45.150  -16.373  39.760 0.0000000000
77671  -50.072  -10.634  29.040 0.0000000000
77689  -49.560  -10.640  28.520 0.0000000000
78722  -50.455  -10.422  28.658 0.0000000000
78755  -48.876  -9.920  25.900 0.0000000000
78745  -50.458  -9.921  26.801 0.0000000000
78736  -52.264  -9.493  27.472 0.0000000000
79715  -52.928  -8.878  27.364 0.0000000000
79722  -53.097  -8.732  26.412 0.0000000000
80651  -53.991  -7.953  26.718 0.0000000000
78791  -52.461  -8.613  22.946 0.0000000000
78781  -52.842  -8.633  23.808 0.0000000000
79737  -53.288  -8.386  24.556 0.0000000000
81640  -53.689  -6.922  21.523 0.0000000000
37752  -11.987  -48.879  62.989 0.0000000000
38685  -11.615  -48.664  62.859 0.0000000000
38709  -9.766  -48.738  60.344 0.0000000000
40455  -11.176  -46.738  61.566 0.0000000000
41399  -12.270  -45.595  60.048 0.0000000000
42305  -12.272  -44.790  63.884 0.0000000000
43204  -12.463  -44.103  64.675 0.0000000000
44148  -13.284  -43.402  60.299 0.0000000000
44178  -13.924  -43.031  56.378 0.0000000000
44195  -14.443  -42.760  54.597 0.0000000000
49438  -22.486  -37.480  55.081 0.0000000000
50367  -24.122  -36.561  58.242 0.0000000000
50368  -24.424  -36.058  58.033 0.0000000000
50497  -28.996  -36.015  48.430 0.0000000000
50512  -30.046  -35.928  47.936 0.0000000000
51361  -24.322  -35.855  59.559 0.0000000000
51367  -28.822  -36.408  57.995 0.0000000000
51384  -24.621  -35.896  57.503 0.0000000000
52473  -28.670  -36.235  57.834 0.0000000000
52499  -28.852  -35.805  57.559 0.0000000000
52512  -26.971  -35.116  56.742 0.0000000000
53577  -25.807  -35.201  59.188 0.0000000000
53578  -26.039  -35.254  58.960 0.0000000000
53587  -27.281  -35.236  58.124 0.0000000000
53605  -26.925  -34.883  57.440 0.0000000000
53611  -25.240  -35.232  56.773 0.0000000000
53620  -26.088  -35.191  56.550 0.0000000000
54712  -39.914  -32.185  51.467 0.0000000000
55768  -40.061  -31.415  51.088 0.0000000000
55782  -39.992  -31.300  50.668 0.0000000000
56891  -39.475  -30.582  49.080 0.0000000000
57923  -39.159  -28.791  51.321 0.0000000000
58992  -39.092  -28.513  51.945 0.0000000000
59913  -39.447  -27.848  52.700 0.0000000000
61949  -38.629  -25.202  47.406 0.0000000000
65019  -42.557  -21.962  49.664 0.0000000000
65035  -43.224  -21.452  47.922 0.0000000000
67192  -44.860  -20.700  45.657 0.0000000000
67263  -43.205  -19.932  40.475 0.0000000000
67313  -41.260  -20.327  36.090 0.0000000000
68472  -45.232  -19.193  42.166 0.0000000000
68538  -40.867  -19.593  35.120 0.0000000000
68553  -40.998  -19.092  34.990 0.0000000000
69563  -44.866  -18.531  41.204 0.0000000000
69574  -43.724  -18.451  39.620 0.0000000000
69608  -41.878  -18.883  36.335 0.0000000000
72603  -45.161  -14.308  37.853 0.0000000000
74620  -42.227  -13.179  33.807 0.0000000000
76634  -44.576  -11.487  34.108 0.0000000000
76649  -49.675  -11.006  32.040 0.0000000000
76655  -42.791  -12.265  32.653 0.0000000000
76680  -46.357  -11.922  29.567 0.0000000000
76682  -48.096  -11.307  29.842 0.0000000000
78659  -46.136  -9.544  35.128 0.0000000000
78692  -50.886  -9.889  32.257 0.0000000000
78693  -51.333  -9.621  32.011 0.0000000000
78702  -51.807  -9.336  31.125 0.0000000000
78792  -52.953  -8.292  23.312 0.0000000000
78800  -52.317  -8.342  22.448 0.0000000000
81657  -53.800  -6.747  21.006 0.0000000000
82649  -53.618  -6.479  20.283 0.0000000000
