#!ascii label  , from subject bert vox2ras=TkReg
1386
106991  -48.733  22.616  17.419 0.0000000000
116979  -41.554  38.850  12.763 0.0000000000
113622  -42.365  33.522  21.443 0.0000000000
113082  -44.682  32.131  12.374 0.0000000000
111828  -40.750  30.446  5.929 0.0000000000
114385  -45.900  34.304  9.339 0.0000000000
108718  -42.951  25.230  7.181 0.0000000000
111757  -39.647  30.297  12.568 0.0000000000
104205  -47.991  18.133  25.414 0.0000000000
106347  -44.815  21.555  21.521 0.0000000000
119500  -36.210  43.212  14.805 0.0000000000
117030  -38.530  38.540  9.079 0.0000000000
115762  -42.902  36.495  3.727 0.0000000000
111672  -46.770  30.825  23.556 0.0000000000
118840  -44.594  41.250  13.779 0.0000000000
114973  -46.840  35.847  16.798 0.0000000000
111004  -46.759  29.245  18.475 0.0000000000
110414  -43.396  28.155  17.152 0.0000000000
109183  -39.202  26.300  19.460 0.0000000000
107575  -48.682  23.290  14.094 0.0000000000
111175  -42.055  29.755  2.877 0.0000000000
109950  -43.036  26.911  5.600 0.0000000000
109384  -40.162  26.673  3.585 0.0000000000
109325  -38.466  26.757  6.833 0.0000000000
104939  -46.474  19.565  23.322 0.0000000000
106324  -42.987  22.008  23.495 0.0000000000
119464  -35.923  42.951  18.127 0.0000000000
116387  -40.372  37.605  6.875 0.0000000000
112344  -44.532  31.673  24.448 0.0000000000
114238  -45.587  35.226  23.789 0.0000000000
120157  -42.013  43.493  13.774 0.0000000000
119532  -44.618  42.256  12.251 0.0000000000
112446  -47.251  31.354  10.590 0.0000000000
115017  -46.655  35.548  12.056 0.0000000000
113703  -47.019  33.440  14.016 0.0000000000
113656  -47.017  33.218  18.335 0.0000000000
113049  -44.856  32.382  16.618 0.0000000000
111035  -45.120  29.256  16.871 0.0000000000
112403  -43.178  31.122  15.382 0.0000000000
111698  -39.056  30.391  16.708 0.0000000000
113726  -40.639  33.598  10.757 0.0000000000
115028  -44.112  36.073  11.147 0.0000000000
111805  -42.908  30.589  8.431 0.0000000000
110526  -46.054  28.319  7.566 0.0000000000
110486  -44.457  28.223  9.796 0.0000000000
111078  -42.202  29.059  12.487 0.0000000000
110496  -41.720  27.357  9.100 0.0000000000
111096  -37.973  29.343  9.691 0.0000000000
104221  -48.896  17.475  22.671 0.0000000000
104977  -47.622  19.001  20.449 0.0000000000
106966  -46.830  22.706  19.497 0.0000000000
119445  -39.562  42.437  20.341 0.0000000000
119479  -39.348  42.131  16.772 0.0000000000
118199  -39.206  40.629  13.729 0.0000000000
115680  -38.232  36.518  11.615 0.0000000000
114403  -39.500  34.749  7.989 0.0000000000
113775  -41.920  33.957  4.335 0.0000000000
113804  -42.300  33.183  1.868 0.0000000000
116440  -43.561  37.361  2.702 0.0000000000
109786  -43.037  27.416  22.338 0.0000000000
109160  -45.647  26.901  22.281 0.0000000000
109170  -47.828  26.513  20.660 0.0000000000
115616  -41.425  36.511  16.206 0.0000000000
117619  -47.026  39.205  11.041 0.0000000000
116297  -44.475  37.374  13.815 0.0000000000
114289  -44.424  34.706  18.874 0.0000000000
114275  -47.031  35.424  20.998 0.0000000000
111680  -47.370  30.435  21.041 0.0000000000
109217  -48.371  26.087  17.543 0.0000000000
109238  -47.296  25.945  15.489 0.0000000000
108100  -46.105  24.957  16.401 0.0000000000
108089  -43.666  24.514  18.872 0.0000000000
111048  -41.699  29.475  15.221 0.0000000000
109819  -41.756  27.740  18.525 0.0000000000
107546  -41.024  23.264  18.683 0.0000000000
105715  -48.595  20.643  17.391 0.0000000000
106397  -49.251  21.600  16.114 0.0000000000
107558  -49.240  23.157  16.163 0.0000000000
111183  -41.204  29.682  2.173 0.0000000000
109991  -41.174  27.865  2.695 0.0000000000
110560  -39.202  28.369  3.370 0.0000000000
109376  -38.316  26.750  4.563 0.0000000000
114250  -43.983  34.366  22.398 0.0000000000
118839  -41.497  41.499  12.927 0.0000000000
112436  -46.275  31.556  11.187 0.0000000000
113084  -47.043  32.805  12.692 0.0000000000
113083  -46.036  32.626  12.579 0.0000000000
113694  -46.185  33.435  15.233 0.0000000000
113067  -44.890  32.973  14.929 0.0000000000
113048  -44.221  32.008  16.119 0.0000000000
113065  -43.193  32.021  14.220 0.0000000000
112465  -40.498  31.825  8.620 0.0000000000
113110  -41.790  32.213  9.752 0.0000000000
111122  -41.760  29.798  7.739 0.0000000000
108746  -43.611  25.791  5.655 0.0000000000
109952  -44.307  26.888  6.554 0.0000000000
109329  -44.971  26.322  7.347 0.0000000000
109910  -45.748  27.523  8.649 0.0000000000
109304  -44.273  26.202  8.742 0.0000000000
109896  -43.275  27.073  10.009 0.0000000000
109313  -42.461  26.100  8.168 0.0000000000
110518  -38.055  27.609  7.764 0.0000000000
105672  -45.173  20.204  22.175 0.0000000000
104966  -47.057  19.101  21.347 0.0000000000
104965  -46.110  19.933  20.956 0.0000000000
105698  -46.618  20.813  19.394 0.0000000000
106959  -45.970  22.573  20.534 0.0000000000
119487  -36.610  43.086  15.856 0.0000000000
118809  -37.464  41.924  17.261 0.0000000000
119489  -38.312  42.467  15.470 0.0000000000
119503  -39.454  42.795  14.383 0.0000000000
119515  -37.537  42.207  14.220 0.0000000000
117628  -37.261  39.455  10.699 0.0000000000
116994  -37.235  38.574  11.819 0.0000000000
116354  -38.065  36.998  10.109 0.0000000000
114382  -38.903  34.998  10.006 0.0000000000
115716  -39.013  36.752  8.498 0.0000000000
116399  -41.633  37.597  5.619 0.0000000000
115087  -41.403  35.466  5.352 0.0000000000
115088  -42.063  35.426  4.600 0.0000000000
113791  -42.554  32.850  3.019 0.0000000000
115101  -42.996  35.429  3.216 0.0000000000
115127  -42.840  35.257  2.534 0.0000000000
115772  -43.480  36.471  3.123 0.0000000000
112325  -41.463  31.627  26.583 0.0000000000
110960  -40.066  29.057  25.435 0.0000000000
111657  -40.723  30.092  24.349 0.0000000000
109784  -41.236  27.520  22.739 0.0000000000
110969  -41.996  29.406  23.107 0.0000000000
112352  -46.021  31.260  24.279 0.0000000000
110985  -44.901  29.294  23.163 0.0000000000
110362  -46.257  29.064  23.316 0.0000000000
109167  -46.839  26.292  21.652 0.0000000000
110374  -47.204  28.342  22.568 0.0000000000
118186  -42.497  40.829  15.713 0.0000000000
116939  -40.729  38.319  16.020 0.0000000000
116949  -42.408  38.628  14.644 0.0000000000
114373  -44.929  34.999  10.142 0.0000000000
116342  -45.434  37.799  10.674 0.0000000000
115695  -46.025  36.755  10.255 0.0000000000
114996  -46.458  35.651  14.609 0.0000000000
115657  -45.892  36.523  13.168 0.0000000000
114985  -45.479  35.930  15.256 0.0000000000
114957  -44.272  35.572  16.690 0.0000000000
114945  -45.735  35.564  17.914 0.0000000000
114291  -45.979  35.303  19.502 0.0000000000
114947  -47.114  35.865  18.806 0.0000000000
112375  -46.408  31.713  18.824 0.0000000000
112372  -47.130  31.863  19.824 0.0000000000
110995  -47.201  29.236  19.496 0.0000000000
110385  -47.557  28.276  19.752 0.0000000000
109822  -47.747  27.370  18.002 0.0000000000
109228  -48.165  26.133  16.402 0.0000000000
110430  -47.213  27.478  16.955 0.0000000000
110427  -44.702  28.485  16.713 0.0000000000
109836  -45.530  27.012  16.651 0.0000000000
109215  -44.592  26.571  17.597 0.0000000000
108091  -45.176  24.454  17.713 0.0000000000
109202  -44.148  26.200  18.191 0.0000000000
111077  -41.515  28.942  12.650 0.0000000000
111058  -41.629  29.492  14.292 0.0000000000
111738  -40.525  29.713  14.617 0.0000000000
110395  -39.793  28.774  18.656 0.0000000000
111002  -40.399  29.238  17.950 0.0000000000
109804  -40.916  27.481  19.076 0.0000000000
108623  -41.615  25.454  19.467 0.0000000000
108622  -40.675  25.425  19.528 0.0000000000
108087  -39.677  23.930  18.809 0.0000000000
104267  -50.071  17.807  18.267 0.0000000000
107008  -47.851  22.846  13.593 0.0000000000
111167  -41.310  29.742  4.612 0.0000000000
111150  -41.560  28.944  5.766 0.0000000000
110555  -41.656  28.205  4.182 0.0000000000
109984  -42.258  26.233  3.903 0.0000000000
108756  -41.304  25.606  5.123 0.0000000000
109344  -41.137  26.132  6.226 0.0000000000
109364  -39.645  26.185  5.314 0.0000000000
104935  -47.550  19.559  24.466 0.0000000000
105649  -46.078  20.531  24.818 0.0000000000
106337  -43.659  21.567  22.791 0.0000000000
120143  -35.489  44.018  15.350 0.0000000000
117041  -39.581  38.543  7.857 0.0000000000
117672  -42.552  39.301  5.271 0.0000000000
117069  -43.467  38.418  4.264 0.0000000000
112343  -43.509  31.857  24.481 0.0000000000
113586  -45.873  33.917  25.298 0.0000000000
113603  -46.442  33.346  24.061 0.0000000000
119522  -45.806  42.474  13.693 0.0000000000
113743  -46.613  33.216  9.480 0.0000000000
115030  -46.609  35.728  10.949 0.0000000000
114364  -47.088  34.016  11.077 0.0000000000
114344  -47.349  34.508  13.349 0.0000000000
114332  -47.486  34.722  15.383 0.0000000000
114312  -47.483  34.823  17.534 0.0000000000
113676  -47.066  34.096  16.222 0.0000000000
113040  -45.948  32.682  17.678 0.0000000000
112384  -45.494  31.666  17.999 0.0000000000
111021  -45.929  29.491  17.583 0.0000000000
111715  -44.909  30.331  17.038 0.0000000000
111714  -43.960  30.428  16.341 0.0000000000
111033  -43.041  29.507  16.353 0.0000000000
111725  -39.195  30.586  15.065 0.0000000000
113635  -40.523  33.366  20.794 0.0000000000
115014  -41.114  36.135  12.568 0.0000000000
116327  -42.795  37.926  12.108 0.0000000000
114360  -42.575  34.898  11.581 0.0000000000
113100  -43.408  33.036  10.085 0.0000000000
113124  -44.816  32.038  8.579 0.0000000000
110522  -42.688  28.480  6.758 0.0000000000
111818  -44.653  29.650  7.558 0.0000000000
112470  -46.040  31.125  7.977 0.0000000000
111809  -46.527  29.769  8.431 0.0000000000
111101  -45.985  29.540  9.610 0.0000000000
111780  -44.735  30.055  10.567 0.0000000000
111760  -43.102  30.569  12.036 0.0000000000
111088  -43.374  29.024  10.833 0.0000000000
110473  -42.218  28.295  11.505 0.0000000000
111098  -40.453  29.140  10.513 0.0000000000
110521  -40.665  27.292  7.405 0.0000000000
111108  -39.668  29.135  9.254 0.0000000000
104954  -47.959  18.876  22.989 0.0000000000
104233  -48.316  18.534  21.190 0.0000000000
104245  -49.163  18.033  20.410 0.0000000000
104985  -48.349  19.054  18.882 0.0000000000
105705  -47.535  20.735  18.397 0.0000000000
106979  -47.698  22.713  18.589 0.0000000000
119447  -41.277  42.865  20.000 0.0000000000
118803  -39.553  42.166  18.822 0.0000000000
119468  -40.982  42.554  17.688 0.0000000000
119491  -40.751  42.996  15.026 0.0000000000
119518  -40.523  42.467  13.464 0.0000000000
117587  -40.560  39.822  13.344 0.0000000000
118833  -35.825  41.441  13.743 0.0000000000
117584  -37.632  39.500  13.499 0.0000000000
116309  -38.695  38.080  13.330 0.0000000000
115654  -39.815  37.359  13.253 0.0000000000
114357  -39.719  34.688  11.171 0.0000000000
113738  -39.673  33.836  9.786 0.0000000000
113135  -39.822  32.785  7.560 0.0000000000
115069  -40.207  35.713  6.881 0.0000000000
113768  -40.508  33.547  6.087 0.0000000000
113157  -41.212  32.163  4.818 0.0000000000
112512  -42.245  31.412  3.214 0.0000000000
111861  -42.537  31.246  2.140 0.0000000000
113803  -41.664  33.404  1.919 0.0000000000
115125  -41.953  35.285  2.012 0.0000000000
117070  -44.008  38.585  3.933 0.0000000000
108031  -42.130  24.517  22.578 0.0000000000
108044  -43.969  24.378  21.915 0.0000000000
110970  -43.257  29.848  23.145 0.0000000000
109787  -44.120  27.509  22.453 0.0000000000
108045  -44.902  24.414  21.612 0.0000000000
108047  -46.571  24.739  20.839 0.0000000000
107525  -47.440  24.254  19.711 0.0000000000
108082  -48.026  24.764  19.180 0.0000000000
113653  -41.959  34.090  18.854 0.0000000000
117616  -44.587  39.626  11.421 0.0000000000
118860  -46.061  41.130  11.635 0.0000000000
118218  -46.171  40.632  12.647 0.0000000000
115684  -46.576  36.758  11.425 0.0000000000
116983  -45.800  38.795  12.503 0.0000000000
116966  -44.022  38.903  13.588 0.0000000000
115642  -42.981  37.204  14.879 0.0000000000
114308  -42.659  35.051  17.327 0.0000000000
113638  -43.589  33.948  20.159 0.0000000000
114260  -45.359  34.772  21.405 0.0000000000
114261  -46.265  35.091  21.716 0.0000000000
113614  -46.966  33.155  22.464 0.0000000000
114292  -47.591  34.653  19.450 0.0000000000
113017  -47.382  32.587  21.196 0.0000000000
111678  -47.379  30.413  22.093 0.0000000000
110378  -47.564  28.272  20.808 0.0000000000
109188  -48.221  26.093  19.325 0.0000000000
108097  -48.709  24.559  17.347 0.0000000000
108107  -48.841  24.436  15.162 0.0000000000
108112  -48.034  24.520  14.300 0.0000000000
107572  -47.224  23.930  14.636 0.0000000000
109847  -45.920  27.454  16.507 0.0000000000
108659  -46.321  25.706  16.043 0.0000000000
106997  -46.506  23.074  16.056 0.0000000000
106989  -45.827  22.811  17.119 0.0000000000
106977  -44.706  22.576  17.966 0.0000000000
111749  -42.399  30.368  13.783 0.0000000000
111049  -42.357  29.873  15.465 0.0000000000
111019  -42.194  28.841  16.830 0.0000000000
111030  -40.192  29.843  16.186 0.0000000000
110412  -41.809  28.565  17.555 0.0000000000
109820  -42.759  27.359  18.261 0.0000000000
109187  -42.853  26.043  19.046 0.0000000000
107535  -42.202  23.913  19.197 0.0000000000
106385  -48.890  21.640  17.182 0.0000000000
106386  -49.168  21.471  16.757 0.0000000000
106992  -49.191  22.379  16.655 0.0000000000
106998  -49.256  22.533  15.737 0.0000000000
111182  -40.287  29.491  2.445 0.0000000000
110561  -39.921  28.441  2.753 0.0000000000
111174  -39.553  29.297  3.048 0.0000000000
114249  -42.982  34.087  22.718 0.0000000000
113612  -43.015  33.789  22.114 0.0000000000
118214  -41.828  40.675  12.770 0.0000000000
118847  -42.261  41.479  12.585 0.0000000000
117602  -42.166  39.788  12.548 0.0000000000
113091  -45.734  32.048  11.731 0.0000000000
113073  -45.248  32.928  13.742 0.0000000000
113066  -44.087  32.549  14.433 0.0000000000
113072  -43.873  32.350  13.432 0.0000000000
112479  -40.348  31.381  7.599 0.0000000000
111803  -40.950  30.790  7.996 0.0000000000
111816  -40.852  30.288  7.007 0.0000000000
108729  -42.929  25.277  6.269 0.0000000000
108731  -44.099  25.729  6.092 0.0000000000
108719  -43.708  25.033  6.895 0.0000000000
109316  -44.985  26.104  8.134 0.0000000000
108711  -43.646  25.245  7.598 0.0000000000
109302  -42.866  26.095  8.683 0.0000000000
109328  -42.638  25.629  7.579 0.0000000000
104208  -48.281  18.299  24.346 0.0000000000
105682  -44.786  20.708  21.969 0.0000000000
105683  -45.348  20.544  21.398 0.0000000000
106348  -45.452  21.612  20.805 0.0000000000
105690  -45.795  20.769  20.565 0.0000000000
106952  -45.351  22.587  21.063 0.0000000000
119488  -37.292  42.734  15.546 0.0000000000
119501  -37.390  42.716  14.730 0.0000000000
119514  -36.522  42.303  14.255 0.0000000000
117639  -38.304  39.447  9.323 0.0000000000
118255  -37.315  40.418  9.993 0.0000000000
117022  -38.050  38.620  9.659 0.0000000000
117021  -37.650  38.609  10.247 0.0000000000
116368  -38.241  37.573  9.600 0.0000000000
115715  -38.636  36.701  9.111 0.0000000000
116377  -38.752  37.621  8.774 0.0000000000
115749  -42.502  36.850  4.477 0.0000000000
115748  -41.862  36.517  5.149 0.0000000000
115761  -42.414  36.133  4.345 0.0000000000
115100  -42.586  35.410  3.840 0.0000000000
115115  -43.013  35.340  2.781 0.0000000000
112971  -42.151  32.721  27.022 0.0000000000
112336  -41.499  31.631  25.546 0.0000000000
111650  -40.600  30.382  25.252 0.0000000000
111651  -41.169  30.737  24.547 0.0000000000
111658  -41.447  30.262  23.822 0.0000000000
111663  -46.361  30.492  23.768 0.0000000000
110973  -45.941  29.608  23.499 0.0000000000
110974  -46.748  29.456  23.325 0.0000000000
110987  -47.088  28.864  23.044 0.0000000000
110975  -47.124  29.831  23.234 0.0000000000
118828  -44.175  41.722  14.545 0.0000000000
118827  -43.415  41.162  14.763 0.0000000000
117572  -42.453  40.283  15.126 0.0000000000
117575  -42.681  39.753  14.571 0.0000000000
114384  -45.363  34.471  9.673 0.0000000000
115037  -45.588  35.953  10.069 0.0000000000
114374  -45.820  35.093  9.696 0.0000000000
114986  -46.620  35.707  15.735 0.0000000000
114972  -45.915  35.785  16.474 0.0000000000
114959  -46.212  35.770  17.477 0.0000000000
114946  -46.255  35.611  18.552 0.0000000000
114960  -47.002  35.989  17.827 0.0000000000
111686  -46.322  30.518  18.701 0.0000000000
111682  -46.762  30.522  19.306 0.0000000000
110994  -46.844  29.846  19.180 0.0000000000
110400  -47.338  28.454  18.612 0.0000000000
110399  -47.066  28.787  18.335 0.0000000000
110417  -47.322  27.936  17.580 0.0000000000
110416  -46.964  28.651  17.938 0.0000000000
110415  -44.083  28.033  16.944 0.0000000000
109835  -44.901  27.454  16.907 0.0000000000
109834  -43.769  27.396  17.551 0.0000000000
111076  -40.981  29.135  12.305 0.0000000000
111067  -41.033  29.336  13.198 0.0000000000
111748  -40.482  29.757  13.781 0.0000000000
110383  -39.207  28.069  19.111 0.0000000000
110384  -40.109  28.059  19.008 0.0000000000
109803  -39.729  27.263  19.296 0.0000000000
109184  -40.248  26.386  19.496 0.0000000000
108621  -39.698  25.371  19.485 0.0000000000
104266  -49.169  18.715  17.809 0.0000000000
107009  -48.442  22.637  13.716 0.0000000000
107015  -48.090  22.459  13.321 0.0000000000
111168  -41.620  29.382  3.830 0.0000000000
110562  -41.743  28.407  3.344 0.0000000000
109982  -40.679  27.012  3.076 0.0000000000
109983  -41.734  27.033  3.399 0.0000000000
109385  -40.879  26.159  3.825 0.0000000000
108757  -41.949  25.490  4.618 0.0000000000
108762  -41.200  25.676  4.452 0.0000000000
109365  -40.696  25.994  5.505 0.0000000000
109377  -39.497  26.416  4.260 0.0000000000
109362  -37.511  26.879  5.317 0.0000000000
105642  -45.721  21.212  25.492 0.0000000000
106336  -43.044  22.157  22.963 0.0000000000
120135  -35.799  44.082  16.052 0.0000000000
117663  -41.796  39.339  5.771 0.0000000000
118297  -42.254  39.974  5.604 0.0000000000
118908  -42.204  41.272  6.049 0.0000000000
114898  -45.185  35.343  24.691 0.0000000000
114882  -45.272  35.133  25.769 0.0000000000
114899  -45.869  35.185  24.476 0.0000000000
113587  -46.243  33.533  24.730 0.0000000000
114239  -46.247  34.885  23.817 0.0000000000
120137  -42.599  43.772  15.519 0.0000000000
120179  -45.763  42.982  12.720 0.0000000000
113116  -47.355  31.938  9.813 0.0000000000
114376  -47.081  33.788  10.467 0.0000000000
113732  -47.349  33.087  10.717 0.0000000000
113709  -47.147  33.362  13.349 0.0000000000
113710  -47.313  33.597  12.775 0.0000000000
113704  -47.321  33.913  13.779 0.0000000000
114339  -47.487  34.646  14.374 0.0000000000
113696  -47.346  34.045  14.694 0.0000000000
114323  -47.357  34.655  16.464 0.0000000000
113687  -47.222  34.132  15.583 0.0000000000
113684  -45.442  33.099  15.827 0.0000000000
113685  -45.827  33.240  16.154 0.0000000000
113050  -45.484  32.799  16.922 0.0000000000
113039  -45.083  32.082  17.361 0.0000000000
112383  -45.042  31.102  17.494 0.0000000000
112393  -44.479  31.388  16.800 0.0000000000
112404  -43.552  31.436  15.564 0.0000000000
112392  -43.928  31.220  16.163 0.0000000000
111729  -43.523  30.824  15.978 0.0000000000
111713  -43.373  30.340  16.058 0.0000000000
114359  -41.463  34.591  11.712 0.0000000000
115026  -41.853  35.482  12.148 0.0000000000
113727  -41.731  33.403  10.815 0.0000000000
111792  -42.587  31.072  8.932 0.0000000000
113111  -42.916  32.284  9.752 0.0000000000
112456  -43.305  31.811  9.225 0.0000000000
113112  -44.125  32.630  9.345 0.0000000000
112468  -43.933  31.434  8.607 0.0000000000
110550  -42.563  27.568  5.529 0.0000000000
110537  -42.275  28.323  6.036 0.0000000000
110538  -43.028  27.601  6.332 0.0000000000
110525  -45.221  28.074  7.346 0.0000000000
110524  -44.401  28.275  7.146 0.0000000000
111139  -44.918  29.040  7.432 0.0000000000
112480  -45.490  30.692  7.754 0.0000000000
111820  -46.083  29.799  7.673 0.0000000000
111808  -46.339  30.318  8.030 0.0000000000
111141  -46.339  29.152  7.862 0.0000000000
109909  -44.874  27.148  8.990 0.0000000000
111111  -46.090  29.068  9.288 0.0000000000
111100  -45.279  29.115  9.719 0.0000000000
111099  -44.186  29.006  10.292 0.0000000000
111779  -43.899  29.557  10.727 0.0000000000
110485  -43.545  28.064  10.360 0.0000000000
109895  -42.438  27.067  9.826 0.0000000000
110484  -42.651  27.702  10.614 0.0000000000
110483  -41.744  27.934  10.494 0.0000000000
110482  -41.097  28.677  10.922 0.0000000000
109947  -39.760  26.676  6.474 0.0000000000
109931  -40.249  27.022  6.937 0.0000000000
109930  -39.173  27.003  6.944 0.0000000000
110493  -37.830  28.324  8.751 0.0000000000
111120  -38.920  28.773  8.542 0.0000000000
104934  -46.808  19.862  24.217 0.0000000000
104940  -47.385  19.367  23.603 0.0000000000
104232  -47.776  18.815  21.444 0.0000000000
104967  -47.723  18.838  21.129 0.0000000000
104244  -48.355  18.666  19.914 0.0000000000
104255  -48.360  18.895  19.246 0.0000000000
106360  -46.893  21.781  19.110 0.0000000000
105699  -47.093  20.764  18.876 0.0000000000
106361  -47.375  21.764  18.654 0.0000000000
106371  -47.839  21.738  18.174 0.0000000000
106967  -47.262  22.710  19.053 0.0000000000
119423  -39.969  42.804  21.872 0.0000000000
119435  -40.231  42.666  21.028 0.0000000000
119436  -41.254  42.941  20.992 0.0000000000
119446  -40.253  42.519  20.099 0.0000000000
119453  -35.831  42.740  19.064 0.0000000000
119454  -36.478  42.369  18.513 0.0000000000
118816  -38.267  41.869  16.948 0.0000000000
118810  -38.358  41.770  17.693 0.0000000000
118811  -39.147  41.969  17.891 0.0000000000
119467  -40.119  42.256  18.224 0.0000000000
119480  -40.792  42.699  16.338 0.0000000000
119490  -39.500  42.609  15.365 0.0000000000
118836  -38.790  41.500  13.813 0.0000000000
119517  -39.519  42.377  13.786 0.0000000000
118837  -39.785  41.593  13.545 0.0000000000
118200  -40.160  40.696  13.472 0.0000000000
118196  -36.504  40.759  13.710 0.0000000000
117600  -36.807  39.499  12.569 0.0000000000
115679  -37.833  37.122  11.897 0.0000000000
116308  -37.952  38.199  13.148 0.0000000000
116323  -38.453  37.533  12.948 0.0000000000
116310  -39.483  37.823  13.339 0.0000000000
115666  -39.281  36.990  12.995 0.0000000000
115013  -39.971  36.006  12.507 0.0000000000
115012  -38.920  36.118  12.149 0.0000000000
114394  -39.268  34.840  8.731 0.0000000000
114383  -39.192  34.688  9.462 0.0000000000
113751  -39.495  33.897  8.807 0.0000000000
113122  -39.904  32.722  8.462 0.0000000000
113758  -39.647  33.670  7.861 0.0000000000
116386  -39.813  37.614  7.533 0.0000000000
115725  -40.060  36.668  7.221 0.0000000000
114421  -41.657  34.554  4.800 0.0000000000
114420  -41.003  34.523  5.665 0.0000000000
113774  -41.368  33.397  4.900 0.0000000000
113163  -41.483  31.903  4.115 0.0000000000
113781  -41.626  32.614  4.159 0.0000000000
113805  -42.488  33.100  2.197 0.0000000000
113171  -42.540  32.399  2.676 0.0000000000
113188  -42.451  32.451  1.954 0.0000000000
112521  -41.977  31.667  1.631 0.0000000000
113180  -41.775  32.469  1.740 0.0000000000
115782  -43.124  36.221  2.602 0.0000000000
115126  -42.581  35.235  2.267 0.0000000000
115781  -42.442  36.220  2.158 0.0000000000
115780  -41.563  36.267  2.256 0.0000000000
116439  -42.938  37.201  2.254 0.0000000000
117685  -43.979  39.057  4.410 0.0000000000
108576  -40.650  25.531  23.560 0.0000000000
109785  -42.043  27.456  22.474 0.0000000000
108580  -41.495  25.506  22.683 0.0000000000
108581  -42.669  25.433  22.264 0.0000000000
108032  -43.015  24.414  22.219 0.0000000000
108582  -43.682  25.303  22.058 0.0000000000
112350  -44.027  31.263  24.136 0.0000000000
112349  -43.264  31.230  24.014 0.0000000000
111660  -43.692  30.658  23.685 0.0000000000
109788  -45.178  27.683  22.618 0.0000000000
110371  -44.603  28.457  22.786 0.0000000000
109159  -44.686  26.752  22.293 0.0000000000
108584  -44.603  25.236  21.892 0.0000000000
108585  -45.502  25.324  21.649 0.0000000000
108046  -45.805  24.531  21.239 0.0000000000
108586  -46.371  25.458  21.355 0.0000000000
109168  -47.461  26.610  21.372 0.0000000000
108587  -47.212  25.594  20.954 0.0000000000
108602  -47.765  25.637  20.330 0.0000000000
108081  -47.706  24.556  19.608 0.0000000000
108065  -47.882  25.065  19.805 0.0000000000
116277  -41.351  37.085  15.878 0.0000000000
114298  -40.864  34.545  18.317 0.0000000000
116340  -43.551  37.877  11.696 0.0000000000
116995  -43.237  38.532  11.888 0.0000000000
116341  -44.440  37.860  11.257 0.0000000000
117618  -46.324  39.351  10.903 0.0000000000
117617  -45.443  39.572  11.154 0.0000000000
118233  -46.305  40.283  11.660 0.0000000000
118852  -46.322  41.292  12.252 0.0000000000
118219  -46.408  40.428  12.195 0.0000000000
114363  -46.823  34.876  11.348 0.0000000000
115656  -45.382  36.781  13.519 0.0000000000
116329  -45.808  37.825  12.560 0.0000000000
116313  -44.920  37.833  13.232 0.0000000000
116967  -44.717  38.919  13.198 0.0000000000
116312  -44.395  38.366  13.462 0.0000000000
116295  -43.048  37.833  14.411 0.0000000000
115643  -43.646  37.148  14.631 0.0000000000
114310  -44.607  35.251  17.775 0.0000000000
114321  -43.768  35.516  16.686 0.0000000000
114309  -43.909  35.235  17.322 0.0000000000
113654  -42.956  34.225  18.647 0.0000000000
113649  -43.679  34.233  19.230 0.0000000000
114259  -44.389  34.323  20.866 0.0000000000
114272  -44.467  34.462  19.759 0.0000000000
114262  -46.889  34.632  21.831 0.0000000000
113624  -46.837  33.877  22.440 0.0000000000
113625  -47.169  33.543  21.730 0.0000000000
113665  -47.382  34.124  17.906 0.0000000000
114304  -47.560  34.730  18.464 0.0000000000
113657  -47.358  33.567  18.728 0.0000000000
112369  -47.360  31.602  20.639 0.0000000000
113024  -47.374  32.721  20.302 0.0000000000
112367  -47.372  31.488  21.602 0.0000000000
110990  -47.419  29.336  21.504 0.0000000000
109807  -47.867  27.415  18.992 0.0000000000
109808  -48.140  26.642  19.162 0.0000000000
109203  -48.342  26.080  18.530 0.0000000000
108626  -48.276  25.458  18.838 0.0000000000
108640  -48.467  25.402  17.906 0.0000000000
108102  -48.948  24.462  16.222 0.0000000000
108651  -48.630  25.356  16.855 0.0000000000
109239  -47.827  25.773  15.538 0.0000000000
109240  -48.240  25.478  15.571 0.0000000000
108669  -47.585  25.261  14.938 0.0000000000
108111  -47.591  24.583  14.520 0.0000000000
111036  -45.814  29.044  17.107 0.0000000000
110429  -46.521  28.284  17.074 0.0000000000
110428  -45.566  28.437  16.763 0.0000000000
108650  -45.817  25.760  16.742 0.0000000000
109225  -45.954  26.512  16.447 0.0000000000
108101  -46.531  24.877  15.651 0.0000000000
107562  -46.307  24.081  16.202 0.0000000000
106990  -46.195  23.438  16.548 0.0000000000
107561  -45.927  24.317  16.763 0.0000000000
108090  -44.573  24.645  18.276 0.0000000000
107550  -44.968  23.718  17.989 0.0000000000
107549  -44.114  23.546  18.545 0.0000000000
106976  -43.440  22.533  18.395 0.0000000000
111769  -42.672  29.573  11.978 0.0000000000
111759  -42.637  30.150  12.588 0.0000000000
111059  -42.121  29.843  14.530 0.0000000000
111032  -41.911  29.243  16.111 0.0000000000
111711  -39.637  30.216  15.997 0.0000000000
111017  -39.974  29.826  16.983 0.0000000000
109818  -41.268  28.037  18.592 0.0000000000
111003  -40.954  28.968  17.890 0.0000000000
110397  -41.520  28.308  18.182 0.0000000000
110398  -42.097  28.069  17.982 0.0000000000
109200  -42.748  26.603  18.797 0.0000000000
109806  -42.424  26.849  18.833 0.0000000000
108078  -41.080  24.593  19.385 0.0000000000
108079  -41.942  24.614  19.403 0.0000000000
107534  -41.457  23.885  19.152 0.0000000000
107547  -41.873  23.188  18.876 0.0000000000
105008  -48.967  20.080  16.774 0.0000000000
105742  -49.211  20.681  15.632 0.0000000000
111184  -42.024  29.991  2.187 0.0000000000
110570  -41.860  29.022  2.691 0.0000000000
110569  -41.486  28.889  2.486 0.0000000000
109990  -40.427  27.795  2.727 0.0000000000
109981  -39.652  27.356  3.357 0.0000000000
109980  -38.839  27.670  3.741 0.0000000000
114237  -44.358  35.137  24.105 0.0000000000
120166  -41.715  42.967  13.274 0.0000000000
119520  -42.069  42.617  12.947 0.0000000000
118849  -44.068  41.479  12.192 0.0000000000
112437  -46.983  31.532  11.264 0.0000000000
113093  -47.258  32.363  11.453 0.0000000000
113092  -46.655  32.124  11.831 0.0000000000
113074  -46.515  33.060  13.460 0.0000000000
113695  -46.927  33.582  14.968 0.0000000000
113702  -46.316  33.297  14.354 0.0000000000
113701  -45.647  33.230  14.732 0.0000000000
113059  -44.981  32.828  15.872 0.0000000000
113058  -44.156  32.357  15.330 0.0000000000
112411  -43.516  32.009  14.940 0.0000000000
112410  -43.027  31.307  14.959 0.0000000000
113109  -40.713  32.346  9.444 0.0000000000
113098  -41.207  32.857  10.248 0.0000000000
112454  -41.301  31.638  9.190 0.0000000000
111791  -41.989  30.898  8.983 0.0000000000
111123  -42.370  29.705  7.880 0.0000000000
109366  -43.076  26.295  5.116 0.0000000000
109951  -43.640  26.876  6.179 0.0000000000
109347  -44.024  26.369  6.053 0.0000000000
109348  -44.509  26.207  6.480 0.0000000000
109935  -45.701  27.368  7.622 0.0000000000
109923  -46.309  27.761  8.022 0.0000000000
109330  -45.492  26.643  7.866 0.0000000000
109921  -45.409  26.894  8.391 0.0000000000
109908  -43.837  26.649  9.298 0.0000000000
109897  -44.081  27.441  9.656 0.0000000000
109907  -43.035  26.433  9.355 0.0000000000
109906  -42.436  26.529  8.896 0.0000000000
109929  -38.260  27.084  7.294 0.0000000000
104211  -48.387  18.262  23.360 0.0000000000
104951  -45.302  19.988  22.578 0.0000000000
104953  -47.129  19.166  22.604 0.0000000000
104952  -45.941  19.625  22.183 0.0000000000
104976  -46.668  19.796  20.021 0.0000000000
104975  -46.176  20.290  20.368 0.0000000000
105691  -46.193  20.819  19.966 0.0000000000
106960  -46.424  22.644  20.020 0.0000000000
119433  -37.797  42.285  20.661 0.0000000000
120129  -36.195  43.065  16.879 0.0000000000
118808  -36.891  42.168  17.397 0.0000000000
119477  -37.181  42.391  16.415 0.0000000000
119478  -37.993  42.151  16.222 0.0000000000
119502  -38.426  42.643  14.619 0.0000000000
119516  -38.517  42.257  14.018 0.0000000000
118835  -37.632  41.339  13.943 0.0000000000
118245  -36.909  40.228  10.626 0.0000000000
116993  -37.024  39.081  12.262 0.0000000000
117615  -37.228  39.008  11.280 0.0000000000
116339  -37.571  37.716  11.461 0.0000000000
115693  -38.169  36.492  10.689 0.0000000000
115023  -38.673  35.729  11.267 0.0000000000
115705  -38.405  36.463  9.847 0.0000000000
115045  -38.788  35.644  9.344 0.0000000000
115057  -39.166  35.716  8.441 0.0000000000
116398  -40.995  37.631  6.252 0.0000000000
115733  -40.702  36.611  6.459 0.0000000000
115734  -41.290  36.911  5.893 0.0000000000
114428  -42.281  34.518  4.102 0.0000000000
113782  -42.279  33.353  3.618 0.0000000000
114429  -42.671  34.505  3.388 0.0000000000
114441  -42.873  34.453  2.892 0.0000000000
114456  -42.620  34.272  2.408 0.0000000000
115783  -43.594  36.896  2.939 0.0000000000
112963  -42.489  33.335  28.654 0.0000000000
112313  -41.907  31.820  27.789 0.0000000000
111640  -41.359  30.590  27.285 0.0000000000
111647  -40.668  30.339  26.245 0.0000000000
109782  -40.606  27.529  23.162 0.0000000000
110367  -41.003  28.107  23.004 0.0000000000
110368  -41.747  28.326  22.767 0.0000000000
110982  -42.323  28.737  22.756 0.0000000000
112345  -45.431  31.784  24.564 0.0000000000
111661  -44.627  30.872  24.032 0.0000000000
110972  -45.158  29.973  23.578 0.0000000000
110372  -45.713  28.744  23.131 0.0000000000
109789  -46.126  27.753  22.616 0.0000000000
109161  -46.479  26.971  22.150 0.0000000000
109790  -46.855  27.677  22.416 0.0000000000
109162  -47.069  26.995  21.974 0.0000000000
109791  -47.353  27.541  21.937 0.0000000000
116935  -40.734  38.896  16.203 0.0000000000
116940  -41.257  38.693  15.607 0.0000000000
116284  -41.574  37.599  15.523 0.0000000000
114362  -44.380  35.390  10.732 0.0000000000
115683  -44.741  36.913  10.968 0.0000000000
115694  -45.473  36.780  10.489 0.0000000000
116355  -45.834  37.272  10.425 0.0000000000
117011  -46.710  38.413  10.559 0.0000000000
115004  -46.350  35.868  13.372 0.0000000000
115671  -46.195  36.749  12.436 0.0000000000
114995  -45.722  36.081  14.112 0.0000000000
115645  -45.041  36.467  14.341 0.0000000000
115630  -44.095  36.600  15.053 0.0000000000
114971  -44.831  35.844  16.230 0.0000000000
114958  -45.111  35.555  17.283 0.0000000000
114302  -45.159  35.268  18.350 0.0000000000
114290  -45.179  35.004  19.275 0.0000000000
114303  -45.669  35.304  18.922 0.0000000000
114932  -46.735  35.689  19.607 0.0000000000
114922  -47.285  35.410  20.438 0.0000000000
113030  -46.785  32.742  18.537 0.0000000000
113031  -47.159  32.832  18.962 0.0000000000
113026  -46.900  32.225  19.190 0.0000000000
111683  -47.105  30.503  19.925 0.0000000000
110992  -47.358  29.319  20.440 0.0000000000
109823  -48.119  26.696  18.274 0.0000000000
109838  -48.019  26.680  17.362 0.0000000000
109849  -47.584  26.865  16.601 0.0000000000
109227  -47.462  26.463  15.983 0.0000000000
109846  -45.272  27.981  16.653 0.0000000000
109216  -45.372  26.552  16.961 0.0000000000
108649  -45.260  25.791  17.425 0.0000000000
108096  -45.597  24.903  17.166 0.0000000000
108095  -45.083  25.098  17.744 0.0000000000
108639  -44.669  25.663  18.033 0.0000000000
108638  -43.989  25.486  18.545 0.0000000000
110464  -41.779  28.597  12.132 0.0000000000
111069  -42.118  29.604  13.543 0.0000000000
111068  -41.616  29.236  13.401 0.0000000000
111057  -41.075  29.442  14.053 0.0000000000
111047  -41.070  29.475  14.925 0.0000000000
111001  -39.351  29.532  18.124 0.0000000000
110396  -40.812  28.506  18.462 0.0000000000
109805  -41.919  27.061  18.958 0.0000000000
109185  -41.278  26.376  19.405 0.0000000000
107533  -40.687  23.910  19.017 0.0000000000
107545  -40.201  23.485  18.575 0.0000000000
108077  -40.159  24.429  19.196 0.0000000000
103539  -50.355  17.128  18.847 0.0000000000
111838  -41.043  30.460  4.984 0.0000000000
111149  -41.139  29.687  6.325 0.0000000000
111161  -41.419  28.921  4.781 0.0000000000
110549  -41.886  27.999  5.079 0.0000000000
109966  -42.013  27.649  4.456 0.0000000000
109974  -42.001  27.452  4.004 0.0000000000
109975  -42.449  26.661  4.179 0.0000000000
109380  -42.564  25.953  4.429 0.0000000000
108745  -42.813  25.621  5.291 0.0000000000
108744  -42.121  25.430  5.606 0.0000000000
109345  -41.735  25.920  6.584 0.0000000000
108743  -41.493  25.658  5.878 0.0000000000
109343  -40.092  26.352  5.994 0.0000000000
109342  -38.845  26.531  6.223 0.0000000000
109363  -38.526  26.420  5.291 0.0000000000
104936  -48.020  19.076  24.847 0.0000000000
105650  -47.116  20.204  25.015 0.0000000000
105658  -46.001  20.007  23.927 0.0000000000
105648  -44.959  21.090  25.021 0.0000000000
105657  -45.032  20.382  24.007 0.0000000000
105671  -44.643  20.453  22.789 0.0000000000
106338  -44.360  21.177  22.178 0.0000000000
106346  -44.198  21.858  21.987 0.0000000000
120128  -35.808  43.590  17.168 0.0000000000
120136  -36.191  43.402  16.347 0.0000000000
120144  -36.062  43.656  15.538 0.0000000000
120155  -35.784  43.693  15.097 0.0000000000
117031  -39.030  38.538  8.436 0.0000000000
117051  -40.711  38.535  6.619 0.0000000000
117052  -41.348  38.505  5.993 0.0000000000
117058  -42.075  38.454  5.425 0.0000000000
117059  -42.791  38.442  4.804 0.0000000000
116410  -42.907  37.562  4.248 0.0000000000
117673  -43.458  39.335  4.819 0.0000000000
112987  -45.156  33.583  25.622 0.0000000000
113000  -44.876  32.718  25.115 0.0000000000
113001  -45.787  32.925  25.113 0.0000000000
113002  -46.331  32.620  24.414 0.0000000000
113006  -46.624  32.468  23.665 0.0000000000
119507  -45.446  42.840  14.312 0.0000000000
118841  -45.243  41.669  13.704 0.0000000000
114386  -46.296  33.926  9.405 0.0000000000
114375  -46.559  34.556  10.149 0.0000000000
114350  -46.850  34.949  11.851 0.0000000000
113720  -47.360  33.390  11.741 0.0000000000
114351  -47.122  34.492  12.150 0.0000000000
115018  -46.958  35.124  12.994 0.0000000000
115005  -47.124  35.264  13.963 0.0000000000
114997  -47.245  35.341  15.035 0.0000000000
114987  -47.265  35.385  16.100 0.0000000000
114974  -47.359  35.470  17.140 0.0000000000
114311  -47.137  34.188  17.164 0.0000000000
113686  -46.703  33.710  15.801 0.0000000000
113675  -46.676  33.757  16.699 0.0000000000
113664  -46.751  33.340  17.775 0.0000000000
113029  -46.134  32.163  18.308 0.0000000000
112374  -45.943  31.225  18.410 0.0000000000
111685  -45.959  30.751  18.347 0.0000000000
111701  -46.187  29.742  18.103 0.0000000000
111700  -45.621  30.515  17.866 0.0000000000
111716  -45.470  29.727  17.283 0.0000000000
111034  -44.249  29.452  16.585 0.0000000000
110426  -43.745  28.712  16.717 0.0000000000
110425  -43.090  28.679  16.853 0.0000000000
111747  -39.810  30.249  13.479 0.0000000000
111736  -39.173  30.670  14.050 0.0000000000
112402  -38.421  31.043  15.263 0.0000000000
111710  -38.588  30.887  15.998 0.0000000000
111016  -38.763  30.120  17.486 0.0000000000
110394  -38.718  28.853  18.740 0.0000000000
109802  -38.684  27.202  19.293 0.0000000000
115668  -41.545  37.071  12.673 0.0000000000
116326  -41.985  37.959  12.495 0.0000000000
115015  -42.108  36.415  12.338 0.0000000000
115016  -42.642  36.693  12.125 0.0000000000
115027  -42.981  36.088  11.753 0.0000000000
113099  -42.319  32.826  10.292 0.0000000000
113718  -43.243  34.270  11.080 0.0000000000
113719  -43.801  34.514  10.796 0.0000000000
113729  -44.108  33.932  10.287 0.0000000000
113730  -44.880  34.273  9.869 0.0000000000
113113  -45.311  32.773  8.823 0.0000000000
111136  -41.726  29.297  6.999 0.0000000000
111124  -43.314  29.777  7.806 0.0000000000
110523  -43.518  28.329  6.979 0.0000000000
111138  -44.028  29.208  7.453 0.0000000000
111806  -44.285  30.327  7.871 0.0000000000
112469  -45.043  31.211  8.053 0.0000000000
113125  -45.664  31.943  8.383 0.0000000000
113114  -46.228  32.557  8.757 0.0000000000
113126  -46.381  31.666  8.624 0.0000000000
113115  -46.863  31.854  9.251 0.0000000000
112458  -47.299  31.242  9.838 0.0000000000
111112  -46.504  29.085  8.772 0.0000000000
111794  -46.788  30.214  9.405 0.0000000000
111782  -47.002  30.689  10.155 0.0000000000
111781  -46.103  30.184  10.003 0.0000000000
112444  -45.708  30.911  10.687 0.0000000000
112443  -44.923  30.840  11.008 0.0000000000
112428  -43.810  31.453  12.155 0.0000000000
111771  -44.360  30.560  11.102 0.0000000000
111770  -43.443  30.104  11.392 0.0000000000
111087  -42.708  29.056  11.506 0.0000000000
110474  -42.844  28.390  10.968 0.0000000000
110472  -41.582  28.498  11.537 0.0000000000
110471  -41.185  28.823  11.784 0.0000000000
111075  -40.228  29.735  11.994 0.0000000000
109327  -42.094  26.018  7.220 0.0000000000
109919  -41.494  27.086  8.029 0.0000000000
110507  -41.023  27.670  8.115 0.0000000000
110519  -38.898  27.750  7.555 0.0000000000
110506  -39.710  28.523  8.368 0.0000000000
110495  -40.743  28.566  9.488 0.0000000000
104941  -48.020  18.967  23.942 0.0000000000
104220  -48.481  18.309  22.329 0.0000000000
104219  -47.833  18.799  22.010 0.0000000000
104257  -49.963  17.416  19.605 0.0000000000
104256  -48.987  18.444  19.041 0.0000000000
104992  -48.350  19.500  18.132 0.0000000000
104984  -47.640  19.547  19.089 0.0000000000
104991  -47.816  20.060  18.307 0.0000000000
105706  -48.021  20.709  17.921 0.0000000000
106372  -48.372  21.688  17.669 0.0000000000
106980  -48.180  22.667  18.042 0.0000000000
118786  -38.487  42.190  20.015 0.0000000000
118801  -37.802  41.747  18.252 0.0000000000
118793  -38.179  41.877  19.178 0.0000000000
118794  -39.185  42.244  19.569 0.0000000000
119455  -40.389  42.406  19.260 0.0000000000
119456  -41.224  42.673  18.929 0.0000000000
119457  -42.114  43.113  18.571 0.0000000000
119469  -41.996  43.110  17.335 0.0000000000
119481  -41.968  43.359  16.095 0.0000000000
120145  -41.335  43.411  14.319 0.0000000000
119504  -40.344  43.081  13.979 0.0000000000
120156  -41.110  43.156  13.590 0.0000000000
118838  -40.699  41.581  13.250 0.0000000000
118201  -41.037  40.702  13.181 0.0000000000
116965  -40.933  39.148  13.217 0.0000000000
119513  -35.391  42.404  14.145 0.0000000000
118834  -36.800  41.522  14.056 0.0000000000
118826  -37.182  40.898  13.957 0.0000000000
118198  -38.182  40.515  13.835 0.0000000000
116977  -37.311  38.827  12.772 0.0000000000
116962  -38.272  38.788  13.488 0.0000000000
117585  -38.664  39.636  13.673 0.0000000000
116963  -39.143  38.794  13.469 0.0000000000
116964  -40.140  38.798  13.375 0.0000000000
116325  -41.134  37.857  12.928 0.0000000000
115667  -40.475  36.968  13.046 0.0000000000
115025  -40.684  35.217  12.070 0.0000000000
114358  -40.299  34.419  11.306 0.0000000000
114369  -38.963  34.980  10.331 0.0000000000
113739  -40.291  33.175  10.046 0.0000000000
113123  -40.236  32.457  8.973 0.0000000000
112478  -40.023  32.127  8.013 0.0000000000
112490  -40.308  31.469  6.490 0.0000000000
116378  -39.305  37.627  8.172 0.0000000000
115724  -39.523  36.690  7.913 0.0000000000
114404  -39.866  35.046  7.277 0.0000000000
115078  -40.768  35.532  6.128 0.0000000000
114414  -40.273  34.624  6.627 0.0000000000
114413  -39.802  34.346  7.346 0.0000000000
113767  -39.916  33.608  7.000 0.0000000000
113146  -40.610  32.438  5.687 0.0000000000
112500  -40.786  31.364  5.392 0.0000000000
112506  -41.273  31.256  4.536 0.0000000000
112507  -41.702  31.263  3.765 0.0000000000
111851  -42.377  30.773  2.796 0.0000000000
113170  -42.414  32.296  3.116 0.0000000000
112513  -42.485  31.611  2.718 0.0000000000
111176  -42.316  30.466  2.404 0.0000000000
111859  -41.642  30.737  1.874 0.0000000000
111858  -40.761  30.596  2.211 0.0000000000
114455  -42.210  34.290  1.875 0.0000000000
114454  -41.516  34.370  2.210 0.0000000000
116419  -43.488  37.532  3.609 0.0000000000
116429  -43.700  37.262  3.183 0.0000000000
116430  -43.860  37.527  3.083 0.0000000000
107487  -41.852  23.552  23.532 0.0000000000
108579  -40.869  26.249  22.937 0.0000000000
107497  -41.912  23.952  22.899 0.0000000000
107498  -42.477  23.487  22.732 0.0000000000
106940  -43.120  22.607  22.598 0.0000000000
107499  -43.397  23.463  22.146 0.0000000000
107512  -44.278  23.480  21.710 0.0000000000
111659  -42.561  30.606  23.685 0.0000000000
110983  -42.956  28.981  22.723 0.0000000000
110971  -44.293  29.970  23.402 0.0000000000
110370  -43.563  28.292  22.609 0.0000000000
109158  -43.551  26.420  22.169 0.0000000000
109164  -44.345  25.950  22.099 0.0000000000
107513  -45.188  23.539  21.312 0.0000000000
107514  -46.165  23.645  20.758 0.0000000000
107524  -46.939  23.760  19.985 0.0000000000
108063  -47.082  24.754  20.451 0.0000000000
107536  -47.166  23.277  19.422 0.0000000000
107537  -47.594  23.763  19.193 0.0000000000
107551  -47.997  23.409  18.488 0.0000000000
107552  -48.454  23.677  17.892 0.0000000000
114287  -39.998  34.137  19.174 0.0000000000
114288  -40.681  34.021  19.039 0.0000000000
113647  -41.802  33.711  19.677 0.0000000000
117603  -43.010  39.813  12.122 0.0000000000
118217  -44.412  40.861  11.910 0.0000000000
116997  -44.945  38.753  11.068 0.0000000000
118231  -45.027  40.502  11.571 0.0000000000
119539  -45.320  41.874  11.915 0.0000000000
119534  -46.152  42.251  12.440 0.0000000000
118842  -46.221  41.514  13.005 0.0000000000
118203  -44.927  40.684  13.411 0.0000000000
115039  -46.461  35.750  10.395 0.0000000000
115696  -46.496  36.809  10.619 0.0000000000
117000  -47.259  38.523  10.923 0.0000000000
116330  -46.506  37.777  11.747 0.0000000000
117607  -46.582  39.512  11.747 0.0000000000
117606  -46.118  39.694  12.444 0.0000000000
117590  -45.366  39.793  12.944 0.0000000000
117576  -43.590  39.779  13.863 0.0000000000
116950  -43.207  38.769  14.038 0.0000000000
116285  -42.359  37.705  14.924 0.0000000000
115628  -42.509  36.940  15.378 0.0000000000
114983  -43.912  36.374  15.506 0.0000000000
115618  -42.988  36.443  15.628 0.0000000000
114969  -42.217  35.667  16.623 0.0000000000
114299  -42.232  34.542  18.091 0.0000000000
113648  -42.780  33.855  19.468 0.0000000000
113637  -42.604  33.579  20.422 0.0000000000
113623  -43.374  33.806  21.251 0.0000000000
114251  -45.357  34.945  22.740 0.0000000000
114273  -45.343  34.841  20.205 0.0000000000
114252  -46.283  35.132  22.845 0.0000000000
114253  -46.558  34.410  23.004 0.0000000000
113613  -46.662  33.416  23.199 0.0000000000
112358  -46.855  31.516  23.298 0.0000000000
114961  -47.451  35.490  18.139 0.0000000000
114948  -47.475  35.407  19.058 0.0000000000
114276  -47.417  34.724  20.608 0.0000000000
113027  -47.268  32.836  19.479 0.0000000000
113639  -47.378  33.624  20.829 0.0000000000
114263  -47.265  34.199  21.257 0.0000000000
113009  -47.227  32.448  22.079 0.0000000000
112359  -47.170  31.451  22.516 0.0000000000
111673  -47.147  30.495  23.036 0.0000000000
110988  -47.329  29.356  22.663 0.0000000000
110376  -47.444  28.350  21.809 0.0000000000
109793  -47.655  27.389  21.143 0.0000000000
109795  -47.939  27.149  20.050 0.0000000000
109171  -48.061  26.245  19.972 0.0000000000
108092  -48.329  24.691  18.311 0.0000000000
107557  -49.039  23.548  16.861 0.0000000000
107563  -49.170  23.769  16.052 0.0000000000
108103  -49.086  24.047  15.589 0.0000000000
107569  -48.928  23.649  14.629 0.0000000000
108661  -48.595  25.190  15.848 0.0000000000
108671  -48.436  25.022  15.130 0.0000000000
107574  -48.407  23.773  14.070 0.0000000000
107573  -47.749  23.838  14.135 0.0000000000
107007  -47.320  23.066  14.181 0.0000000000
109848  -46.911  27.159  16.487 0.0000000000
109226  -46.691  26.428  15.993 0.0000000000
108660  -46.859  25.566  15.375 0.0000000000
108106  -47.015  24.769  14.937 0.0000000000
107567  -46.764  24.007  15.374 0.0000000000
107002  -46.918  23.094  14.983 0.0000000000
106996  -46.216  22.504  16.505 0.0000000000
107555  -45.568  23.883  17.325 0.0000000000
106978  -45.318  23.236  17.652 0.0000000000
113080  -42.948  31.483  12.868 0.0000000000
112426  -42.706  31.015  13.172 0.0000000000
112418  -42.671  31.215  14.058 0.0000000000
111739  -42.555  30.527  14.755 0.0000000000
111020  -42.723  28.805  16.819 0.0000000000
111737  -39.886  30.156  14.374 0.0000000000
111018  -41.208  29.189  17.174 0.0000000000
110413  -42.647  28.307  17.389 0.0000000000
109833  -43.134  27.813  17.583 0.0000000000
109821  -43.482  27.001  18.123 0.0000000000
109201  -43.412  26.379  18.531 0.0000000000
108625  -43.254  25.416  19.037 0.0000000000
109186  -42.210  26.283  19.199 0.0000000000
108080  -42.777  24.546  19.230 0.0000000000
107548  -42.938  23.482  18.912 0.0000000000
104938  -45.517  19.866  23.161 0.0000000000
104983  -46.943  20.156  19.271 0.0000000000
105641  -45.306  21.333  25.409 0.0000000000
105651  -47.637  19.710  25.127 0.0000000000
105716  -49.017  20.982  17.030 0.0000000000
105728  -48.926  20.411  17.002 0.0000000000
105729  -49.113  20.705  16.557 0.0000000000
106353  -45.994  21.706  20.213 0.0000000000
106354  -46.434  21.766  19.638 0.0000000000
106395  -46.006  21.852  16.682 0.0000000000
106396  -46.386  22.265  16.135 0.0000000000
106939  -42.638  22.622  23.111 0.0000000000
106950  -43.795  22.549  22.049 0.0000000000
106951  -44.574  22.584  21.559 0.0000000000
107010  -48.836  22.910  14.237 0.0000000000
107488  -42.286  23.062  23.280 0.0000000000
107515  -46.715  24.248  20.504 0.0000000000
107523  -46.414  23.167  20.350 0.0000000000
107532  -40.264  23.934  18.916 0.0000000000
107538  -48.077  24.090  18.635 0.0000000000
107556  -45.993  23.716  16.793 0.0000000000
107564  -49.181  23.445  15.443 0.0000000000
107568  -48.699  24.174  14.544 0.0000000000
108030  -41.508  24.434  23.038 0.0000000000
108064  -47.513  24.763  20.075 0.0000000000
108088  -40.024  23.943  18.859 0.0000000000
108108  -49.072  23.941  15.173 0.0000000000
108113  -48.419  24.595  14.612 0.0000000000
108588  -47.631  26.087  20.864 0.0000000000
108601  -47.429  25.209  20.457 0.0000000000
108603  -48.084  25.560  19.609 0.0000000000
108624  -42.465  25.401  19.316 0.0000000000
108670  -48.099  25.271  15.055 0.0000000000
108680  -47.838  24.875  14.537 0.0000000000
108681  -48.063  24.962  14.640 0.0000000000
108682  -48.264  24.981  14.817 0.0000000000
108712  -44.318  25.372  7.524 0.0000000000
108713  -44.767  25.698  7.431 0.0000000000
108717  -42.508  25.565  7.128 0.0000000000
108720  -44.395  25.531  6.794 0.0000000000
108727  -41.648  25.775  6.283 0.0000000000
108728  -42.198  25.549  6.520 0.0000000000
108730  -43.629  25.426  6.154 0.0000000000
108747  -43.967  25.841  5.782 0.0000000000
108758  -42.432  25.617  4.605 0.0000000000
108763  -41.476  25.701  4.133 0.0000000000
109153  -40.369  26.686  23.425 0.0000000000
109155  -40.813  26.938  22.860 0.0000000000
109156  -41.426  26.691  22.593 0.0000000000
109157  -42.339  26.490  22.316 0.0000000000
109165  -45.166  26.048  22.057 0.0000000000
109166  -46.018  26.215  21.777 0.0000000000
109214  -43.903  26.740  18.025 0.0000000000
109301  -42.610  26.222  8.603 0.0000000000
109303  -43.525  25.998  8.789 0.0000000000
109314  -43.145  25.580  8.083 0.0000000000
109315  -44.022  25.572  8.229 0.0000000000
109317  -45.470  26.664  8.133 0.0000000000
109326  -41.500  26.232  6.788 0.0000000000
109346  -43.523  26.432  5.710 0.0000000000
109367  -43.779  26.082  5.662 0.0000000000
109368  -44.140  26.001  5.954 0.0000000000
109375  -37.814  27.069  4.671 0.0000000000
109378  -40.499  25.909  4.725 0.0000000000
109379  -42.264  25.698  4.266 0.0000000000
109386  -41.881  25.895  3.876 0.0000000000
109387  -42.294  25.879  4.052 0.0000000000
109796  -48.103  26.517  19.648 0.0000000000
109837  -47.636  27.149  17.208 0.0000000000
109850  -47.876  26.696  16.860 0.0000000000
109898  -44.630  27.702  9.461 0.0000000000
109911  -46.201  27.770  8.429 0.0000000000
109920  -41.862  26.724  8.278 0.0000000000
109922  -45.885  27.148  8.167 0.0000000000
109932  -41.295  26.741  7.352 0.0000000000
109933  -41.959  26.371  7.769 0.0000000000
109934  -44.892  27.026  7.082 0.0000000000
109936  -46.223  27.933  7.747 0.0000000000
109948  -40.610  26.559  6.557 0.0000000000
109949  -41.144  26.406  6.696 0.0000000000
109967  -42.499  27.191  4.777 0.0000000000
109973  -38.785  26.994  3.897 0.0000000000
109992  -41.665  28.213  2.865 0.0000000000
110347  -39.792  28.506  25.563 0.0000000000
110348  -40.093  29.010  25.817 0.0000000000
110359  -40.496  28.326  23.538 0.0000000000
110360  -41.169  28.723  23.170 0.0000000000
110361  -46.013  29.123  23.345 0.0000000000
110369  -42.610  28.207  22.578 0.0000000000
110373  -46.627  28.512  23.016 0.0000000000
110411  -41.288  28.752  17.877 0.0000000000
110462  -41.221  28.886  12.102 0.0000000000
110463  -41.421  28.760  12.124 0.0000000000
110494  -40.102  28.801  9.001 0.0000000000
110497  -45.102  28.116  9.405 0.0000000000
110498  -45.668  28.069  9.128 0.0000000000
110499  -46.191  28.275  8.804 0.0000000000
110505  -38.438  28.326  8.238 0.0000000000
110508  -41.574  27.197  8.398 0.0000000000
110509  -46.411  28.360  8.376 0.0000000000
110520  -39.965  27.607  7.456 0.0000000000
110527  -46.408  28.401  7.949 0.0000000000
110539  -43.939  27.549  6.695 0.0000000000
110540  -44.581  27.532  6.977 0.0000000000
110568  -40.767  28.646  2.435 0.0000000000
110961  -40.272  29.576  25.861 0.0000000000
110963  -39.971  28.870  25.123 0.0000000000
110968  -40.768  29.352  23.712 0.0000000000
110984  -43.961  29.168  22.890 0.0000000000
110986  -45.461  29.398  23.349 0.0000000000
111005  -47.067  29.186  18.949 0.0000000000
111022  -46.421  29.050  17.751 0.0000000000
111037  -46.177  28.971  17.352 0.0000000000
111086  -40.683  29.176  11.463 0.0000000000
111095  -37.393  28.848  9.897 0.0000000000
111106  -37.683  28.531  9.193 0.0000000000
111110  -45.580  28.570  9.388 0.0000000000
111121  -39.182  28.966  8.751 0.0000000000
111125  -46.472  28.947  8.273 0.0000000000
111135  -41.208  29.734  6.789 0.0000000000
111137  -42.936  29.065  7.384 0.0000000000
111140  -45.714  29.067  7.503 0.0000000000
111160  -41.135  29.665  5.395 0.0000000000
111185  -42.432  30.748  2.116 0.0000000000
111639  -40.999  30.325  26.732 0.0000000000
111653  -44.749  31.243  24.287 0.0000000000
111654  -45.005  31.226  24.329 0.0000000000
111662  -45.539  30.714  24.054 0.0000000000
111664  -46.879  30.192  23.456 0.0000000000
111699  -45.190  30.657  17.456 0.0000000000
111712  -40.262  29.836  15.742 0.0000000000
111728  -43.015  30.635  15.606 0.0000000000
111758  -40.398  29.742  12.899 0.0000000000
111783  -47.319  30.962  10.149 0.0000000000
111793  -46.289  29.761  9.542 0.0000000000
111795  -47.196  30.760  9.902 0.0000000000
111804  -41.728  30.309  8.295 0.0000000000
111807  -45.042  30.577  7.767 0.0000000000
111817  -41.395  30.102  7.606 0.0000000000
111819  -45.290  29.969  7.587 0.0000000000
111821  -46.387  29.764  7.975 0.0000000000
111844  -41.477  30.413  4.155 0.0000000000
111845  -41.955  30.480  3.385 0.0000000000
111852  -42.501  31.084  2.382 0.0000000000
111860  -42.331  31.098  1.815 0.0000000000
111866  -42.435  31.514  1.866 0.0000000000
111867  -42.496  31.339  1.957 0.0000000000
112324  -41.084  30.771  26.549 0.0000000000
112335  -40.970  31.028  25.899 0.0000000000
112340  -41.100  31.087  25.177 0.0000000000
112346  -46.054  31.995  24.551 0.0000000000
112351  -44.421  31.258  24.217 0.0000000000
112353  -46.486  31.564  24.003 0.0000000000
112371  -46.711  31.231  19.359 0.0000000000
112427  -43.097  31.080  12.442 0.0000000000
112433  -43.543  30.883  11.900 0.0000000000
112434  -44.384  31.172  11.570 0.0000000000
112435  -45.372  31.410  11.271 0.0000000000
112445  -46.638  31.041  10.639 0.0000000000
112453  -40.793  31.910  9.110 0.0000000000
112455  -42.416  31.565  9.309 0.0000000000
112457  -46.987  31.045  9.294 0.0000000000
112464  -40.114  32.213  8.384 0.0000000000
112466  -41.246  31.062  8.652 0.0000000000
112467  -43.032  31.300  8.900 0.0000000000
112471  -46.606  30.935  8.733 0.0000000000
112481  -45.912  30.419  7.686 0.0000000000
112489  -39.984  32.044  7.279 0.0000000000
112522  -42.536  31.765  2.341 0.0000000000
112528  -42.350  31.815  1.807 0.0000000000
112529  -42.522  31.800  2.012 0.0000000000
112962  -42.392  32.783  27.933 0.0000000000
112988  -45.579  33.669  25.474 0.0000000000
113008  -46.898  32.403  22.871 0.0000000000
113041  -46.406  32.756  18.093 0.0000000000
113060  -45.276  32.840  16.400 0.0000000000
113071  -42.956  31.796  13.368 0.0000000000
113075  -46.992  33.147  13.397 0.0000000000
113081  -43.492  31.806  12.708 0.0000000000
113085  -47.323  32.992  12.194 0.0000000000
113090  -45.053  31.733  11.695 0.0000000000
113101  -43.975  33.263  9.830 0.0000000000
113102  -47.423  32.065  10.388 0.0000000000
113108  -39.958  33.012  9.295 0.0000000000
113127  -46.652  31.488  8.858 0.0000000000
113145  -40.069  32.644  6.661 0.0000000000
113164  -41.943  32.155  3.580 0.0000000000
113181  -42.524  32.481  2.303 0.0000000000
113187  -42.244  32.379  1.746 0.0000000000
113574  -45.404  34.180  25.775 0.0000000000
113646  -40.753  33.627  19.719 0.0000000000
113650  -47.462  33.722  19.896 0.0000000000
113652  -41.198  33.931  19.076 0.0000000000
113655  -43.721  34.530  18.559 0.0000000000
113663  -46.297  33.091  17.534 0.0000000000
113674  -46.144  33.210  17.148 0.0000000000
113693  -45.502  33.175  15.458 0.0000000000
113716  -41.235  33.914  11.281 0.0000000000
113717  -42.201  34.005  11.331 0.0000000000
113725  -39.957  33.803  10.429 0.0000000000
113728  -42.871  33.489  10.756 0.0000000000
113731  -47.055  33.468  10.086 0.0000000000
113740  -44.311  33.381  9.718 0.0000000000
113741  -45.022  33.669  9.475 0.0000000000
113742  -45.968  33.518  8.948 0.0000000000
113744  -47.249  32.615  9.902 0.0000000000
113783  -42.719  33.906  3.112 0.0000000000
113792  -42.639  33.352  2.741 0.0000000000
113819  -42.334  32.675  1.848 0.0000000000
113820  -42.425  32.877  1.962 0.0000000000
114209  -45.606  34.642  25.513 0.0000000000
114220  -46.124  34.474  24.709 0.0000000000
114221  -46.339  33.891  24.368 0.0000000000
114240  -46.420  34.114  23.875 0.0000000000
114274  -46.406  35.301  20.450 0.0000000000
114300  -43.294  34.684  17.973 0.0000000000
114301  -44.194  34.946  18.141 0.0000000000
114306  -41.084  35.107  17.665 0.0000000000
114320  -43.236  35.458  16.782 0.0000000000
114322  -47.105  34.186  16.627 0.0000000000
114361  -43.647  35.117  11.163 0.0000000000
114370  -39.408  34.612  10.585 0.0000000000
114371  -40.013  34.039  10.831 0.0000000000
114372  -44.199  34.777  10.639 0.0000000000
114890  -45.611  35.145  25.170 0.0000000000
114920  -46.788  35.657  20.097 0.0000000000
114921  -47.057  35.741  20.199 0.0000000000
114933  -47.204  35.709  19.530 0.0000000000
114934  -47.427  35.389  19.903 0.0000000000
114970  -43.573  36.001  16.083 0.0000000000
114984  -44.461  36.215  15.539 0.0000000000
115003  -45.833  36.296  13.560 0.0000000000
115024  -39.556  35.191  11.543 0.0000000000
115029  -44.903  36.016  10.571 0.0000000000
115035  -38.725  35.466  10.377 0.0000000000
115036  -39.034  35.180  10.970 0.0000000000
115038  -46.240  35.857  10.052 0.0000000000
115046  -39.081  35.206  8.981 0.0000000000
115056  -38.828  36.185  8.793 0.0000000000
115068  -39.699  35.767  7.604 0.0000000000
115617  -42.432  36.370  15.910 0.0000000000
115627  -41.857  36.876  15.747 0.0000000000
115629  -43.402  36.639  15.288 0.0000000000
115631  -44.684  36.386  14.920 0.0000000000
115644  -44.366  36.940  14.357 0.0000000000
115653  -39.511  37.358  13.235 0.0000000000
115655  -44.772  37.005  13.815 0.0000000000
115664  -37.922  37.230  12.220 0.0000000000
115665  -38.291  36.969  12.358 0.0000000000
115669  -42.370  37.192  12.325 0.0000000000
115670  -45.735  37.034  12.941 0.0000000000
115681  -43.044  37.123  11.945 0.0000000000
115682  -43.833  36.985  11.492 0.0000000000
115692  -37.791  37.014  11.222 0.0000000000
115747  -41.177  36.214  5.794 0.0000000000
115773  -43.691  37.016  3.076 0.0000000000
116276  -40.641  37.482  16.231 0.0000000000
116283  -41.013  38.003  15.788 0.0000000000
116296  -43.968  37.853  13.884 0.0000000000
116311  -40.331  37.862  13.255 0.0000000000
116314  -45.440  37.348  13.047 0.0000000000
116322  -37.733  37.705  12.374 0.0000000000
116324  -38.967  37.568  13.198 0.0000000000
116328  -45.439  38.319  12.735 0.0000000000
116343  -45.946  38.228  10.494 0.0000000000
116344  -47.061  37.818  10.995 0.0000000000
116345  -47.205  38.284  10.823 0.0000000000
116353  -37.757  37.589  10.492 0.0000000000
116356  -46.245  37.729  10.443 0.0000000000
116357  -46.851  37.901  10.623 0.0000000000
116358  -47.076  38.103  10.730 0.0000000000
116367  -37.842  38.079  9.932 0.0000000000
116409  -42.343  37.554  4.998 0.0000000000
116420  -43.812  37.856  3.387 0.0000000000
116941  -41.853  38.285  15.099 0.0000000000
116948  -41.861  38.926  15.062 0.0000000000
116961  -37.749  38.787  13.284 0.0000000000
116976  -37.058  39.132  12.536 0.0000000000
116978  -40.848  38.486  13.170 0.0000000000
116980  -42.575  38.864  12.252 0.0000000000
116981  -43.311  39.156  11.893 0.0000000000
116982  -45.286  38.833  12.811 0.0000000000
116984  -46.399  38.724  12.070 0.0000000000
116996  -43.953  38.807  11.492 0.0000000000
116998  -45.743  38.747  10.705 0.0000000000
116999  -46.943  38.623  11.399 0.0000000000
117009  -37.432  38.480  10.989 0.0000000000
117010  -46.296  38.569  10.556 0.0000000000
117012  -47.116  38.476  10.692 0.0000000000
117571  -41.896  39.773  15.406 0.0000000000
117574  -42.181  39.263  14.888 0.0000000000
117583  -36.886  39.937  13.306 0.0000000000
117586  -39.643  39.727  13.535 0.0000000000
117588  -41.373  39.834  13.014 0.0000000000
117589  -44.451  39.802  13.427 0.0000000000
117591  -45.897  40.240  12.759 0.0000000000
117601  -37.125  39.404  13.070 0.0000000000
117605  -45.662  39.295  12.645 0.0000000000
117620  -47.254  38.681  10.842 0.0000000000
117627  -36.846  39.927  10.998 0.0000000000
117629  -46.593  38.829  10.626 0.0000000000
117630  -46.885  38.895  10.701 0.0000000000
117631  -47.141  38.875  10.786 0.0000000000
117638  -37.759  39.474  9.882 0.0000000000
118189  -36.702  40.858  13.883 0.0000000000
118190  -36.931  40.769  13.908 0.0000000000
118191  -42.897  40.723  14.929 0.0000000000
118192  -43.434  40.669  14.356 0.0000000000
118195  -36.010  40.958  13.619 0.0000000000
118197  -37.260  40.511  13.785 0.0000000000
118202  -44.130  40.702  13.783 0.0000000000
118204  -45.703  40.769  13.074 0.0000000000
118230  -44.297  40.283  11.720 0.0000000000
118232  -45.818  40.361  11.435 0.0000000000
118244  -36.360  40.542  11.079 0.0000000000
118286  -42.406  40.599  5.740 0.0000000000
118787  -39.069  42.357  20.179 0.0000000000
118795  -39.837  42.307  19.439 0.0000000000
118800  -36.975  41.994  17.944 0.0000000000
118802  -38.699  41.924  18.565 0.0000000000
118815  -37.701  42.017  16.679 0.0000000000
118817  -38.777  41.899  17.311 0.0000000000
118825  -36.934  40.998  14.031 0.0000000000
118829  -44.952  42.181  14.272 0.0000000000
118843  -46.321  41.891  12.658 0.0000000000
118850  -44.873  41.393  11.898 0.0000000000
118851  -46.337  40.988  12.518 0.0000000000
118859  -45.533  41.227  11.669 0.0000000000
118861  -46.264  41.119  11.827 0.0000000000
119434  -39.113  42.487  20.830 0.0000000000
119465  -36.399  42.603  17.439 0.0000000000
119466  -36.853  42.318  17.000 0.0000000000
119476  -36.545  42.785  16.631 0.0000000000
119492  -41.775  43.469  15.100 0.0000000000
119506  -44.971  42.739  14.784 0.0000000000
119519  -41.333  42.321  13.098 0.0000000000
119521  -45.330  42.416  14.146 0.0000000000
119523  -46.305  42.354  13.007 0.0000000000
119529  -41.931  42.082  12.779 0.0000000000
119530  -42.679  42.326  12.587 0.0000000000
119533  -45.491  42.434  12.253 0.0000000000
119540  -45.860  41.826  11.859 0.0000000000
119541  -46.200  41.578  11.938 0.0000000000
120146  -42.317  43.704  14.627 0.0000000000
120154  -35.319  43.688  14.889 0.0000000000
120160  -45.325  43.142  14.634 0.0000000000
120165  -41.143  42.757  13.344 0.0000000000
120170  -45.963  43.046  13.320 0.0000000000
120171  -46.252  42.611  12.892 0.0000000000
120180  -46.117  42.799  12.800 0.0000000000
120708  -34.921  44.133  15.099 0.0000000000
