#!ascii label  , from subject bert vox2ras=TkReg
1372
56892  -42.839  -30.687  48.376 0.0000000000
46256  -32.759  -39.630  55.586 0.0000000000
63064  -51.382  -25.243  40.294 0.0000000000
59112  -37.447  -29.014  38.605 0.0000000000
61993  -45.235  -25.240  44.215 0.0000000000
48416  -39.960  -37.327  51.860 0.0000000000
47497  -29.091  -39.183  42.955 0.0000000000
51677  -33.930  -35.794  38.973 0.0000000000
45203  -24.819  -41.293  57.524 0.0000000000
132662  -48.327  -12.962  38.570 0.0000000000
43383  -22.563  -43.522  44.078 0.0000000000
56974  -40.114  -30.323  42.986 0.0000000000
60930  -41.376  -26.299  42.628 0.0000000000
60881  -42.339  -26.715  47.728 0.0000000000
52636  -41.793  -34.599  49.148 0.0000000000
48510  -37.671  -37.298  44.858 0.0000000000
52724  -38.757  -34.441  43.135 0.0000000000
54897  -36.020  -32.858  38.912 0.0000000000
73631  -47.916  -13.768  34.456 0.0000000000
46234  -28.054  -40.498  56.069 0.0000000000
44240  -23.567  -41.586  50.682 0.0000000000
47374  -27.560  -39.579  50.678 0.0000000000
60935  -49.331  -26.586  41.957 0.0000000000
47331  -35.873  -38.670  53.794 0.0000000000
46381  -30.788  -39.628  48.619 0.0000000000
48480  -34.669  -38.360  47.029 0.0000000000
49597  -30.886  -37.773  40.929 0.0000000000
46189  -21.817  -40.439  59.594 0.0000000000
65036  -48.851  -22.186  47.554 0.0000000000
66095  -50.706  -21.371  43.362 0.0000000000
73546  -49.529  -14.853  42.138 0.0000000000
68473  -48.213  -19.895  41.101 0.0000000000
68515  -44.927  -19.475  36.944 0.0000000000
46329  -20.820  -40.810  51.899 0.0000000000
47493  -24.685  -39.934  43.116 0.0000000000
56920  -41.769  -30.691  45.955 0.0000000000
59973  -41.412  -28.479  44.925 0.0000000000
59029  -42.320  -28.913  48.099 0.0000000000
54779  -42.842  -32.327  49.527 0.0000000000
52666  -40.477  -34.665  46.204 0.0000000000
54820  -41.245  -32.621  45.920 0.0000000000
55889  -39.635  -31.990  43.470 0.0000000000
62102  -51.666  -24.822  38.049 0.0000000000
63083  -50.474  -23.939  39.187 0.0000000000
46236  -30.174  -39.987  55.896 0.0000000000
46296  -27.911  -40.313  53.652 0.0000000000
46318  -30.146  -40.127  52.615 0.0000000000
60041  -38.337  -27.049  37.091 0.0000000000
62010  -43.814  -25.625  43.257 0.0000000000
62074  -42.610  -25.762  40.581 0.0000000000
62044  -44.881  -25.600  41.499 0.0000000000
60971  -47.326  -26.434  40.517 0.0000000000
62013  -47.278  -25.753  42.919 0.0000000000
48402  -38.396  -37.869  52.396 0.0000000000
48426  -35.060  -38.139  50.117 0.0000000000
48445  -36.867  -37.647  49.360 0.0000000000
49584  -35.797  -37.002  41.413 0.0000000000
49564  -34.746  -37.903  42.743 0.0000000000
50595  -32.449  -36.759  39.480 0.0000000000
56994  -36.446  -30.808  38.279 0.0000000000
66068  -50.020  -21.785  45.889 0.0000000000
71602  -49.933  -16.649  40.730 0.0000000000
71615  -48.023  -17.241  39.284 0.0000000000
68498  -46.552  -19.562  39.227 0.0000000000
71646  -46.462  -16.769  37.587 0.0000000000
71683  -45.483  -16.307  33.949 0.0000000000
46204  -23.679  -40.694  58.835 0.0000000000
46248  -21.312  -40.193  55.248 0.0000000000
46271  -23.200  -40.625  54.518 0.0000000000
43337  -22.207  -42.604  46.866 0.0000000000
43335  -20.827  -43.378  47.080 0.0000000000
41584  -20.928  -45.800  44.737 0.0000000000
46412  -29.636  -39.664  45.162 0.0000000000
47432  -28.691  -39.696  46.226 0.0000000000
47481  -27.515  -39.230  43.450 0.0000000000
58070  -38.711  -29.593  40.636 0.0000000000
60008  -39.153  -27.883  40.554 0.0000000000
59994  -40.401  -28.234  43.003 0.0000000000
60905  -41.869  -26.550  44.333 0.0000000000
61963  -43.664  -25.593  46.035 0.0000000000
50473  -41.018  -36.181  50.376 0.0000000000
48461  -38.834  -36.817  48.355 0.0000000000
49509  -39.510  -36.252  47.170 0.0000000000
49548  -38.246  -36.170  44.014 0.0000000000
51646  -36.886  -35.410  40.757 0.0000000000
52801  -34.452  -34.382  38.335 0.0000000000
53818  -37.534  -33.392  40.812 0.0000000000
55928  -38.035  -31.800  40.751 0.0000000000
132660  -46.975  -13.717  36.557 0.0000000000
76600  -49.024  -10.837  36.437 0.0000000000
46232  -26.415  -41.024  56.700 0.0000000000
44200  -24.924  -41.657  54.306 0.0000000000
45248  -26.045  -40.973  53.902 0.0000000000
46352  -25.429  -40.614  51.345 0.0000000000
45320  -23.710  -41.011  47.082 0.0000000000
60981  -40.020  -26.540  38.977 0.0000000000
60022  -48.629  -26.955  39.648 0.0000000000
60955  -51.303  -26.352  40.882 0.0000000000
47316  -33.948  -39.241  54.292 0.0000000000
46321  -32.260  -39.674  52.119 0.0000000000
47361  -33.651  -39.076  51.468 0.0000000000
47419  -32.267  -38.978  48.065 0.0000000000
47484  -31.124  -38.784  44.517 0.0000000000
48495  -35.559  -38.192  45.715 0.0000000000
48544  -32.424  -38.585  43.485 0.0000000000
48557  -29.782  -38.195  41.659 0.0000000000
59009  -43.710  -29.185  51.245 0.0000000000
47277  -33.819  -39.085  57.398 0.0000000000
47320  -38.225  -38.624  54.900 0.0000000000
48393  -40.346  -37.526  53.878 0.0000000000
60862  -43.608  -26.694  50.988 0.0000000000
61930  -45.073  -25.112  49.603 0.0000000000
61954  -46.398  -24.447  48.106 0.0000000000
65020  -47.782  -22.115  48.887 0.0000000000
62992  -47.785  -24.044  46.875 0.0000000000
61982  -49.950  -24.680  45.005 0.0000000000
63015  -51.307  -24.417  43.991 0.0000000000
64066  -51.049  -23.404  42.258 0.0000000000
69539  -50.517  -18.022  42.936 0.0000000000
67250  -50.086  -20.106  42.156 0.0000000000
64077  -48.893  -23.624  41.476 0.0000000000
64089  -47.108  -23.358  40.202 0.0000000000
71667  -45.656  -16.619  35.759 0.0000000000
46212  -19.547  -40.731  56.865 0.0000000000
41496  -19.709  -45.109  50.095 0.0000000000
45274  -22.541  -41.248  51.354 0.0000000000
42458  -19.772  -44.206  48.327 0.0000000000
46368  -30.001  -39.796  49.829 0.0000000000
47429  -25.688  -39.260  47.337 0.0000000000
45350  -23.652  -41.692  43.946 0.0000000000
42514  -25.501  -44.423  43.121 0.0000000000
56921  -42.165  -30.938  46.685 0.0000000000
59051  -42.101  -29.561  46.681 0.0000000000
57972  -42.913  -29.782  48.756 0.0000000000
55811  -42.942  -31.512  48.902 0.0000000000
54802  -41.810  -32.578  47.276 0.0000000000
55836  -41.896  -31.631  46.519 0.0000000000
55855  -41.569  -31.468  45.522 0.0000000000
60990  -51.605  -26.267  39.540 0.0000000000
62089  -51.621  -25.561  38.788 0.0000000000
64107  -51.784  -24.109  38.836 0.0000000000
63076  -51.614  -24.718  39.383 0.0000000000
46255  -31.686  -39.836  55.242 0.0000000000
46276  -30.280  -40.221  54.306 0.0000000000
46277  -31.218  -40.162  54.300 0.0000000000
59120  -36.781  -28.711  36.929 0.0000000000
60028  -37.696  -28.089  38.253 0.0000000000
61992  -44.149  -25.450  44.144 0.0000000000
62029  -44.356  -25.592  42.400 0.0000000000
62012  -45.975  -25.430  43.126 0.0000000000
62031  -46.541  -25.830  42.035 0.0000000000
61994  -46.441  -25.225  44.275 0.0000000000
48415  -38.990  -37.526  51.560 0.0000000000
48414  -37.999  -37.620  51.369 0.0000000000
48430  -38.427  -37.206  50.489 0.0000000000
50583  -34.640  -36.586  40.041 0.0000000000
50582  -33.959  -36.941  40.185 0.0000000000
50596  -33.577  -36.369  39.448 0.0000000000
50618  -31.373  -36.106  37.861 0.0000000000
56995  -37.210  -30.319  38.764 0.0000000000
56998  -35.750  -30.993  37.384 0.0000000000
58080  -35.966  -30.134  36.856 0.0000000000
72578  -49.070  -15.654  39.360 0.0000000000
71633  -48.469  -15.810  38.880 0.0000000000
71632  -47.782  -16.604  38.714 0.0000000000
72592  -47.699  -15.369  38.341 0.0000000000
45191  -24.308  -40.959  58.128 0.0000000000
46231  -23.707  -40.718  56.859 0.0000000000
45212  -24.380  -41.167  56.558 0.0000000000
44288  -22.502  -42.477  45.927 0.0000000000
43351  -21.390  -43.497  46.029 0.0000000000
42493  -21.389  -44.448  44.578 0.0000000000
40710  -21.644  -46.153  43.914 0.0000000000
41609  -21.938  -45.268  43.572 0.0000000000
46426  -29.619  -39.676  44.187 0.0000000000
47462  -28.961  -40.035  44.305 0.0000000000
47496  -28.048  -39.219  42.533 0.0000000000
58059  -39.534  -29.994  41.904 0.0000000000
59098  -39.651  -28.988  41.809 0.0000000000
59083  -40.555  -28.946  43.252 0.0000000000
60888  -41.796  -27.436  46.347 0.0000000000
60904  -41.455  -27.493  44.858 0.0000000000
60897  -41.930  -26.630  45.330 0.0000000000
61975  -42.571  -26.054  44.701 0.0000000000
61950  -42.888  -25.984  46.848 0.0000000000
50489  -41.285  -35.780  49.838 0.0000000000
50487  -40.385  -36.065  48.742 0.0000000000
50502  -40.873  -35.727  48.874 0.0000000000
52705  -39.709  -34.594  44.682 0.0000000000
51597  -39.433  -35.529  45.220 0.0000000000
51626  -38.719  -35.137  43.603 0.0000000000
50560  -37.812  -35.770  42.594 0.0000000000
51633  -37.753  -35.128  42.164 0.0000000000
51663  -37.090  -34.870  40.750 0.0000000000
52762  -37.895  -34.102  41.748 0.0000000000
56958  -39.892  -31.087  43.256 0.0000000000
55907  -38.784  -32.120  42.342 0.0000000000
55923  -39.040  -31.015  41.955 0.0000000000
56981  -38.764  -30.791  41.167 0.0000000000
46219  -27.313  -40.236  56.785 0.0000000000
45228  -26.640  -41.182  55.391 0.0000000000
45229  -27.313  -40.842  55.285 0.0000000000
47341  -27.659  -39.863  52.335 0.0000000000
46333  -26.295  -40.130  52.080 0.0000000000
46353  -26.113  -39.876  50.981 0.0000000000
46378  -24.750  -40.488  49.437 0.0000000000
47400  -25.678  -39.853  49.449 0.0000000000
60946  -39.731  -27.421  41.217 0.0000000000
60964  -39.987  -26.748  40.273 0.0000000000
60965  -41.143  -26.111  40.551 0.0000000000
60967  -43.902  -25.609  40.175 0.0000000000
60983  -42.306  -25.798  39.777 0.0000000000
61000  -43.188  -25.816  38.727 0.0000000000
60951  -47.940  -26.614  41.071 0.0000000000
60010  -47.848  -26.687  40.474 0.0000000000
60003  -49.089  -26.828  40.763 0.0000000000
60004  -49.746  -26.875  40.693 0.0000000000
60936  -50.174  -26.568  41.928 0.0000000000
47330  -34.642  -38.815  53.537 0.0000000000
47329  -33.633  -39.166  53.150 0.0000000000
47346  -35.213  -38.519  52.629 0.0000000000
48456  -34.499  -38.183  48.514 0.0000000000
47395  -33.862  -38.632  49.631 0.0000000000
47420  -32.966  -38.670  47.794 0.0000000000
47450  -31.530  -38.804  46.138 0.0000000000
47451  -32.342  -38.799  45.951 0.0000000000
48484  -38.219  -36.976  46.488 0.0000000000
48483  -37.415  -37.445  46.499 0.0000000000
48497  -37.524  -37.388  45.571 0.0000000000
49581  -32.823  -38.101  41.893 0.0000000000
48545  -33.530  -38.260  42.924 0.0000000000
48578  -31.908  -38.173  42.033 0.0000000000
48559  -31.490  -38.462  42.725 0.0000000000
52802  -35.111  -33.895  38.745 0.0000000000
47334  -38.859  -38.191  54.379 0.0000000000
50444  -42.093  -35.397  52.521 0.0000000000
59930  -43.233  -27.935  50.959 0.0000000000
61923  -44.990  -25.099  50.572 0.0000000000
61931  -45.782  -24.464  49.892 0.0000000000
61941  -45.851  -24.872  48.871 0.0000000000
61942  -46.275  -24.178  48.995 0.0000000000
65029  -48.308  -22.159  48.214 0.0000000000
64002  -47.999  -23.272  47.742 0.0000000000
64003  -48.525  -23.018  47.476 0.0000000000
61968  -48.765  -24.391  46.133 0.0000000000
64013  -49.325  -23.121  46.626 0.0000000000
66087  -50.492  -21.370  44.165 0.0000000000
64026  -50.470  -23.300  44.919 0.0000000000
64038  -51.208  -23.362  43.948 0.0000000000
64053  -51.526  -23.838  43.126 0.0000000000
65073  -51.120  -22.570  43.176 0.0000000000
71584  -50.334  -16.517  42.590 0.0000000000
69567  -49.170  -18.577  40.733 0.0000000000
68489  -49.944  -19.327  41.640 0.0000000000
68475  -49.381  -20.051  41.652 0.0000000000
66115  -49.649  -21.507  41.972 0.0000000000
66113  -47.976  -21.689  41.502 0.0000000000
64076  -47.998  -23.342  41.329 0.0000000000
66125  -46.897  -21.517  40.930 0.0000000000
68506  -45.747  -19.543  38.125 0.0000000000
66147  -45.305  -21.450  38.684 0.0000000000
66157  -44.420  -21.363  37.569 0.0000000000
74604  -47.233  -13.040  35.802 0.0000000000
132653  -46.626  -14.580  36.389 0.0000000000
72639  -46.549  -15.144  34.865 0.0000000000
46291  -20.736  -40.487  53.291 0.0000000000
46268  -20.192  -40.742  54.124 0.0000000000
45271  -19.779  -41.629  52.106 0.0000000000
42415  -19.443  -43.936  51.208 0.0000000000
43295  -19.474  -43.233  50.616 0.0000000000
44222  -24.453  -41.601  52.814 0.0000000000
44221  -23.965  -41.551  53.061 0.0000000000
44239  -22.946  -41.558  50.614 0.0000000000
43334  -20.051  -43.333  47.914 0.0000000000
37945  -21.508  -48.999  45.971 0.0000000000
46357  -31.860  -39.482  50.393 0.0000000000
46355  -30.605  -39.769  50.673 0.0000000000
46369  -30.732  -39.702  49.649 0.0000000000
47459  -25.952  -39.206  44.898 0.0000000000
47430  -26.717  -39.181  46.885 0.0000000000
47458  -24.897  -39.446  45.459 0.0000000000
46411  -24.239  -39.974  46.061 0.0000000000
46442  -24.050  -40.608  43.823 0.0000000000
41630  -24.609  -44.738  42.909 0.0000000000
56960  -40.930  -30.456  44.258 0.0000000000
59084  -40.893  -29.264  43.898 0.0000000000
58022  -41.542  -29.953  45.244 0.0000000000
59050  -41.833  -28.894  46.248 0.0000000000
59950  -41.996  -27.881  47.235 0.0000000000
53718  -42.303  -33.468  48.902 0.0000000000
51563  -40.823  -34.926  47.315 0.0000000000
53730  -41.719  -33.369  48.011 0.0000000000
53756  -40.792  -33.787  46.143 0.0000000000
53769  -40.138  -33.661  44.833 0.0000000000
53784  -39.165  -33.723  43.540 0.0000000000
54834  -40.656  -32.545  44.996 0.0000000000
56944  -40.906  -31.013  44.408 0.0000000000
64135  -50.315  -23.142  38.611 0.0000000000
46235  -29.245  -40.266  55.875 0.0000000000
46252  -28.811  -40.408  55.134 0.0000000000
46275  -29.343  -40.291  54.342 0.0000000000
46317  -29.266  -40.095  52.762 0.0000000000
47358  -28.455  -39.749  51.353 0.0000000000
62026  -41.995  -25.968  42.600 0.0000000000
60948  -41.495  -25.975  41.495 0.0000000000
62042  -42.932  -25.706  41.854 0.0000000000
62043  -43.858  -25.644  41.662 0.0000000000
62061  -45.357  -25.732  40.638 0.0000000000
60969  -45.924  -26.017  40.152 0.0000000000
60949  -46.415  -25.950  40.982 0.0000000000
60933  -47.579  -26.181  42.014 0.0000000000
60917  -48.915  -26.288  42.706 0.0000000000
47347  -36.501  -38.261  52.754 0.0000000000
47363  -35.553  -38.201  51.579 0.0000000000
47364  -36.538  -37.956  51.748 0.0000000000
48444  -35.967  -37.844  49.340 0.0000000000
48469  -35.492  -38.106  47.695 0.0000000000
49546  -36.755  -37.280  43.595 0.0000000000
48528  -36.245  -37.639  43.810 0.0000000000
49565  -35.784  -37.393  42.507 0.0000000000
49599  -33.542  -37.389  40.899 0.0000000000
49613  -32.411  -37.273  40.280 0.0000000000
49623  -30.135  -37.471  39.309 0.0000000000
50617  -30.346  -36.749  38.169 0.0000000000
55938  -36.378  -31.953  38.702 0.0000000000
55945  -35.475  -31.864  37.654 0.0000000000
67168  -48.806  -20.501  47.652 0.0000000000
66067  -49.556  -21.426  46.483 0.0000000000
67182  -49.579  -20.390  46.197 0.0000000000
67194  -49.919  -20.388  45.443 0.0000000000
68425  -50.270  -19.208  44.266 0.0000000000
73569  -50.145  -14.255  40.851 0.0000000000
72566  -50.335  -15.232  41.273 0.0000000000
72565  -50.125  -15.584  40.625 0.0000000000
70556  -49.036  -16.989  39.934 0.0000000000
69566  -48.224  -18.560  40.185 0.0000000000
68485  -46.857  -19.801  40.016 0.0000000000
69577  -47.243  -18.629  39.504 0.0000000000
69586  -46.404  -18.776  38.398 0.0000000000
70584  -45.823  -18.033  37.453 0.0000000000
73641  -47.971  -14.218  33.627 0.0000000000
72646  -46.524  -15.157  33.883 0.0000000000
72654  -46.478  -15.249  32.852 0.0000000000
46190  -22.887  -40.472  59.673 0.0000000000
46214  -21.640  -40.227  57.493 0.0000000000
46215  -22.761  -40.345  57.744 0.0000000000
46249  -22.432  -40.236  55.467 0.0000000000
46292  -21.728  -40.404  53.246 0.0000000000
44251  -23.197  -41.916  49.011 0.0000000000
43307  -22.699  -41.989  49.041 0.0000000000
43336  -21.792  -42.896  46.911 0.0000000000
42466  -20.872  -44.134  46.014 0.0000000000
40667  -20.487  -46.075  45.595 0.0000000000
38898  -21.596  -48.220  45.327 0.0000000000
38907  -22.108  -47.837  44.659 0.0000000000
46390  -30.799  -39.506  47.585 0.0000000000
46389  -30.096  -39.658  47.746 0.0000000000
46400  -29.304  -39.809  45.872 0.0000000000
47460  -27.110  -39.209  44.556 0.0000000000
47480  -26.261  -39.142  43.579 0.0000000000
58073  -38.040  -29.570  39.724 0.0000000000
59113  -37.986  -28.242  38.864 0.0000000000
59103  -38.728  -28.992  40.394 0.0000000000
59999  -39.493  -28.185  41.379 0.0000000000
60929  -40.538  -27.251  42.828 0.0000000000
59985  -41.119  -28.278  44.159 0.0000000000
60913  -41.148  -27.053  43.753 0.0000000000
60914  -41.860  -26.287  43.465 0.0000000000
61990  -42.478  -26.061  43.831 0.0000000000
61991  -43.228  -25.752  44.021 0.0000000000
61977  -44.458  -25.365  45.187 0.0000000000
49467  -40.197  -36.930  51.046 0.0000000000
48447  -38.713  -36.949  49.426 0.0000000000
49489  -40.070  -36.377  49.203 0.0000000000
48474  -39.306  -36.508  47.573 0.0000000000
48499  -38.777  -36.576  46.005 0.0000000000
51562  -40.399  -35.351  47.112 0.0000000000
49526  -39.011  -36.298  45.775 0.0000000000
49536  -38.409  -36.532  44.725 0.0000000000
49567  -37.546  -36.345  42.768 0.0000000000
50572  -36.156  -36.414  40.807 0.0000000000
50598  -35.133  -35.684  39.528 0.0000000000
51678  -34.457  -35.421  39.039 0.0000000000
51680  -35.844  -34.805  39.756 0.0000000000
52775  -36.380  -34.433  40.031 0.0000000000
53845  -36.711  -33.373  39.902 0.0000000000
54855  -38.610  -32.737  42.316 0.0000000000
54871  -37.743  -32.806  40.817 0.0000000000
54885  -36.577  -32.511  39.287 0.0000000000
56986  -37.761  -31.423  40.043 0.0000000000
56989  -37.581  -30.745  39.520 0.0000000000
132656  -47.788  -13.459  37.997 0.0000000000
132672  -47.944  -11.521  37.656 0.0000000000
75586  -47.558  -12.186  36.146 0.0000000000
75600  -48.288  -12.284  35.520 0.0000000000
74613  -49.116  -13.262  34.476 0.0000000000
73643  -49.390  -13.695  33.865 0.0000000000
45205  -25.826  -41.025  57.306 0.0000000000
45226  -25.263  -41.612  55.969 0.0000000000
45227  -25.985  -41.479  55.631 0.0000000000
45247  -25.487  -41.397  53.819 0.0000000000
44234  -25.005  -41.450  52.268 0.0000000000
46295  -26.991  -40.492  53.741 0.0000000000
46313  -25.679  -40.904  52.722 0.0000000000
45289  -24.656  -41.199  51.135 0.0000000000
45299  -24.268  -41.145  49.923 0.0000000000
44273  -23.411  -41.622  47.671 0.0000000000
44289  -22.912  -42.325  45.276 0.0000000000
60029  -38.450  -27.452  38.325 0.0000000000
60030  -39.295  -26.814  38.480 0.0000000000
60982  -41.041  -26.168  39.407 0.0000000000
60973  -51.105  -26.794  40.110 0.0000000000
60974  -51.650  -26.277  40.219 0.0000000000
46279  -33.247  -39.557  54.848 0.0000000000
46301  -32.233  -39.762  53.099 0.0000000000
47328  -32.884  -39.527  52.693 0.0000000000
47343  -32.809  -39.555  51.898 0.0000000000
46358  -32.600  -39.428  50.353 0.0000000000
47379  -34.675  -38.394  50.567 0.0000000000
47394  -33.003  -39.204  49.777 0.0000000000
46383  -31.806  -39.249  48.313 0.0000000000
46403  -31.306  -38.950  46.778 0.0000000000
46428  -30.728  -38.894  45.052 0.0000000000
46456  -29.885  -38.959  43.681 0.0000000000
48460  -37.950  -36.903  48.402 0.0000000000
48470  -36.397  -37.936  47.560 0.0000000000
48481  -35.520  -38.205  46.746 0.0000000000
48508  -35.665  -38.085  44.668 0.0000000000
48507  -34.554  -38.272  44.851 0.0000000000
48493  -33.769  -38.669  45.662 0.0000000000
47486  -32.334  -38.678  44.241 0.0000000000
47515  -30.972  -38.593  43.244 0.0000000000
51710  -33.304  -34.892  37.749 0.0000000000
55812  -43.362  -31.261  49.467 0.0000000000
57957  -43.388  -29.810  49.683 0.0000000000
46180  -23.002  -40.309  60.539 0.0000000000
46205  -25.592  -40.698  58.030 0.0000000000
47260  -26.241  -39.822  57.903 0.0000000000
47270  -26.971  -39.740  57.321 0.0000000000
47287  -30.537  -39.628  56.651 0.0000000000
47288  -31.494  -39.506  56.795 0.0000000000
47289  -32.381  -39.443  56.816 0.0000000000
47290  -33.329  -39.450  56.476 0.0000000000
47303  -34.082  -39.444  55.518 0.0000000000
47304  -35.435  -39.093  55.674 0.0000000000
47318  -36.535  -38.842  54.944 0.0000000000
46260  -37.632  -38.808  55.425 0.0000000000
47319  -37.487  -38.723  54.793 0.0000000000
47333  -38.018  -38.330  54.200 0.0000000000
48392  -39.512  -37.746  53.703 0.0000000000
48404  -40.092  -37.410  52.998 0.0000000000
48417  -40.531  -37.258  52.468 0.0000000000
50457  -41.200  -36.388  51.492 0.0000000000
50458  -41.827  -35.590  51.711 0.0000000000
54766  -43.343  -31.976  50.205 0.0000000000
59023  -43.230  -29.134  49.932 0.0000000000
59937  -42.657  -27.737  49.678 0.0000000000
60873  -42.746  -26.561  49.062 0.0000000000
60863  -44.313  -25.743  51.104 0.0000000000
61922  -44.293  -25.611  50.286 0.0000000000
61938  -43.119  -25.801  47.997 0.0000000000
61951  -43.904  -25.565  47.152 0.0000000000
61964  -44.719  -25.351  46.325 0.0000000000
61965  -45.732  -25.021  46.642 0.0000000000
62975  -47.148  -23.372  48.522 0.0000000000
62991  -47.070  -24.177  47.494 0.0000000000
61979  -46.848  -24.744  45.716 0.0000000000
61980  -48.064  -24.946  45.442 0.0000000000
61996  -48.709  -25.489  44.528 0.0000000000
62015  -49.320  -25.956  43.607 0.0000000000
64014  -49.991  -23.221  45.800 0.0000000000
61983  -50.437  -24.496  44.795 0.0000000000
62016  -50.275  -25.849  43.527 0.0000000000
62017  -51.168  -25.485  43.052 0.0000000000
62033  -51.394  -25.469  42.077 0.0000000000
63051  -51.230  -24.871  41.483 0.0000000000
69528  -50.387  -18.146  43.713 0.0000000000
68445  -50.546  -19.074  43.124 0.0000000000
70536  -50.509  -17.469  41.770 0.0000000000
68462  -50.403  -19.292  42.338 0.0000000000
66104  -50.650  -21.360  42.772 0.0000000000
65098  -50.315  -22.680  42.092 0.0000000000
64079  -50.760  -23.887  41.834 0.0000000000
63050  -50.358  -24.435  41.274 0.0000000000
63062  -49.760  -24.547  40.617 0.0000000000
64103  -48.037  -23.981  39.680 0.0000000000
64116  -47.593  -23.516  38.610 0.0000000000
66135  -46.306  -21.407  40.148 0.0000000000
64101  -45.798  -23.040  38.805 0.0000000000
64115  -46.481  -23.377  38.286 0.0000000000
72605  -47.115  -14.356  37.506 0.0000000000
71656  -45.817  -16.697  36.733 0.0000000000
70601  -45.146  -18.316  36.489 0.0000000000
71674  -45.577  -16.451  34.871 0.0000000000
71666  -45.165  -17.211  35.233 0.0000000000
69623  -44.445  -18.883  35.873 0.0000000000
46228  -20.452  -40.380  56.091 0.0000000000
44198  -24.474  -41.462  54.379 0.0000000000
46312  -22.740  -40.956  52.600 0.0000000000
45273  -21.982  -40.962  51.201 0.0000000000
44249  -21.956  -41.803  49.211 0.0000000000
45305  -20.877  -41.712  49.229 0.0000000000
44238  -20.163  -41.919  50.215 0.0000000000
42445  -19.606  -44.237  49.335 0.0000000000
46319  -30.941  -40.088  52.494 0.0000000000
46354  -29.839  -39.864  50.798 0.0000000000
47375  -28.393  -39.642  50.316 0.0000000000
47404  -29.329  -39.585  48.025 0.0000000000
47402  -27.544  -39.373  48.678 0.0000000000
47401  -26.592  -39.511  49.066 0.0000000000
47428  -24.809  -39.734  47.793 0.0000000000
46410  -23.681  -40.724  46.070 0.0000000000
44303  -23.193  -42.488  44.300 0.0000000000
46467  -25.462  -40.713  41.390 0.0000000000
45362  -24.856  -41.694  42.218 0.0000000000
44321  -24.432  -42.481  42.839 0.0000000000
43399  -23.966  -43.073  43.056 0.0000000000
43408  -23.838  -43.684  42.886 0.0000000000
41610  -22.878  -45.259  43.113 0.0000000000
56906  -42.471  -30.760  47.341 0.0000000000
54803  -42.255  -31.882  47.366 0.0000000000
55825  -42.592  -31.434  47.859 0.0000000000
55837  -42.307  -31.327  47.123 0.0000000000
62078  -51.737  -25.672  39.817 0.0000000000
59116  -36.947  -29.073  37.854 0.0000000000
59117  -37.269  -28.409  37.702 0.0000000000
62011  -44.819  -25.389  43.213 0.0000000000
48431  -39.431  -36.981  50.595 0.0000000000
50597  -34.579  -36.033  39.466 0.0000000000
58077  -37.334  -29.692  38.686 0.0000000000
56999  -36.308  -30.229  37.601 0.0000000000
58081  -36.486  -29.517  37.319 0.0000000000
73590  -48.946  -13.561  38.941 0.0000000000
72593  -48.844  -14.756  38.924 0.0000000000
73589  -48.102  -14.064  38.388 0.0000000000
45192  -24.793  -41.108  58.301 0.0000000000
45202  -24.342  -41.037  57.301 0.0000000000
43366  -22.232  -43.141  45.110 0.0000000000
42480  -21.635  -43.885  44.914 0.0000000000
42494  -21.957  -43.927  44.326 0.0000000000
42511  -21.698  -44.589  43.973 0.0000000000
42512  -22.507  -44.216  43.580 0.0000000000
46443  -29.534  -39.337  43.647 0.0000000000
47482  -28.534  -39.517  43.511 0.0000000000
58060  -39.936  -29.742  42.359 0.0000000000
58050  -40.460  -29.699  43.236 0.0000000000
60896  -41.662  -27.408  45.842 0.0000000000
60889  -42.030  -26.863  46.473 0.0000000000
61962  -42.709  -26.060  45.722 0.0000000000
51526  -41.734  -35.142  49.984 0.0000000000
50503  -41.103  -35.795  49.387 0.0000000000
51545  -41.354  -35.416  49.252 0.0000000000
52726  -39.495  -34.536  44.230 0.0000000000
52704  -39.368  -34.837  44.291 0.0000000000
52725  -39.189  -34.557  43.875 0.0000000000
51634  -38.348  -35.127  42.791 0.0000000000
52744  -38.245  -34.387  42.310 0.0000000000
56959  -40.528  -30.588  43.742 0.0000000000
56973  -39.584  -30.580  42.399 0.0000000000
56982  -39.218  -30.397  41.738 0.0000000000
47357  -27.519  -39.707  51.607 0.0000000000
47356  -26.756  -39.782  51.585 0.0000000000
47373  -26.874  -39.602  51.005 0.0000000000
47388  -25.889  -39.869  50.024 0.0000000000
47389  -26.518  -39.687  50.141 0.0000000000
60947  -40.478  -26.695  41.622 0.0000000000
60985  -44.667  -25.801  39.642 0.0000000000
60984  -43.572  -25.730  39.530 0.0000000000
60952  -48.842  -26.702  41.255 0.0000000000
60953  -49.625  -26.741  41.244 0.0000000000
48468  -34.774  -38.175  47.850 0.0000000000
47421  -33.910  -38.383  47.548 0.0000000000
47436  -33.042  -38.658  46.731 0.0000000000
47437  -33.858  -38.601  46.469 0.0000000000
48498  -38.180  -37.063  45.746 0.0000000000
49598  -32.270  -37.870  41.376 0.0000000000
48577  -31.221  -38.121  41.741 0.0000000000
53857  -35.486  -33.336  38.721 0.0000000000
53856  -34.795  -33.447  38.173 0.0000000000
61932  -46.214  -23.960  49.531 0.0000000000
66058  -48.616  -21.384  47.943 0.0000000000
66053  -48.155  -21.367  48.503 0.0000000000
64004  -48.992  -22.674  47.162 0.0000000000
64012  -48.901  -23.478  46.776 0.0000000000
65065  -50.790  -22.251  43.792 0.0000000000
73545  -48.933  -14.582  42.256 0.0000000000
72546  -49.867  -15.643  42.507 0.0000000000
68487  -48.625  -19.273  40.911 0.0000000000
68488  -49.527  -19.448  41.389 0.0000000000
68474  -48.904  -19.979  41.431 0.0000000000
66114  -48.840  -21.631  41.705 0.0000000000
67247  -48.339  -20.734  41.418 0.0000000000
66112  -47.371  -21.745  41.237 0.0000000000
67246  -47.485  -21.045  41.216 0.0000000000
68516  -45.241  -19.682  37.543 0.0000000000
67302  -45.236  -20.192  37.911 0.0000000000
67301  -44.720  -20.372  37.379 0.0000000000
67315  -44.330  -20.150  36.595 0.0000000000
73621  -47.470  -13.515  35.056 0.0000000000
73620  -46.956  -14.189  35.356 0.0000000000
46188  -20.786  -40.538  59.350 0.0000000000
46309  -20.389  -40.852  52.556 0.0000000000
45272  -20.299  -41.237  51.817 0.0000000000
45285  -19.883  -41.731  51.540 0.0000000000
44237  -19.710  -42.295  50.957 0.0000000000
44233  -24.410  -41.597  51.707 0.0000000000
44232  -23.585  -41.628  51.797 0.0000000000
38887  -21.002  -48.703  46.317 0.0000000000
46370  -31.341  -39.531  49.494 0.0000000000
47479  -24.914  -39.457  44.010 0.0000000000
56935  -41.509  -30.706  45.057 0.0000000000
58036  -41.203  -30.062  44.494 0.0000000000
59037  -42.096  -28.875  47.014 0.0000000000
59949  -41.940  -28.342  46.815 0.0000000000
53717  -41.922  -33.627  48.437 0.0000000000
53731  -42.117  -33.006  48.280 0.0000000000
53742  -41.252  -33.500  46.926 0.0000000000
53755  -40.613  -33.290  45.542 0.0000000000
54819  -40.845  -32.808  45.499 0.0000000000
55873  -41.302  -31.235  44.880 0.0000000000
62101  -50.889  -25.572  37.850 0.0000000000
64106  -51.538  -23.923  38.992 0.0000000000
64118  -49.945  -23.672  38.943 0.0000000000
46253  -29.762  -40.145  55.117 0.0000000000
46298  -29.802  -40.250  53.512 0.0000000000
46336  -29.471  -39.930  51.754 0.0000000000
60051  -37.619  -27.494  36.358 0.0000000000
62009  -42.979  -25.838  43.251 0.0000000000
62027  -42.558  -25.875  42.648 0.0000000000
62028  -43.412  -25.719  42.517 0.0000000000
62060  -44.369  -25.597  40.745 0.0000000000
62045  -45.890  -25.752  41.332 0.0000000000
62032  -47.123  -25.998  42.207 0.0000000000
60915  -47.641  -26.008  42.456 0.0000000000
60916  -48.063  -26.074  42.535 0.0000000000
47348  -37.699  -38.128  53.186 0.0000000000
48401  -37.407  -37.948  52.121 0.0000000000
48429  -37.452  -37.483  50.342 0.0000000000
48428  -36.548  -37.745  50.195 0.0000000000
48458  -36.219  -37.880  48.480 0.0000000000
49566  -36.845  -36.841  42.434 0.0000000000
49614  -33.215  -37.038  39.991 0.0000000000
50594  -31.549  -37.108  39.649 0.0000000000
50607  -31.447  -36.631  38.856 0.0000000000
56993  -35.927  -31.495  38.072 0.0000000000
55937  -35.813  -31.974  38.156 0.0000000000
68358  -48.978  -19.613  47.303 0.0000000000
67169  -49.213  -20.483  46.956 0.0000000000
69517  -49.625  -18.268  45.503 0.0000000000
68402  -49.645  -19.353  45.781 0.0000000000
68424  -49.907  -18.890  45.047 0.0000000000
68403  -49.981  -19.634  45.029 0.0000000000
74568  -49.160  -12.486  40.042 0.0000000000
74560  -48.985  -12.589  40.656 0.0000000000
74561  -49.410  -13.237  40.399 0.0000000000
72579  -49.606  -14.857  39.846 0.0000000000
71616  -48.667  -16.598  39.390 0.0000000000
71617  -49.384  -16.232  40.098 0.0000000000
70555  -48.529  -17.615  39.840 0.0000000000
69578  -47.953  -18.153  39.758 0.0000000000
70554  -47.809  -17.839  39.480 0.0000000000
71631  -47.042  -17.207  38.215 0.0000000000
70568  -46.928  -17.986  38.351 0.0000000000
70585  -46.397  -17.797  37.842 0.0000000000
69597  -46.025  -18.348  37.781 0.0000000000
71645  -45.897  -17.394  37.351 0.0000000000
73640  -47.173  -14.673  33.265 0.0000000000
46203  -22.799  -40.462  58.759 0.0000000000
46250  -23.461  -40.675  55.723 0.0000000000
46270  -22.120  -40.283  54.303 0.0000000000
44261  -22.990  -42.125  48.531 0.0000000000
43319  -22.651  -42.182  48.687 0.0000000000
44271  -22.396  -42.412  47.526 0.0000000000
42479  -21.129  -44.301  45.324 0.0000000000
41560  -20.773  -45.326  45.213 0.0000000000
42478  -20.678  -44.687  45.837 0.0000000000
39779  -20.914  -46.874  44.778 0.0000000000
40692  -21.116  -46.280  44.458 0.0000000000
39796  -22.580  -46.873  43.807 0.0000000000
39781  -22.663  -47.616  44.280 0.0000000000
46402  -30.871  -39.234  46.667 0.0000000000
46401  -30.013  -39.566  46.486 0.0000000000
47461  -28.147  -39.522  44.383 0.0000000000
47494  -25.503  -39.655  42.492 0.0000000000
58069  -38.390  -29.635  40.147 0.0000000000
59102  -38.456  -29.209  40.026 0.0000000000
59092  -40.190  -28.941  42.603 0.0000000000
60000  -40.006  -27.937  42.085 0.0000000000
59073  -41.313  -29.210  44.666 0.0000000000
61976  -43.449  -25.670  44.967 0.0000000000
49479  -40.621  -36.590  50.819 0.0000000000
49478  -40.065  -36.617  50.207 0.0000000000
49490  -40.551  -36.361  50.032 0.0000000000
49499  -39.781  -36.276  48.148 0.0000000000
49508  -39.076  -36.586  47.086 0.0000000000
49515  -39.139  -36.433  46.497 0.0000000000
51579  -40.214  -35.253  46.344 0.0000000000
50542  -39.121  -35.743  45.050 0.0000000000
50531  -39.333  -35.874  45.603 0.0000000000
49537  -38.967  -35.912  45.120 0.0000000000
49547  -37.656  -36.628  43.591 0.0000000000
50574  -37.436  -35.697  41.848 0.0000000000
50559  -37.249  -36.244  42.023 0.0000000000
50573  -36.942  -35.963  41.183 0.0000000000
50584  -35.489  -36.155  40.037 0.0000000000
50585  -36.344  -35.785  40.444 0.0000000000
51661  -35.778  -35.471  39.885 0.0000000000
51662  -36.473  -35.026  40.307 0.0000000000
52761  -37.463  -34.296  41.191 0.0000000000
52776  -36.978  -34.213  40.440 0.0000000000
53831  -36.571  -33.838  39.975 0.0000000000
53832  -37.056  -33.393  40.223 0.0000000000
54846  -38.971  -32.713  43.102 0.0000000000
54845  -38.713  -33.008  42.732 0.0000000000
55922  -38.614  -31.825  41.784 0.0000000000
54872  -38.045  -32.771  41.334 0.0000000000
54877  -37.829  -32.488  40.813 0.0000000000
54876  -37.525  -32.587  40.355 0.0000000000
55927  -37.648  -31.944  40.164 0.0000000000
55932  -37.145  -31.927  39.551 0.0000000000
58064  -38.669  -30.078  40.685 0.0000000000
56987  -38.201  -30.650  40.297 0.0000000000
56990  -37.976  -30.051  39.812 0.0000000000
132681  -48.162  -11.333  36.740 0.0000000000
76613  -48.694  -11.827  35.709 0.0000000000
75613  -49.639  -12.836  34.658 0.0000000000
74614  -50.029  -13.008  34.431 0.0000000000
74621  -49.337  -13.611  34.065 0.0000000000
74622  -49.917  -13.509  33.866 0.0000000000
46218  -26.260  -40.602  57.286 0.0000000000
45215  -25.881  -41.277  56.730 0.0000000000
45239  -26.736  -40.937  54.623 0.0000000000
45238  -26.055  -41.298  54.685 0.0000000000
45260  -25.472  -41.219  52.984 0.0000000000
46274  -28.434  -40.451  54.349 0.0000000000
46273  -27.628  -40.581  54.307 0.0000000000
46314  -26.248  -40.507  52.995 0.0000000000
46332  -25.741  -40.689  52.253 0.0000000000
45277  -25.260  -41.162  51.981 0.0000000000
46351  -24.962  -40.934  51.138 0.0000000000
46365  -24.862  -40.753  50.556 0.0000000000
46388  -24.359  -40.504  48.256 0.0000000000
45307  -24.021  -41.147  48.779 0.0000000000
45313  -23.726  -41.201  47.660 0.0000000000
44281  -22.878  -41.985  46.317 0.0000000000
45319  -23.408  -41.379  46.815 0.0000000000
59108  -38.704  -28.216  39.842 0.0000000000
60017  -38.456  -28.002  39.238 0.0000000000
60018  -39.121  -27.343  39.400 0.0000000000
62058  -42.392  -25.768  41.272 0.0000000000
60966  -41.961  -25.797  40.731 0.0000000000
60999  -42.037  -25.999  38.577 0.0000000000
60970  -46.577  -26.156  40.453 0.0000000000
60988  -46.832  -26.334  40.121 0.0000000000
60011  -48.540  -26.863  40.314 0.0000000000
60023  -49.484  -26.960  39.583 0.0000000000
60954  -50.502  -26.761  41.002 0.0000000000
60013  -50.128  -26.960  40.210 0.0000000000
47315  -33.020  -39.524  53.748 0.0000000000
47344  -33.372  -39.344  52.147 0.0000000000
47360  -33.041  -39.466  51.295 0.0000000000
47377  -33.225  -39.277  50.698 0.0000000000
47406  -32.987  -38.813  48.829 0.0000000000
47405  -32.378  -39.115  48.990 0.0000000000
46391  -31.319  -39.264  47.557 0.0000000000
46392  -31.660  -39.014  47.486 0.0000000000
47463  -31.227  -38.790  45.433 0.0000000000
47449  -31.252  -38.782  45.841 0.0000000000
46445  -30.424  -38.949  44.297 0.0000000000
48482  -36.501  -37.921  46.585 0.0000000000
48471  -37.297  -37.492  47.465 0.0000000000
49545  -35.760  -37.690  43.302 0.0000000000
48527  -35.736  -37.892  43.862 0.0000000000
49544  -35.236  -37.920  43.371 0.0000000000
48525  -33.578  -38.409  44.065 0.0000000000
48506  -33.544  -38.567  45.088 0.0000000000
48524  -32.889  -38.638  44.444 0.0000000000
48505  -32.996  -38.657  44.902 0.0000000000
48558  -30.433  -38.301  42.084 0.0000000000
47514  -30.416  -38.512  42.856 0.0000000000
47513  -29.439  -38.517  42.137 0.0000000000
52787  -34.664  -34.904  38.928 0.0000000000
52800  -33.902  -34.885  37.984 0.0000000000
47254  -25.986  -39.510  58.644 0.0000000000
47273  -29.852  -39.380  57.153 0.0000000000
47302  -33.410  -39.562  55.793 0.0000000000
47291  -34.556  -39.208  56.546 0.0000000000
47317  -35.091  -38.957  54.692 0.0000000000
47305  -36.566  -38.874  55.677 0.0000000000
47307  -38.075  -38.659  55.524 0.0000000000
46282  -37.689  -38.821  55.165 0.0000000000
48384  -39.615  -37.948  54.538 0.0000000000
48403  -39.316  -37.656  52.677 0.0000000000
48405  -40.660  -37.269  53.204 0.0000000000
49458  -41.018  -36.973  52.522 0.0000000000
49468  -40.652  -37.009  51.692 0.0000000000
50443  -41.541  -36.177  52.716 0.0000000000
51494  -42.428  -34.824  51.923 0.0000000000
51510  -42.232  -34.992  50.909 0.0000000000
55797  -43.566  -31.392  50.013 0.0000000000
57939  -43.649  -29.850  50.438 0.0000000000
59008  -43.468  -29.155  50.649 0.0000000000
60861  -43.202  -27.274  50.702 0.0000000000
59929  -42.990  -27.664  50.379 0.0000000000
60868  -43.051  -26.932  50.175 0.0000000000
61929  -44.216  -25.376  49.287 0.0000000000
60874  -43.456  -25.695  48.926 0.0000000000
61939  -44.083  -25.393  48.230 0.0000000000
61940  -45.009  -25.166  48.559 0.0000000000
61953  -45.786  -24.982  47.807 0.0000000000
61966  -46.520  -24.632  47.080 0.0000000000
63993  -47.099  -23.089  49.005 0.0000000000
62982  -47.540  -23.591  47.807 0.0000000000
63003  -47.208  -24.444  46.685 0.0000000000
63004  -47.674  -24.546  46.193 0.0000000000
61981  -49.045  -24.800  45.492 0.0000000000
61997  -49.705  -25.358  44.435 0.0000000000
65045  -49.797  -22.409  46.244 0.0000000000
65046  -50.191  -22.450  45.442 0.0000000000
63014  -50.832  -24.151  44.613 0.0000000000
61998  -50.732  -25.041  44.248 0.0000000000
61999  -51.274  -24.958  43.712 0.0000000000
64067  -51.407  -24.042  42.347 0.0000000000
63038  -51.490  -24.755  42.577 0.0000000000
64080  -51.224  -24.065  41.970 0.0000000000
70514  -50.373  -17.274  43.205 0.0000000000
70504  -50.139  -17.295  44.092 0.0000000000
71603  -50.344  -16.417  41.320 0.0000000000
70545  -50.175  -17.544  41.142 0.0000000000
67268  -49.974  -19.681  41.963 0.0000000000
68476  -50.130  -19.362  41.913 0.0000000000
67232  -50.327  -20.255  42.411 0.0000000000
66116  -50.223  -21.213  42.341 0.0000000000
65097  -49.363  -22.625  41.812 0.0000000000
64078  -49.896  -23.631  41.702 0.0000000000
63049  -49.460  -24.172  41.259 0.0000000000
63048  -49.013  -24.068  41.271 0.0000000000
65107  -47.389  -23.167  40.901 0.0000000000
64090  -47.984  -23.856  40.702 0.0000000000
64102  -46.739  -23.542  39.264 0.0000000000
67281  -46.487  -20.377  39.860 0.0000000000
67280  -45.936  -20.687  39.249 0.0000000000
65124  -45.012  -22.384  38.212 0.0000000000
65115  -45.555  -22.298  38.998 0.0000000000
76599  -47.676  -12.545  37.477 0.0000000000
72619  -45.938  -16.184  36.150 0.0000000000
72620  -46.331  -15.593  36.618 0.0000000000
70602  -45.445  -17.883  36.776 0.0000000000
70617  -45.416  -17.319  36.060 0.0000000000
72638  -45.996  -15.749  34.444 0.0000000000
70628  -44.334  -17.743  34.582 0.0000000000
46229  -21.515  -40.172  56.364 0.0000000000
46213  -20.581  -40.419  57.158 0.0000000000
46289  -19.637  -41.384  53.315 0.0000000000
46267  -19.583  -41.274  53.943 0.0000000000
43288  -19.316  -43.384  52.631 0.0000000000
42431  -19.466  -44.144  50.369 0.0000000000
41484  -19.667  -44.951  51.366 0.0000000000
41497  -20.059  -45.996  49.740 0.0000000000
45236  -24.871  -41.577  55.016 0.0000000000
44199  -24.672  -41.582  54.364 0.0000000000
45275  -23.071  -41.530  51.729 0.0000000000
45259  -23.047  -41.274  52.402 0.0000000000
45258  -22.636  -41.208  51.993 0.0000000000
46311  -22.299  -40.873  52.227 0.0000000000
44270  -21.623  -42.484  47.704 0.0000000000
44250  -22.399  -41.801  49.381 0.0000000000
44259  -21.593  -41.992  48.672 0.0000000000
44258  -20.619  -42.110  48.750 0.0000000000
44268  -20.138  -42.764  48.462 0.0000000000
44248  -20.306  -42.032  49.497 0.0000000000
44257  -19.943  -42.667  49.156 0.0000000000
43306  -19.562  -43.358  49.680 0.0000000000
43318  -19.753  -43.406  48.778 0.0000000000
38899  -22.686  -48.741  45.291 0.0000000000
37947  -23.156  -49.638  45.777 0.0000000000
46300  -31.496  -40.059  53.331 0.0000000000
46320  -31.605  -39.845  52.346 0.0000000000
46337  -30.402  -39.901  51.669 0.0000000000
47359  -29.097  -39.829  50.843 0.0000000000
47376  -29.195  -39.739  50.025 0.0000000000
47418  -29.346  -39.643  47.007 0.0000000000
47417  -28.543  -39.486  47.268 0.0000000000
47416  -27.613  -39.305  47.607 0.0000000000
47415  -26.632  -39.246  48.014 0.0000000000
47414  -25.694  -39.518  48.429 0.0000000000
46424  -23.616  -40.972  44.962 0.0000000000
45336  -23.358  -41.739  44.772 0.0000000000
45326  -23.286  -41.546  45.714 0.0000000000
45375  -25.409  -41.790  41.543 0.0000000000
46466  -24.933  -41.023  41.864 0.0000000000
45363  -25.213  -42.217  42.017 0.0000000000
43410  -25.401  -43.338  42.640 0.0000000000
44333  -25.050  -42.627  42.433 0.0000000000
43409  -24.581  -43.396  42.739 0.0000000000
41629  -24.335  -44.780  42.843 0.0000000000
42535  -24.277  -44.345  42.790 0.0000000000
41611  -24.102  -45.234  42.934 0.0000000000
42513  -23.400  -44.334  42.941 0.0000000000
58009  -42.176  -30.282  46.672 0.0000000000
57990  -42.465  -29.859  47.531 0.0000000000
54792  -42.431  -32.395  48.224 0.0000000000
54791  -42.000  -32.816  47.959 0.0000000000
54835  -41.204  -31.890  45.184 0.0000000000
60989  -51.084  -26.553  39.316 0.0000000000
61006  -51.461  -26.218  39.047 0.0000000000
63084  -51.809  -24.418  38.544 0.0000000000
63075  -51.002  -24.192  39.359 0.0000000000
46237  -31.117  -39.797  55.997 0.0000000000
46254  -30.718  -40.023  55.143 0.0000000000
46299  -30.686  -40.262  53.425 0.0000000000
60040  -37.732  -27.711  37.472 0.0000000000
62030  -45.422  -25.554  42.252 0.0000000000
48446  -37.736  -37.127  49.429 0.0000000000
49601  -35.392  -36.701  40.565 0.0000000000
49600  -34.711  -37.115  40.731 0.0000000000
50608  -32.464  -36.124  38.647 0.0000000000
73579  -49.681  -13.697  39.934 0.0000000000
72594  -49.395  -13.993  39.364 0.0000000000
72591  -47.124  -16.342  38.106 0.0000000000
45177  -24.295  -40.875  58.787 0.0000000000
46216  -23.658  -40.690  57.958 0.0000000000
45224  -24.145  -41.071  55.980 0.0000000000
44280  -22.488  -42.352  46.730 0.0000000000
43352  -22.088  -42.766  46.252 0.0000000000
43365  -21.563  -43.676  45.323 0.0000000000
41561  -21.086  -44.836  44.841 0.0000000000
41585  -21.255  -45.331  44.360 0.0000000000
40711  -22.369  -46.104  43.519 0.0000000000
47495  -26.836  -39.276  42.380 0.0000000000
58065  -39.094  -29.680  41.277 0.0000000000
58066  -39.570  -29.597  41.849 0.0000000000
59965  -41.561  -28.242  45.615 0.0000000000
50488  -40.808  -36.061  49.504 0.0000000000
50501  -40.299  -35.735  47.851 0.0000000000
52684  -40.220  -34.469  45.647 0.0000000000
51598  -39.780  -35.391  45.665 0.0000000000
51615  -39.687  -35.097  45.158 0.0000000000
51614  -39.270  -35.303  44.637 0.0000000000
50551  -38.450  -35.694  43.835 0.0000000000
50550  -38.030  -36.067  43.317 0.0000000000
50561  -38.313  -35.591  43.213 0.0000000000
51647  -37.345  -35.176  41.357 0.0000000000
52743  -37.699  -34.618  41.787 0.0000000000
53819  -37.810  -33.609  41.432 0.0000000000
54856  -38.859  -32.302  42.611 0.0000000000
55908  -39.145  -31.667  42.642 0.0000000000
46233  -26.936  -40.764  56.489 0.0000000000
45216  -26.527  -41.215  56.175 0.0000000000
45217  -27.103  -40.940  55.900 0.0000000000
46316  -28.288  -39.972  52.830 0.0000000000
46315  -27.190  -40.079  52.890 0.0000000000
46334  -27.075  -39.869  52.133 0.0000000000
46366  -25.478  -40.199  50.210 0.0000000000
47399  -25.155  -40.122  49.318 0.0000000000
47413  -25.017  -39.993  48.795 0.0000000000
62075  -43.119  -25.698  40.195 0.0000000000
60972  -47.734  -26.602  40.685 0.0000000000
60001  -48.112  -26.724  40.775 0.0000000000
60002  -48.424  -26.763  40.785 0.0000000000
60012  -49.288  -26.950  40.232 0.0000000000
47345  -34.149  -38.890  52.418 0.0000000000
48443  -35.045  -38.038  49.387 0.0000000000
47396  -34.596  -38.326  49.793 0.0000000000
48442  -34.330  -38.318  49.198 0.0000000000
47407  -33.734  -38.474  48.589 0.0000000000
47435  -32.054  -38.754  47.005 0.0000000000
47464  -31.746  -38.801  45.222 0.0000000000
48473  -38.888  -36.700  47.388 0.0000000000
48472  -38.130  -36.958  47.405 0.0000000000
48496  -36.603  -37.860  45.576 0.0000000000
49582  -33.526  -38.089  42.038 0.0000000000
48546  -34.221  -38.083  42.969 0.0000000000
48561  -33.239  -38.241  42.399 0.0000000000
48560  -32.655  -38.264  42.331 0.0000000000
52788  -35.263  -34.459  39.164 0.0000000000
47278  -34.809  -38.634  57.300 0.0000000000
47321  -38.916  -38.392  55.080 0.0000000000
58993  -43.594  -28.521  51.397 0.0000000000
59922  -43.725  -27.913  51.933 0.0000000000
60853  -43.738  -27.187  51.659 0.0000000000
61924  -45.347  -24.500  50.833 0.0000000000
67142  -47.843  -20.659  49.021 0.0000000000
65021  -48.029  -21.811  48.626 0.0000000000
65028  -48.012  -22.475  48.380 0.0000000000
63994  -47.741  -22.911  48.353 0.0000000000
63995  -48.159  -22.660  48.106 0.0000000000
62983  -48.102  -23.556  47.313 0.0000000000
62993  -48.591  -23.893  46.660 0.0000000000
61967  -48.340  -24.467  46.160 0.0000000000
62994  -49.216  -23.851  46.373 0.0000000000
63006  -49.565  -24.292  45.769 0.0000000000
66079  -50.183  -21.429  45.144 0.0000000000
65056  -50.559  -22.389  44.554 0.0000000000
63026  -51.469  -24.624  43.366 0.0000000000
64052  -51.351  -23.278  43.335 0.0000000000
65074  -51.385  -23.246  43.079 0.0000000000
65085  -51.289  -23.261  42.748 0.0000000000
72534  -49.374  -15.903  43.143 0.0000000000
70544  -49.439  -17.541  40.474 0.0000000000
69568  -49.970  -18.646  41.174 0.0000000000
67249  -49.742  -20.248  41.934 0.0000000000
67248  -49.172  -20.681  41.720 0.0000000000
65096  -48.411  -22.579  41.623 0.0000000000
64091  -48.370  -23.830  41.157 0.0000000000
65095  -47.522  -22.452  41.274 0.0000000000
65106  -46.819  -22.425  40.681 0.0000000000
68497  -45.994  -19.946  38.724 0.0000000000
67292  -45.511  -20.449  38.469 0.0000000000
67291  -44.955  -20.903  38.053 0.0000000000
65123  -44.521  -21.936  37.867 0.0000000000
72630  -46.449  -15.104  35.730 0.0000000000
72629  -46.034  -15.826  35.490 0.0000000000
71682  -44.857  -16.658  33.434 0.0000000000
71673  -44.972  -16.929  34.311 0.0000000000
46200  -19.838  -40.733  57.735 0.0000000000
46269  -21.056  -40.323  54.203 0.0000000000
46290  -20.056  -40.939  53.349 0.0000000000
45256  -19.527  -41.726  52.775 0.0000000000
43292  -19.416  -43.210  51.593 0.0000000000
44230  -19.468  -42.339  52.084 0.0000000000
44211  -25.001  -41.677  53.708 0.0000000000
44210  -24.598  -41.602  53.705 0.0000000000
44231  -23.066  -41.535  51.365 0.0000000000
44269  -20.725  -42.536  47.969 0.0000000000
42459  -20.080  -44.187  47.414 0.0000000000
40589  -20.061  -45.718  48.091 0.0000000000
38874  -20.948  -48.913  47.395 0.0000000000
37934  -21.634  -49.529  46.722 0.0000000000
37935  -22.408  -49.926  46.293 0.0000000000
37936  -22.900  -50.171  46.239 0.0000000000
46339  -31.715  -39.640  51.375 0.0000000000
46338  -31.103  -39.807  51.534 0.0000000000
46356  -31.239  -39.627  50.520 0.0000000000
47446  -26.864  -39.243  45.727 0.0000000000
47431  -27.731  -39.345  46.510 0.0000000000
47445  -25.797  -39.236  46.153 0.0000000000
47444  -24.809  -39.533  46.658 0.0000000000
46425  -24.135  -40.107  45.048 0.0000000000
42536  -25.064  -44.188  42.876 0.0000000000
58051  -40.817  -30.016  43.927 0.0000000000
59063  -41.570  -29.110  45.439 0.0000000000
58008  -41.816  -29.775  46.037 0.0000000000
59957  -41.751  -28.036  46.426 0.0000000000
59958  -41.898  -27.539  46.618 0.0000000000
52635  -41.675  -34.043  48.410 0.0000000000
52651  -41.203  -34.216  47.602 0.0000000000
52667  -40.755  -34.481  46.675 0.0000000000
52685  -40.577  -34.355  46.171 0.0000000000
53785  -39.662  -34.047  44.149 0.0000000000
54847  -39.805  -32.915  44.047 0.0000000000
55890  -40.364  -31.662  44.108 0.0000000000
55872  -40.912  -31.629  44.749 0.0000000000
63094  -51.822  -23.903  37.771 0.0000000000
47285  -28.913  -40.161  56.358 0.0000000000
46251  -27.952  -40.645  54.982 0.0000000000
46297  -28.867  -40.256  53.593 0.0000000000
47342  -28.165  -39.832  52.071 0.0000000000
62041  -42.092  -25.832  42.097 0.0000000000
62059  -43.293  -25.684  40.926 0.0000000000
60968  -44.452  -25.650  40.165 0.0000000000
62076  -44.844  -25.723  40.220 0.0000000000
60986  -45.608  -26.131  39.593 0.0000000000
62077  -45.311  -25.873  40.019 0.0000000000
62062  -46.058  -25.905  40.676 0.0000000000
62046  -46.472  -25.905  41.382 0.0000000000
60950  -47.008  -26.142  41.268 0.0000000000
60934  -48.474  -26.444  41.893 0.0000000000
48412  -36.123  -37.853  50.929 0.0000000000
48413  -37.032  -37.701  51.145 0.0000000000
48427  -35.691  -37.904  50.112 0.0000000000
48457  -35.336  -38.013  48.535 0.0000000000
49534  -37.218  -37.278  44.329 0.0000000000
49583  -34.710  -37.554  41.678 0.0000000000
49612  -31.405  -37.470  40.331 0.0000000000
49611  -30.320  -37.588  39.930 0.0000000000
50593  -30.972  -37.337  39.770 0.0000000000
50616  -29.961  -37.268  38.691 0.0000000000
49631  -29.404  -37.495  37.896 0.0000000000
54896  -35.450  -32.574  38.201 0.0000000000
54909  -34.976  -32.356  37.396 0.0000000000
55951  -34.701  -32.162  36.330 0.0000000000
55952  -35.001  -31.821  36.676 0.0000000000
66059  -49.073  -21.397  47.291 0.0000000000
65037  -49.275  -22.237  46.917 0.0000000000
66078  -49.910  -21.099  45.863 0.0000000000
68380  -49.286  -19.547  46.657 0.0000000000
67195  -50.230  -20.387  44.617 0.0000000000
67207  -50.479  -20.288  43.691 0.0000000000
73561  -49.456  -14.029  41.679 0.0000000000
73562  -50.146  -14.854  41.702 0.0000000000
73570  -50.298  -14.735  41.278 0.0000000000
70543  -48.890  -18.074  40.282 0.0000000000
68486  -47.591  -19.428  40.379 0.0000000000
69565  -47.692  -18.864  40.016 0.0000000000
68499  -47.013  -19.321  39.812 0.0000000000
69576  -46.738  -18.991  39.031 0.0000000000
70569  -47.391  -17.673  38.905 0.0000000000
69587  -46.999  -18.268  38.776 0.0000000000
68507  -46.202  -19.471  38.593 0.0000000000
69585  -45.899  -19.046  37.965 0.0000000000
69596  -45.558  -18.833  37.374 0.0000000000
73630  -47.138  -14.494  34.245 0.0000000000
72645  -45.949  -15.771  33.454 0.0000000000
46202  -21.737  -40.327  58.576 0.0000000000
46230  -22.647  -40.287  56.629 0.0000000000
46310  -21.243  -40.544  52.402 0.0000000000
43297  -23.438  -41.653  49.886 0.0000000000
43296  -23.026  -41.758  49.785 0.0000000000
44260  -22.360  -42.190  48.504 0.0000000000
43350  -20.852  -43.835  46.396 0.0000000000
42465  -20.465  -44.356  46.535 0.0000000000
38897  -20.874  -47.705  45.387 0.0000000000
39764  -21.037  -47.456  44.996 0.0000000000
39780  -21.682  -47.161  44.364 0.0000000000
38908  -22.620  -48.168  44.838 0.0000000000
47433  -29.347  -39.736  46.381 0.0000000000
47448  -28.739  -39.904  45.213 0.0000000000
47447  -27.889  -39.453  45.420 0.0000000000
59106  -37.736  -29.205  39.181 0.0000000000
59107  -38.155  -28.961  39.561 0.0000000000
59097  -39.134  -28.731  41.137 0.0000000000
59984  -40.748  -28.521  43.568 0.0000000000
60912  -40.741  -27.852  43.502 0.0000000000
60931  -42.029  -26.051  42.927 0.0000000000
62008  -42.391  -26.018  43.225 0.0000000000
61978  -45.567  -25.111  45.395 0.0000000000
48448  -39.439  -36.692  49.352 0.0000000000
48462  -39.391  -36.578  48.318 0.0000000000
48485  -38.794  -36.645  46.522 0.0000000000
51544  -41.111  -35.023  48.260 0.0000000000
51543  -40.662  -35.267  47.621 0.0000000000
50514  -39.882  -35.777  46.837 0.0000000000
50532  -39.700  -35.739  46.027 0.0000000000
50523  -39.797  -35.711  46.277 0.0000000000
49516  -39.452  -36.129  46.418 0.0000000000
49525  -38.514  -36.656  45.443 0.0000000000
48511  -38.202  -37.015  44.967 0.0000000000
49535  -37.705  -37.071  44.328 0.0000000000
49585  -36.651  -36.544  41.523 0.0000000000
51693  -33.603  -35.341  38.321 0.0000000000
51679  -35.191  -35.158  39.398 0.0000000000
52789  -36.009  -34.142  39.606 0.0000000000
53843  -35.660  -33.776  39.163 0.0000000000
53844  -36.287  -33.352  39.489 0.0000000000
53783  -38.682  -33.534  42.725 0.0000000000
53799  -38.269  -33.549  41.951 0.0000000000
54886  -36.897  -32.860  39.817 0.0000000000
55931  -36.710  -32.128  39.181 0.0000000000
55939  -36.993  -31.162  38.930 0.0000000000
58072  -37.688  -29.692  39.240 0.0000000000
75599  -47.734  -12.627  35.526 0.0000000000
74605  -48.098  -13.096  34.976 0.0000000000
76614  -49.219  -11.562  35.839 0.0000000000
75601  -49.243  -12.394  35.111 0.0000000000
74606  -48.684  -12.766  34.939 0.0000000000
74612  -48.464  -13.445  34.524 0.0000000000
73632  -48.612  -13.586  34.336 0.0000000000
73642  -48.854  -13.815  33.957 0.0000000000
73652  -48.757  -14.180  33.065 0.0000000000
73653  -49.424  -13.849  33.395 0.0000000000
45204  -25.385  -41.123  57.621 0.0000000000
45214  -25.238  -41.426  56.929 0.0000000000
45237  -25.372  -41.564  54.740 0.0000000000
44223  -25.007  -41.594  52.877 0.0000000000
45240  -27.348  -40.750  54.705 0.0000000000
45249  -26.630  -40.748  54.069 0.0000000000
46294  -26.334  -40.694  53.636 0.0000000000
45261  -25.892  -40.832  53.282 0.0000000000
45276  -24.836  -41.404  51.780 0.0000000000
44241  -23.962  -41.560  50.328 0.0000000000
44252  -23.553  -41.642  49.253 0.0000000000
44262  -23.480  -41.664  48.211 0.0000000000
44272  -23.033  -41.895  47.412 0.0000000000
43367  -22.828  -42.746  44.776 0.0000000000
47511  -27.547  -39.302  41.380 0.0000000000
60996  -39.145  -26.712  37.581 0.0000000000
60998  -40.960  -26.238  38.275 0.0000000000
60020  -47.100  -26.504  39.890 0.0000000000
60024  -50.365  -26.835  39.531 0.0000000000
46278  -32.244  -39.838  54.311 0.0000000000
46340  -32.382  -39.559  51.241 0.0000000000
46371  -32.016  -39.332  49.400 0.0000000000
47362  -34.501  -38.625  51.553 0.0000000000
47378  -33.775  -38.823  50.627 0.0000000000
46372  -32.521  -39.318  49.752 0.0000000000
46382  -31.358  -39.435  48.484 0.0000000000
47434  -31.552  -38.830  46.763 0.0000000000
46414  -31.058  -38.861  45.989 0.0000000000
46413  -30.422  -39.193  45.643 0.0000000000
46427  -30.109  -39.218  44.680 0.0000000000
46455  -29.515  -39.026  43.379 0.0000000000
48459  -37.113  -37.538  48.433 0.0000000000
48509  -36.706  -37.627  44.510 0.0000000000
48526  -34.656  -38.110  43.666 0.0000000000
48494  -34.419  -38.493  45.928 0.0000000000
47453  -33.838  -38.703  45.934 0.0000000000
47452  -33.250  -38.725  45.732 0.0000000000
47465  -32.543  -38.741  44.991 0.0000000000
47485  -31.850  -38.731  44.417 0.0000000000
48543  -31.818  -38.600  43.266 0.0000000000
47500  -31.513  -38.662  43.653 0.0000000000
47499  -30.521  -38.756  43.683 0.0000000000
47498  -29.759  -38.753  43.139 0.0000000000
47512  -28.550  -38.910  41.800 0.0000000000
54895  -34.792  -32.857  37.708 0.0000000000
56893  -43.251  -30.951  49.101 0.0000000000
57973  -43.244  -30.437  49.106 0.0000000000
56877  -43.555  -30.788  49.684 0.0000000000
56864  -43.700  -30.382  50.337 0.0000000000
57940  -43.755  -29.862  51.095 0.0000000000
46179  -21.955  -40.378  60.566 0.0000000000
46181  -23.843  -40.253  60.527 0.0000000000
46191  -23.874  -40.636  59.603 0.0000000000
45178  -24.649  -40.879  59.030 0.0000000000
45193  -25.184  -40.929  58.575 0.0000000000
46220  -27.949  -40.051  56.661 0.0000000000
47272  -28.663  -39.711  56.810 0.0000000000
47286  -29.583  -39.886  56.484 0.0000000000
46238  -32.020  -39.633  56.140 0.0000000000
46239  -32.633  -39.547  56.284 0.0000000000
46257  -33.392  -39.563  55.467 0.0000000000
46281  -37.161  -38.880  55.124 0.0000000000
47332  -37.044  -38.478  54.002 0.0000000000
47349  -38.656  -37.951  53.467 0.0000000000
50474  -41.543  -35.709  50.695 0.0000000000
52605  -42.758  -33.933  51.227 0.0000000000
52621  -42.346  -34.252  50.080 0.0000000000
53703  -42.788  -33.108  50.395 0.0000000000
54780  -43.250  -31.658  49.634 0.0000000000
59022  -42.876  -28.940  49.266 0.0000000000
59007  -43.040  -28.474  50.169 0.0000000000
59943  -42.236  -27.796  48.599 0.0000000000
60869  -43.534  -26.063  49.851 0.0000000000
61952  -44.902  -25.305  47.465 0.0000000000
63984  -46.841  -23.145  49.708 0.0000000000
62974  -46.618  -23.566  49.157 0.0000000000
62981  -46.798  -23.829  48.326 0.0000000000
61995  -47.633  -25.383  44.406 0.0000000000
62014  -48.344  -25.848  43.447 0.0000000000
60918  -49.800  -26.409  42.792 0.0000000000
62995  -49.714  -23.760  46.035 0.0000000000
63007  -50.180  -24.026  45.310 0.0000000000
60919  -50.532  -26.170  42.653 0.0000000000
60937  -50.987  -26.145  41.853 0.0000000000
62047  -51.363  -25.777  41.383 0.0000000000
62063  -51.518  -25.760  40.667 0.0000000000
72559  -50.331  -15.852  41.896 0.0000000000
71596  -50.516  -16.704  41.991 0.0000000000
70525  -50.527  -17.369  42.449 0.0000000000
69558  -50.367  -18.456  41.699 0.0000000000
69550  -50.521  -18.287  42.330 0.0000000000
67219  -50.625  -20.278  42.881 0.0000000000
65084  -50.797  -22.432  42.586 0.0000000000
63063  -50.858  -24.671  40.300 0.0000000000
63074  -50.071  -24.383  39.633 0.0000000000
63060  -48.361  -24.114  40.699 0.0000000000
63073  -49.017  -24.383  40.107 0.0000000000
64104  -49.274  -24.088  39.378 0.0000000000
64117  -48.802  -23.595  38.823 0.0000000000
67265  -46.953  -20.502  40.593 0.0000000000
65116  -46.172  -22.637  39.726 0.0000000000
66134  -45.768  -21.720  39.417 0.0000000000
72604  -46.777  -15.761  37.593 0.0000000000
71657  -46.295  -16.194  37.167 0.0000000000
69610  -44.974  -18.813  36.566 0.0000000000
70616  -44.853  -18.107  35.838 0.0000000000
68529  -44.438  -19.433  36.252 0.0000000000
46201  -20.560  -40.547  58.311 0.0000000000
46227  -19.560  -40.775  55.809 0.0000000000
46247  -20.313  -40.521  55.059 0.0000000000
41470  -20.285  -45.982  52.180 0.0000000000
45213  -24.787  -41.429  56.712 0.0000000000
45225  -24.640  -41.417  55.859 0.0000000000
45235  -24.242  -41.218  54.824 0.0000000000
44209  -24.319  -41.478  53.990 0.0000000000
45246  -23.652  -41.153  53.653 0.0000000000
46293  -22.757  -40.714  53.241 0.0000000000
46330  -21.504  -40.833  51.503 0.0000000000
46350  -21.058  -40.951  51.020 0.0000000000
45288  -22.240  -41.439  50.087 0.0000000000
45306  -21.189  -41.800  48.947 0.0000000000
45297  -21.569  -41.603  49.459 0.0000000000
45287  -21.546  -41.096  50.591 0.0000000000
45296  -20.768  -41.472  49.895 0.0000000000
45286  -20.467  -41.381  50.878 0.0000000000
44247  -19.789  -42.558  49.995 0.0000000000
41509  -20.087  -46.039  48.848 0.0000000000
40566  -20.319  -46.732  49.297 0.0000000000
37946  -22.103  -49.257  45.799 0.0000000000
46380  -30.082  -39.729  48.809 0.0000000000
47392  -29.274  -39.650  49.053 0.0000000000
47403  -28.471  -39.442  48.324 0.0000000000
47391  -28.415  -39.526  49.347 0.0000000000
47390  -27.510  -39.525  49.697 0.0000000000
46399  -24.022  -40.394  47.068 0.0000000000
46398  -23.693  -40.904  46.768 0.0000000000
43384  -22.820  -43.025  44.367 0.0000000000
47510  -26.289  -39.866  41.279 0.0000000000
47509  -25.558  -39.993  41.701 0.0000000000
46454  -25.257  -40.156  41.953 0.0000000000
46453  -24.756  -40.592  42.422 0.0000000000
45351  -24.267  -41.589  43.125 0.0000000000
44320  -23.834  -42.475  43.498 0.0000000000
43398  -23.234  -43.401  43.600 0.0000000000
43397  -22.780  -43.715  43.745 0.0000000000
40712  -23.341  -46.276  43.351 0.0000000000
39795  -22.045  -46.599  43.860 0.0000000000
40691  -20.712  -46.239  45.003 0.0000000000
43298  -23.622  -41.593  49.743 0.0000000000
43308  -23.120  -41.904  49.245 0.0000000000
43309  -23.432  -41.685  49.534 0.0000000000
43320  -22.812  -42.107  48.849 0.0000000000
45257  -19.957  -41.301  52.414 0.0000000000
45290  -25.052  -41.029  51.418 0.0000000000
45298  -22.087  -41.675  49.483 0.0000000000
45312  -23.385  -41.550  47.399 0.0000000000
45374  -25.107  -41.283  41.706 0.0000000000
46217  -25.742  -40.880  57.542 0.0000000000
46258  -36.932  -38.901  55.258 0.0000000000
46259  -37.256  -38.868  55.377 0.0000000000
46272  -27.069  -40.693  54.312 0.0000000000
46280  -36.901  -38.903  55.038 0.0000000000
46308  -19.879  -41.191  52.871 0.0000000000
46331  -22.120  -40.951  51.546 0.0000000000
46335  -28.762  -39.945  52.163 0.0000000000
46349  -20.799  -40.968  51.388 0.0000000000
46367  -25.968  -39.858  50.333 0.0000000000
46379  -25.247  -40.161  49.600 0.0000000000
46404  -31.579  -38.870  47.047 0.0000000000
46415  -31.292  -38.835  46.325 0.0000000000
46441  -23.631  -41.252  44.371 0.0000000000
46444  -29.996  -39.266  44.029 0.0000000000
46457  -30.184  -38.963  43.946 0.0000000000
47380  -35.395  -38.061  50.678 0.0000000000
47393  -32.474  -39.245  49.492 0.0000000000
47466  -33.068  -38.683  45.158 0.0000000000
47483  -29.204  -39.751  43.630 0.0000000000
47501  -32.015  -38.654  43.943 0.0000000000
49527  -39.447  -36.011  46.062 0.0000000000
49563  -34.003  -38.107  42.638 0.0000000000
50541  -38.708  -35.837  44.556 0.0000000000
50605  -30.068  -37.410  39.061 0.0000000000
50606  -30.604  -37.208  39.170 0.0000000000
51580  -40.576  -35.034  46.827 0.0000000000
51613  -38.821  -35.396  44.186 0.0000000000
51627  -39.080  -35.057  44.126 0.0000000000
51694  -34.231  -35.037  38.479 0.0000000000
52815  -32.869  -34.728  37.225 0.0000000000
53858  -35.860  -33.345  39.089 0.0000000000
56945  -41.200  -30.690  44.616 0.0000000000
57956  -43.111  -29.543  49.222 0.0000000000
58076  -36.886  -29.723  38.186 0.0000000000
59036  -41.912  -28.545  46.614 0.0000000000
59111  -37.095  -29.261  38.218 0.0000000000
59921  -43.573  -27.636  51.480 0.0000000000
60009  -47.442  -26.537  40.288 0.0000000000
60932  -47.068  -26.078  41.883 0.0000000000
61005  -51.029  -26.183  38.610 0.0000000000
63005  -49.054  -24.291  46.124 0.0000000000
63061  -48.770  -24.197  40.912 0.0000000000
63072  -48.398  -24.173  40.439 0.0000000000
63082  -50.115  -24.068  39.222 0.0000000000
64039  -51.471  -24.084  43.626 0.0000000000
64105  -49.857  -24.093  39.269 0.0000000000
65094  -47.099  -22.046  41.076 0.0000000000
66045  -47.891  -21.491  48.923 0.0000000000
66146  -44.769  -21.623  38.137 0.0000000000
67266  -47.686  -20.286  41.000 0.0000000000
67267  -49.829  -19.631  41.765 0.0000000000
69595  -45.186  -19.052  36.936 0.0000000000
69611  -45.281  -18.459  36.799 0.0000000000
