#!ascii label  , from subject bert vox2ras=TkReg
1069
47256  -10.019  -38.971  57.948 0.0000000000
55821  -32.570  -30.504  47.238 0.0000000000
63011  -29.012  -24.541  45.185 0.0000000000
56859  -25.982  -27.717  49.559 0.0000000000
74608  -33.814  -13.353  34.416 0.0000000000
66151  -31.606  -20.254  37.470 0.0000000000
55750  -32.525  -29.565  52.182 0.0000000000
54784  -28.283  -32.260  48.441 0.0000000000
78632  -39.288  -9.418  36.608 0.0000000000
83488  -41.744  -4.775  33.501 0.0000000000
83499  -44.119  -4.565  30.955 0.0000000000
68411  -32.770  -19.318  45.131 0.0000000000
65102  -29.596  -22.135  40.641 0.0000000000
67238  -34.902  -18.766  41.118 0.0000000000
69607  -35.743  -17.410  38.292 0.0000000000
55774  -18.977  -29.969  50.647 0.0000000000
44129  -8.393  -40.904  60.862 0.0000000000
59955  -31.764  -27.987  47.441 0.0000000000
66040  -31.417  -21.433  49.760 0.0000000000
59041  -20.512  -28.507  46.208 0.0000000000
58044  -25.860  -29.258  43.796 0.0000000000
81622  -41.282  -6.440  24.826 0.0000000000
83527  -46.787  -4.495  28.228 0.0000000000
69634  -32.413  -18.452  35.181 0.0000000000
74592  -38.016  -13.404  37.034 0.0000000000
48380  -11.384  -37.958  54.149 0.0000000000
39578  -6.533  -46.592  58.698 0.0000000000
81567  -40.179  -6.749  35.071 0.0000000000
68452  -33.646  -18.895  42.631 0.0000000000
53709  -16.621  -32.895  48.898 0.0000000000
45158  -8.870  -40.351  59.709 0.0000000000
58020  -32.891  -29.573  45.008 0.0000000000
57988  -32.505  -29.052  47.771 0.0000000000
57967  -23.533  -27.199  48.319 0.0000000000
59056  -23.260  -28.147  45.261 0.0000000000
56899  -25.878  -28.336  47.101 0.0000000000
54787  -31.271  -32.459  47.615 0.0000000000
55849  -29.103  -31.614  45.616 0.0000000000
55850  -31.374  -31.922  45.075 0.0000000000
57911  -24.703  -26.923  52.290 0.0000000000
57949  -21.741  -27.334  50.079 0.0000000000
80645  -37.505  -7.567  29.547 0.0000000000
81617  -40.052  -6.356  26.510 0.0000000000
83518  -45.763  -4.597  29.382 0.0000000000
66139  -30.581  -20.877  38.597 0.0000000000
67324  -32.167  -19.694  35.828 0.0000000000
71650  -36.516  -16.018  37.496 0.0000000000
51472  -14.724  -33.283  52.047 0.0000000000
51437  -13.658  -33.633  54.500 0.0000000000
52503  -12.836  -33.843  55.826 0.0000000000
49444  -11.996  -36.537  52.862 0.0000000000
40478  -8.273  -46.022  57.703 0.0000000000
55779  -33.031  -30.920  49.842 0.0000000000
59019  -32.414  -28.464  49.603 0.0000000000
58990  -32.680  -27.957  51.694 0.0000000000
55747  -28.126  -29.443  51.728 0.0000000000
55792  -28.119  -30.134  49.448 0.0000000000
53679  -29.524  -30.933  51.300 0.0000000000
54743  -30.963  -33.020  50.801 0.0000000000
76621  -36.356  -10.980  35.043 0.0000000000
78669  -37.539  -8.709  34.202 0.0000000000
80617  -38.762  -7.062  32.419 0.0000000000
81588  -40.484  -6.371  31.164 0.0000000000
82573  -41.193  -5.620  29.493 0.0000000000
83493  -43.105  -4.481  31.757 0.0000000000
65061  -30.061  -21.538  44.915 0.0000000000
64059  -29.125  -22.816  43.067 0.0000000000
66100  -30.620  -20.487  42.685 0.0000000000
67235  -31.454  -19.902  40.850 0.0000000000
67271  -32.800  -19.363  39.114 0.0000000000
67294  -33.872  -18.804  37.940 0.0000000000
67286  -35.385  -18.386  39.470 0.0000000000
53647  -18.643  -31.162  52.678 0.0000000000
52596  -16.336  -32.568  50.856 0.0000000000
83565  -45.118  -3.870  23.301 0.0000000000
45144  -6.796  -41.573  61.390 0.0000000000
59059  -31.841  -28.478  45.293 0.0000000000
61958  -30.503  -26.157  47.258 0.0000000000
60871  -31.876  -26.824  49.492 0.0000000000
62970  -30.943  -24.606  49.328 0.0000000000
65031  -30.209  -22.492  47.643 0.0000000000
68368  -32.334  -19.735  47.577 0.0000000000
56931  -27.813  -30.028  46.001 0.0000000000
58975  -20.923  -27.243  52.238 0.0000000000
56898  -19.512  -28.897  48.562 0.0000000000
82580  -42.542  -5.195  28.404 0.0000000000
82593  -43.568  -4.534  26.727 0.0000000000
83558  -44.912  -4.352  24.961 0.0000000000
83546  -47.704  -3.906  26.058 0.0000000000
46241  -10.026  -40.687  54.747 0.0000000000
44177  -8.923  -41.807  56.498 0.0000000000
72633  -32.996  -15.694  35.036 0.0000000000
69604  -34.480  -17.776  36.836 0.0000000000
72626  -35.521  -15.336  36.546 0.0000000000
74600  -35.861  -13.338  35.986 0.0000000000
76597  -38.914  -11.335  36.660 0.0000000000
48362  -10.805  -38.114  56.073 0.0000000000
43246  -8.284  -42.609  58.246 0.0000000000
42323  -7.307  -43.765  58.803 0.0000000000
42321  -6.578  -43.518  59.001 0.0000000000
46186  -9.487  -39.678  58.814 0.0000000000
55834  -32.881  -30.914  46.247 0.0000000000
56916  -32.854  -30.106  45.846 0.0000000000
56903  -32.562  -29.704  47.258 0.0000000000
57951  -24.793  -27.419  48.946 0.0000000000
57968  -24.869  -27.676  47.957 0.0000000000
56872  -25.876  -28.062  48.548 0.0000000000
54788  -32.073  -32.049  47.221 0.0000000000
54799  -31.202  -32.316  46.615 0.0000000000
54816  -31.784  -31.917  45.546 0.0000000000
55869  -32.009  -31.546  44.084 0.0000000000
56842  -27.049  -28.544  52.213 0.0000000000
56831  -26.707  -27.867  53.249 0.0000000000
56851  -25.926  -27.685  50.749 0.0000000000
57935  -24.793  -27.171  50.047 0.0000000000
81613  -39.396  -6.499  27.217 0.0000000000
61987  -29.283  -25.735  45.375 0.0000000000
63010  -28.765  -25.017  44.556 0.0000000000
66150  -30.846  -20.984  37.628 0.0000000000
65144  -30.679  -22.385  36.477 0.0000000000
66168  -31.901  -20.400  36.685 0.0000000000
51483  -13.535  -34.579  51.607 0.0000000000
51456  -14.644  -33.146  52.940 0.0000000000
51470  -13.300  -34.222  52.694 0.0000000000
50418  -12.792  -34.944  52.997 0.0000000000
50446  -12.799  -36.020  51.464 0.0000000000
55767  -32.693  -30.025  51.243 0.0000000000
56861  -32.640  -29.450  50.661 0.0000000000
57922  -32.911  -28.471  52.243 0.0000000000
55734  -29.497  -29.930  53.408 0.0000000000
54723  -28.844  -30.085  51.483 0.0000000000
54706  -30.050  -30.716  52.565 0.0000000000
55735  -32.286  -29.861  52.688 0.0000000000
54709  -31.680  -32.140  52.874 0.0000000000
54727  -32.749  -31.955  51.784 0.0000000000
54745  -33.010  -32.044  50.285 0.0000000000
77592  -38.131  -10.407  35.745 0.0000000000
77600  -37.136  -10.026  35.001 0.0000000000
78658  -38.318  -8.919  35.259 0.0000000000
82532  -41.181  -5.451  34.819 0.0000000000
81569  -39.836  -6.743  33.575 0.0000000000
81576  -40.541  -6.326  32.263 0.0000000000
80633  -39.493  -6.636  31.496 0.0000000000
81583  -41.288  -6.052  31.819 0.0000000000
82548  -41.939  -5.667  31.444 0.0000000000
83489  -42.270  -4.451  32.925 0.0000000000
66083  -31.607  -20.173  45.299 0.0000000000
66091  -30.306  -20.874  44.003 0.0000000000
67211  -31.841  -19.597  44.131 0.0000000000
68467  -34.373  -18.872  41.824 0.0000000000
67223  -32.349  -19.377  41.712 0.0000000000
67237  -33.283  -19.316  40.881 0.0000000000
67254  -31.991  -19.663  39.999 0.0000000000
67272  -34.015  -19.162  39.481 0.0000000000
67273  -34.928  -18.719  39.777 0.0000000000
55745  -19.296  -29.798  52.442 0.0000000000
54703  -19.252  -30.424  53.047 0.0000000000
54721  -18.396  -30.942  51.477 0.0000000000
53694  -16.546  -32.504  50.098 0.0000000000
84572  -46.855  -3.327  24.510 0.0000000000
84578  -46.933  -2.966  24.225 0.0000000000
44127  -7.325  -41.802  61.142 0.0000000000
59047  -32.262  -28.565  46.403 0.0000000000
59060  -32.571  -28.941  45.430 0.0000000000
59954  -31.433  -27.906  46.603 0.0000000000
59953  -30.958  -27.421  46.350 0.0000000000
60885  -31.203  -27.104  47.786 0.0000000000
59926  -32.428  -27.477  51.129 0.0000000000
59934  -32.275  -27.673  50.086 0.0000000000
60857  -32.195  -26.456  50.994 0.0000000000
65017  -31.451  -22.178  50.403 0.0000000000
62961  -31.114  -24.361  49.907 0.0000000000
63988  -30.681  -23.235  49.288 0.0000000000
63987  -30.560  -23.910  48.754 0.0000000000
65024  -30.734  -22.039  48.917 0.0000000000
66064  -30.876  -20.982  47.145 0.0000000000
67153  -31.750  -20.375  48.928 0.0000000000
59068  -24.505  -28.397  44.333 0.0000000000
55805  -28.141  -30.955  49.016 0.0000000000
55817  -27.738  -29.817  47.454 0.0000000000
55831  -28.049  -30.504  46.856 0.0000000000
55881  -28.477  -31.136  43.986 0.0000000000
58968  -22.206  -26.814  53.431 0.0000000000
57966  -21.922  -27.390  48.792 0.0000000000
57965  -20.546  -28.076  49.370 0.0000000000
57982  -20.365  -28.302  48.056 0.0000000000
56896  -18.789  -29.803  47.244 0.0000000000
82556  -43.330  -5.329  30.279 0.0000000000
82574  -42.135  -5.471  29.288 0.0000000000
82567  -43.508  -5.302  29.718 0.0000000000
83526  -45.852  -4.579  28.561 0.0000000000
83534  -44.865  -4.590  28.104 0.0000000000
83543  -45.111  -4.462  26.993 0.0000000000
83557  -44.448  -4.459  25.528 0.0000000000
83544  -46.011  -4.419  26.615 0.0000000000
83552  -45.975  -4.243  25.614 0.0000000000
83537  -47.660  -4.170  27.002 0.0000000000
65089  -29.180  -22.558  41.480 0.0000000000
64057  -28.426  -24.022  42.018 0.0000000000
70632  -32.169  -17.928  33.763 0.0000000000
71669  -32.819  -16.756  35.081 0.0000000000
68524  -35.020  -17.841  38.167 0.0000000000
68523  -34.565  -18.028  37.547 0.0000000000
69606  -35.157  -17.507  37.620 0.0000000000
73608  -37.909  -14.147  37.574 0.0000000000
72613  -36.074  -15.716  36.967 0.0000000000
73606  -36.360  -14.831  36.839 0.0000000000
73615  -35.080  -14.393  36.016 0.0000000000
74601  -36.624  -13.322  36.379 0.0000000000
75595  -37.731  -12.058  36.094 0.0000000000
75583  -37.979  -12.686  36.529 0.0000000000
50388  -12.083  -35.678  55.493 0.0000000000
50387  -11.678  -36.533  55.815 0.0000000000
50375  -11.323  -36.564  56.694 0.0000000000
48372  -11.128  -38.060  55.248 0.0000000000
47312  -10.859  -38.807  54.328 0.0000000000
47324  -11.572  -38.914  53.358 0.0000000000
43264  -8.938  -43.436  55.810 0.0000000000
44168  -8.728  -42.111  57.143 0.0000000000
42348  -8.497  -43.710  57.262 0.0000000000
40473  -8.008  -46.136  58.591 0.0000000000
41406  -8.031  -45.070  58.921 0.0000000000
41405  -7.406  -44.941  59.247 0.0000000000
42322  -6.792  -43.850  59.187 0.0000000000
41404  -6.590  -44.893  59.154 0.0000000000
54676  -30.569  -30.520  53.527 0.0000000000
80580  -40.648  -8.044  37.172 0.0000000000
80593  -39.568  -7.838  35.928 0.0000000000
81563  -41.058  -6.715  36.403 0.0000000000
68433  -32.653  -19.111  43.782 0.0000000000
55787  -18.083  -31.031  49.212 0.0000000000
54754  -17.710  -31.391  49.616 0.0000000000
46150  -8.859  -39.503  60.788 0.0000000000
44139  -8.672  -40.792  60.365 0.0000000000
56932  -33.112  -30.467  44.537 0.0000000000
58004  -32.915  -29.176  46.024 0.0000000000
59032  -32.271  -28.544  47.671 0.0000000000
68327  -32.638  -19.581  49.220 0.0000000000
57983  -22.255  -27.578  47.747 0.0000000000
59043  -21.912  -28.041  46.209 0.0000000000
59044  -23.009  -27.987  46.090 0.0000000000
58002  -25.105  -28.158  46.058 0.0000000000
58017  -26.170  -28.756  45.592 0.0000000000
54797  -29.409  -32.443  47.300 0.0000000000
54812  -28.706  -32.039  46.879 0.0000000000
54798  -30.307  -32.511  46.958 0.0000000000
54831  -30.223  -32.041  45.208 0.0000000000
55884  -31.165  -31.603  43.268 0.0000000000
57901  -24.350  -26.587  53.318 0.0000000000
57920  -23.329  -26.639  51.721 0.0000000000
57934  -23.447  -26.790  50.523 0.0000000000
57950  -23.396  -26.961  49.389 0.0000000000
79687  -36.413  -8.291  30.854 0.0000000000
81621  -40.634  -6.385  25.570 0.0000000000
84529  -45.907  -3.505  31.223 0.0000000000
83506  -45.537  -4.476  30.103 0.0000000000
65111  -29.613  -22.205  39.464 0.0000000000
67342  -31.758  -19.995  34.856 0.0000000000
68535  -32.545  -18.888  35.698 0.0000000000
71641  -37.204  -16.270  38.952 0.0000000000
70598  -36.558  -16.669  38.303 0.0000000000
71652  -37.815  -15.304  38.457 0.0000000000
52563  -16.143  -32.526  52.795 0.0000000000
52546  -15.110  -32.765  53.780 0.0000000000
52517  -14.071  -33.307  55.380 0.0000000000
51415  -13.373  -33.792  55.031 0.0000000000
50403  -12.323  -35.487  54.472 0.0000000000
49443  -11.700  -37.072  53.101 0.0000000000
48387  -11.664  -37.826  52.920 0.0000000000
48397  -12.004  -38.198  51.746 0.0000000000
55807  -32.428  -30.482  48.214 0.0000000000
56888  -32.485  -29.451  48.368 0.0000000000
56874  -32.569  -29.578  49.530 0.0000000000
59005  -32.426  -28.242  50.623 0.0000000000
55746  -27.501  -29.089  51.508 0.0000000000
55776  -27.522  -29.193  49.750 0.0000000000
55777  -28.078  -29.783  50.356 0.0000000000
54756  -28.463  -30.800  50.019 0.0000000000
54771  -28.133  -32.345  49.620 0.0000000000
53650  -30.117  -32.059  53.037 0.0000000000
53698  -29.581  -32.831  50.981 0.0000000000
54772  -29.034  -32.867  49.229 0.0000000000
54774  -31.229  -32.687  48.656 0.0000000000
54775  -32.249  -32.049  48.308 0.0000000000
56832  -27.596  -28.917  52.915 0.0000000000
75607  -34.547  -12.188  34.610 0.0000000000
75621  -34.131  -11.843  33.892 0.0000000000
76620  -35.453  -11.030  34.481 0.0000000000
77609  -35.857  -9.787  33.923 0.0000000000
78682  -36.778  -8.576  33.261 0.0000000000
79646  -38.342  -8.239  34.309 0.0000000000
79668  -38.529  -7.576  33.301 0.0000000000
79677  -37.577  -7.544  31.929 0.0000000000
80631  -38.053  -7.178  31.160 0.0000000000
81586  -39.278  -6.573  30.604 0.0000000000
81606  -39.643  -6.192  29.453 0.0000000000
81611  -40.324  -5.804  28.928 0.0000000000
82564  -41.047  -5.760  30.045 0.0000000000
82555  -42.638  -5.503  30.541 0.0000000000
83494  -43.712  -4.366  31.419 0.0000000000
85548  -43.485  -3.244  33.628 0.0000000000
85570  -45.386  -3.129  31.645 0.0000000000
64018  -29.605  -23.179  45.867 0.0000000000
63022  -28.983  -23.624  44.168 0.0000000000
65060  -29.786  -22.012  44.588 0.0000000000
65079  -29.568  -22.195  42.759 0.0000000000
66107  -29.978  -21.196  42.142 0.0000000000
68450  -31.885  -19.429  42.638 0.0000000000
66108  -30.707  -20.449  41.494 0.0000000000
66128  -30.245  -21.441  40.065 0.0000000000
66129  -30.733  -20.757  39.583 0.0000000000
66140  -31.321  -20.050  38.279 0.0000000000
66141  -32.278  -19.527  38.212 0.0000000000
66152  -32.458  -19.641  37.534 0.0000000000
67284  -33.666  -19.094  38.531 0.0000000000
67295  -34.443  -18.573  38.491 0.0000000000
68511  -35.784  -17.786  39.011 0.0000000000
68502  -36.787  -18.134  39.656 0.0000000000
69581  -37.175  -17.618  39.456 0.0000000000
53635  -17.984  -31.543  53.518 0.0000000000
54720  -17.832  -31.347  51.299 0.0000000000
52580  -16.917  -32.159  51.766 0.0000000000
52564  -16.875  -32.256  52.753 0.0000000000
52578  -15.497  -32.924  51.922 0.0000000000
60892  -30.000  -26.420  45.888 0.0000000000
61971  -29.764  -25.775  46.046 0.0000000000
57969  -32.565  -28.997  48.970 0.0000000000
59026  -32.159  -28.187  48.350 0.0000000000
60878  -31.598  -26.986  48.598 0.0000000000
62971  -31.417  -25.479  49.588 0.0000000000
61945  -31.219  -26.330  48.437 0.0000000000
61944  -30.699  -25.609  48.061 0.0000000000
62987  -30.072  -24.632  47.382 0.0000000000
62999  -29.763  -23.629  46.753 0.0000000000
65040  -30.329  -21.941  46.864 0.0000000000
66074  -31.407  -20.450  46.089 0.0000000000
67191  -32.557  -19.570  46.227 0.0000000000
68347  -32.764  -19.350  48.038 0.0000000000
69501  -33.452  -18.846  47.317 0.0000000000
56887  -26.690  -28.742  48.170 0.0000000000
56913  -26.622  -29.077  46.162 0.0000000000
56940  -26.878  -29.663  44.586 0.0000000000
55864  -28.014  -30.692  45.490 0.0000000000
56941  -27.501  -30.072  44.987 0.0000000000
57909  -20.150  -27.989  52.988 0.0000000000
56850  -19.523  -28.839  51.769 0.0000000000
59004  -21.505  -27.262  50.857 0.0000000000
57948  -20.379  -28.045  50.333 0.0000000000
55789  -19.010  -29.817  49.854 0.0000000000
55815  -18.272  -30.658  47.771 0.0000000000
81614  -40.150  -5.897  27.769 0.0000000000
82585  -40.883  -5.661  27.133 0.0000000000
82591  -41.242  -5.514  26.144 0.0000000000
82577  -44.436  -4.927  29.104 0.0000000000
82587  -43.126  -4.717  27.581 0.0000000000
82592  -42.523  -4.870  26.350 0.0000000000
82597  -43.484  -4.709  25.365 0.0000000000
82602  -43.972  -4.752  24.324 0.0000000000
82605  -43.831  -5.432  23.064 0.0000000000
83564  -44.656  -4.436  23.787 0.0000000000
83553  -46.783  -3.915  25.410 0.0000000000
46223  -9.775  -40.018  56.267 0.0000000000
45208  -9.330  -40.437  56.855 0.0000000000
45219  -9.588  -41.290  55.167 0.0000000000
63031  -28.379  -24.851  42.777 0.0000000000
73624  -32.832  -14.883  34.427 0.0000000000
67308  -33.223  -19.164  36.934 0.0000000000
67326  -33.592  -18.696  36.816 0.0000000000
69619  -33.241  -18.118  36.096 0.0000000000
71649  -35.713  -16.472  37.121 0.0000000000
70612  -34.587  -17.225  36.629 0.0000000000
71660  -34.182  -16.585  36.129 0.0000000000
72624  -33.743  -15.914  35.621 0.0000000000
73614  -34.181  -14.933  35.625 0.0000000000
74609  -34.379  -13.293  35.101 0.0000000000
75593  -35.732  -12.528  35.520 0.0000000000
76609  -37.492  -11.265  35.689 0.0000000000
77580  -38.757  -10.478  36.383 0.0000000000
48327  -10.557  -37.464  59.010 0.0000000000
49390  -10.962  -37.253  57.349 0.0000000000
48348  -10.659  -37.993  57.002 0.0000000000
47298  -10.402  -39.225  54.913 0.0000000000
46263  -10.488  -39.929  54.268 0.0000000000
45183  -8.737  -41.038  58.012 0.0000000000
44154  -8.841  -40.939  59.190 0.0000000000
44146  -8.409  -41.637  59.418 0.0000000000
42339  -8.147  -44.300  57.671 0.0000000000
43238  -7.949  -42.801  58.588 0.0000000000
43223  -7.611  -41.860  59.925 0.0000000000
43222  -7.117  -42.187  60.493 0.0000000000
44145  -6.808  -41.956  60.024 0.0000000000
40470  -5.814  -46.196  58.566 0.0000000000
41412  -5.584  -45.362  58.216 0.0000000000
48333  -10.301  -38.581  58.566 0.0000000000
56902  -32.716  -30.211  46.605 0.0000000000
55820  -32.472  -31.411  46.757 0.0000000000
54800  -31.946  -32.050  46.253 0.0000000000
55833  -32.319  -31.525  45.805 0.0000000000
56852  -26.788  -28.451  51.255 0.0000000000
61986  -28.909  -25.814  44.573 0.0000000000
66167  -31.082  -21.391  36.729 0.0000000000
66185  -31.363  -21.456  36.036 0.0000000000
50447  -13.423  -35.704  50.884 0.0000000000
50433  -12.997  -35.181  51.982 0.0000000000
56853  -32.676  -29.186  51.695 0.0000000000
56844  -33.046  -28.961  52.696 0.0000000000
54674  -29.843  -30.304  53.611 0.0000000000
54690  -29.616  -30.260  52.919 0.0000000000
54675  -30.248  -30.508  53.657 0.0000000000
54710  -32.075  -30.838  52.496 0.0000000000
55749  -32.514  -30.537  51.822 0.0000000000
55766  -32.754  -31.029  50.863 0.0000000000
55718  -29.630  -29.800  54.032 0.0000000000
78631  -38.581  -9.790  36.024 0.0000000000
78647  -38.196  -9.502  35.506 0.0000000000
78648  -38.647  -9.038  35.732 0.0000000000
82536  -41.327  -5.298  33.753 0.0000000000
82538  -41.080  -5.735  33.270 0.0000000000
81574  -41.113  -5.830  32.870 0.0000000000
81577  -41.184  -5.928  32.447 0.0000000000
82539  -41.603  -5.287  32.840 0.0000000000
82540  -42.188  -5.006  32.308 0.0000000000
67201  -31.303  -20.104  44.516 0.0000000000
67202  -32.098  -19.682  44.782 0.0000000000
68479  -34.225  -19.183  41.117 0.0000000000
68466  -33.403  -19.193  41.497 0.0000000000
68478  -33.759  -19.313  40.806 0.0000000000
67255  -33.287  -19.329  40.235 0.0000000000
67256  -34.387  -19.076  40.393 0.0000000000
67257  -35.348  -18.625  40.454 0.0000000000
55761  -19.029  -30.016  51.282 0.0000000000
55744  -19.090  -30.126  51.898 0.0000000000
54738  -18.605  -30.615  51.176 0.0000000000
84573  -47.597  -3.200  24.831 0.0000000000
45130  -8.224  -40.751  61.430 0.0000000000
45129  -7.590  -41.185  61.812 0.0000000000
44128  -7.889  -41.222  60.743 0.0000000000
60866  -32.287  -27.149  50.789 0.0000000000
61918  -32.448  -25.962  51.574 0.0000000000
66041  -31.718  -21.288  50.259 0.0000000000
65016  -31.149  -22.263  49.840 0.0000000000
66048  -31.218  -21.304  49.276 0.0000000000
66055  -31.062  -21.068  48.357 0.0000000000
57998  -20.112  -28.791  46.417 0.0000000000
59053  -20.642  -28.580  45.898 0.0000000000
54783  -27.907  -31.682  48.980 0.0000000000
55818  -27.986  -31.094  48.046 0.0000000000
55819  -27.992  -31.904  47.722 0.0000000000
57999  -21.305  -27.917  46.945 0.0000000000
57997  -19.217  -29.372  46.825 0.0000000000
81624  -41.879  -6.524  24.267 0.0000000000
82551  -43.816  -5.037  30.491 0.0000000000
82557  -43.866  -5.174  30.096 0.0000000000
83535  -45.924  -4.469  27.620 0.0000000000
83536  -46.837  -4.377  27.270 0.0000000000
65101  -29.031  -22.771  40.757 0.0000000000
64072  -28.723  -23.278  41.327 0.0000000000
68550  -32.051  -19.065  34.804 0.0000000000
68567  -31.999  -19.080  34.281 0.0000000000
69652  -32.171  -18.420  34.401 0.0000000000
70624  -32.688  -17.690  35.209 0.0000000000
68525  -35.433  -17.750  38.527 0.0000000000
73607  -37.164  -14.308  37.114 0.0000000000
73617  -36.687  -14.024  36.716 0.0000000000
74591  -37.289  -13.409  36.703 0.0000000000
50402  -11.808  -36.317  54.977 0.0000000000
49418  -11.474  -37.197  55.076 0.0000000000
42357  -8.755  -44.027  56.484 0.0000000000
39579  -6.946  -46.427  58.630 0.0000000000
40465  -7.640  -45.785  59.102 0.0000000000
40464  -6.967  -45.961  59.154 0.0000000000
40463  -6.159  -46.070  59.108 0.0000000000
68413  -34.925  -18.366  44.717 0.0000000000
54769  -17.663  -31.703  48.859 0.0000000000
46173  -9.468  -39.596  59.669 0.0000000000
47234  -9.187  -39.020  60.639 0.0000000000
46172  -9.055  -40.064  60.101 0.0000000000
45132  -8.865  -40.132  60.462 0.0000000000
45147  -8.909  -40.446  60.351 0.0000000000
58005  -32.768  -29.444  46.697 0.0000000000
57987  -32.647  -28.961  46.870 0.0000000000
58000  -22.704  -27.782  46.883 0.0000000000
57984  -23.758  -27.528  47.405 0.0000000000
57985  -25.074  -27.955  47.043 0.0000000000
58003  -26.100  -28.599  46.319 0.0000000000
54786  -30.290  -32.723  47.920 0.0000000000
54815  -31.114  -32.129  45.654 0.0000000000
54832  -30.808  -31.998  44.910 0.0000000000
55867  -30.181  -31.738  44.404 0.0000000000
55868  -31.115  -31.768  44.301 0.0000000000
56830  -26.012  -27.286  53.055 0.0000000000
57903  -26.049  -27.196  53.438 0.0000000000
57902  -25.108  -26.864  53.439 0.0000000000
57921  -24.759  -27.064  51.250 0.0000000000
79695  -36.953  -7.952  30.222 0.0000000000
66138  -30.176  -21.397  39.245 0.0000000000
64097  -29.438  -22.561  38.748 0.0000000000
65118  -29.907  -21.926  38.493 0.0000000000
66186  -31.589  -20.861  35.523 0.0000000000
71642  -37.798  -15.655  38.929 0.0000000000
73609  -38.528  -14.053  37.916 0.0000000000
52562  -15.344  -32.775  52.856 0.0000000000
52547  -15.939  -32.306  53.637 0.0000000000
51455  -14.105  -33.416  53.621 0.0000000000
52545  -14.742  -33.024  54.197 0.0000000000
52530  -14.502  -33.173  54.652 0.0000000000
50432  -12.519  -35.811  52.394 0.0000000000
50404  -12.659  -34.864  53.824 0.0000000000
50417  -12.381  -35.611  53.381 0.0000000000
49432  -12.059  -36.085  53.669 0.0000000000
48388  -11.799  -37.196  52.726 0.0000000000
48398  -12.072  -37.349  52.191 0.0000000000
55794  -32.646  -30.659  49.023 0.0000000000
55808  -32.514  -29.985  48.783 0.0000000000
55795  -32.663  -30.242  49.521 0.0000000000
57936  -32.608  -28.717  51.159 0.0000000000
55763  -27.436  -29.120  50.678 0.0000000000
55764  -27.992  -29.502  51.040 0.0000000000
54724  -29.332  -30.545  51.541 0.0000000000
54741  -28.569  -30.215  50.725 0.0000000000
54742  -29.061  -30.860  50.688 0.0000000000
54770  -27.972  -31.444  49.697 0.0000000000
54757  -28.400  -31.690  50.599 0.0000000000
54677  -31.061  -30.333  53.553 0.0000000000
53638  -30.261  -31.491  53.217 0.0000000000
53683  -31.213  -32.909  51.390 0.0000000000
53682  -30.354  -32.879  51.430 0.0000000000
53699  -30.324  -33.042  50.599 0.0000000000
54759  -29.819  -33.036  49.982 0.0000000000
54773  -30.128  -32.987  48.922 0.0000000000
54760  -30.982  -33.027  49.841 0.0000000000
54761  -32.065  -32.382  49.488 0.0000000000
54762  -32.808  -31.578  49.164 0.0000000000
54776  -32.530  -31.125  48.494 0.0000000000
55716  -28.378  -29.315  53.329 0.0000000000
55732  -28.253  -29.435  52.495 0.0000000000
56843  -27.709  -29.123  52.161 0.0000000000
75608  -35.582  -11.877  35.006 0.0000000000
78656  -37.129  -9.242  34.381 0.0000000000
77599  -36.301  -9.944  34.380 0.0000000000
78655  -36.714  -9.227  34.068 0.0000000000
78667  -36.265  -9.182  33.627 0.0000000000
78668  -37.180  -8.617  33.719 0.0000000000
80606  -39.901  -7.299  35.540 0.0000000000
80605  -39.371  -7.686  35.207 0.0000000000
80612  -39.767  -7.119  34.837 0.0000000000
80618  -39.049  -7.000  32.817 0.0000000000
79667  -38.247  -7.550  32.863 0.0000000000
79666  -37.332  -8.025  32.848 0.0000000000
79678  -37.937  -7.522  32.424 0.0000000000
80625  -38.548  -7.070  32.008 0.0000000000
80632  -38.872  -6.778  31.214 0.0000000000
81587  -39.827  -6.494  30.873 0.0000000000
81594  -39.094  -6.532  29.990 0.0000000000
81595  -39.868  -6.277  30.235 0.0000000000
81607  -40.475  -5.888  29.823 0.0000000000
81596  -40.705  -6.072  30.467 0.0000000000
82543  -42.499  -5.129  31.721 0.0000000000
82549  -42.587  -5.400  31.120 0.0000000000
82544  -43.002  -5.005  31.325 0.0000000000
83498  -43.439  -4.735  31.239 0.0000000000
85560  -44.591  -3.044  32.141 0.0000000000
65051  -29.743  -22.261  45.214 0.0000000000
64031  -29.371  -22.835  44.682 0.0000000000
66090  -30.009  -21.367  43.677 0.0000000000
66099  -30.062  -21.354  43.183 0.0000000000
68451  -32.527  -19.180  42.318 0.0000000000
67236  -32.525  -19.417  41.073 0.0000000000
67222  -31.655  -19.703  41.984 0.0000000000
66120  -30.820  -20.585  40.436 0.0000000000
67253  -31.340  -20.066  40.271 0.0000000000
67270  -31.994  -19.543  39.298 0.0000000000
66131  -31.916  -19.573  38.809 0.0000000000
66142  -32.962  -19.334  38.079 0.0000000000
67283  -32.970  -19.309  38.460 0.0000000000
67285  -34.624  -18.731  39.088 0.0000000000
67296  -35.162  -18.284  38.914 0.0000000000
67297  -35.705  -18.110  39.349 0.0000000000
68491  -37.223  -18.678  39.826 0.0000000000
69582  -37.495  -18.319  39.567 0.0000000000
69592  -36.410  -17.697  39.366 0.0000000000
70565  -37.621  -17.193  39.395 0.0000000000
53636  -18.575  -31.301  53.392 0.0000000000
53646  -18.106  -31.505  52.759 0.0000000000
53695  -17.177  -31.995  49.590 0.0000000000
54737  -17.632  -31.382  50.386 0.0000000000
52612  -16.275  -32.803  50.242 0.0000000000
53677  -16.654  -32.282  50.753 0.0000000000
52579  -16.254  -32.590  51.862 0.0000000000
52595  -15.635  -33.035  50.923 0.0000000000
45157  -6.793  -41.573  60.599 0.0000000000
58019  -32.537  -29.045  44.492 0.0000000000
59058  -31.286  -28.054  45.052 0.0000000000
60893  -30.422  -26.759  46.189 0.0000000000
61957  -29.996  -25.342  46.822 0.0000000000
59933  -32.109  -27.245  49.753 0.0000000000
59941  -32.294  -28.135  49.320 0.0000000000
59940  -32.097  -27.687  49.027 0.0000000000
61934  -31.337  -25.754  49.010 0.0000000000
61946  -31.483  -26.354  48.827 0.0000000000
62978  -30.971  -25.416  48.686 0.0000000000
63997  -30.178  -23.620  48.014 0.0000000000
64006  -29.964  -23.147  47.227 0.0000000000
64019  -29.902  -22.724  46.552 0.0000000000
67178  -32.125  -19.932  46.736 0.0000000000
68328  -33.881  -18.677  48.893 0.0000000000
68370  -33.945  -18.454  47.081 0.0000000000
59055  -22.293  -28.244  45.425 0.0000000000
59065  -21.806  -28.627  44.849 0.0000000000
59066  -22.552  -28.507  44.571 0.0000000000
55791  -27.491  -29.300  48.777 0.0000000000
55830  -27.844  -29.852  46.901 0.0000000000
56901  -27.250  -29.364  47.167 0.0000000000
56914  -27.338  -29.515  46.623 0.0000000000
56929  -26.604  -29.123  45.806 0.0000000000
56930  -26.979  -29.457  45.594 0.0000000000
55848  -28.532  -31.261  46.229 0.0000000000
55865  -28.523  -31.199  45.090 0.0000000000
57918  -20.151  -27.981  51.812 0.0000000000
57933  -22.423  -26.786  50.962 0.0000000000
58988  -21.979  -26.785  51.605 0.0000000000
56885  -19.639  -28.771  49.073 0.0000000000
56871  -19.562  -28.976  50.001 0.0000000000
56870  -19.313  -29.285  49.464 0.0000000000
56884  -19.108  -29.570  48.929 0.0000000000
56883  -18.742  -29.923  48.192 0.0000000000
82579  -41.325  -5.505  28.382 0.0000000000
82586  -41.941  -5.183  27.365 0.0000000000
83517  -44.888  -4.796  29.576 0.0000000000
83542  -44.210  -4.515  27.331 0.0000000000
83533  -44.018  -4.664  28.049 0.0000000000
82588  -43.682  -4.557  27.353 0.0000000000
82596  -42.009  -5.493  24.932 0.0000000000
82598  -44.220  -4.555  25.033 0.0000000000
83545  -46.860  -4.219  26.304 0.0000000000
83554  -47.366  -3.624  25.231 0.0000000000
46242  -10.055  -39.913  55.263 0.0000000000
46222  -9.695  -40.560  55.511 0.0000000000
64044  -28.868  -23.457  43.360 0.0000000000
63021  -28.649  -24.727  43.760 0.0000000000
63032  -28.582  -23.988  42.888 0.0000000000
71677  -32.542  -16.490  34.496 0.0000000000
72642  -32.465  -15.742  34.085 0.0000000000
66153  -33.231  -19.221  37.766 0.0000000000
66169  -32.778  -19.501  37.133 0.0000000000
66170  -33.436  -19.058  37.436 0.0000000000
68522  -34.198  -18.227  36.982 0.0000000000
68537  -33.777  -18.368  36.728 0.0000000000
68536  -33.331  -18.530  36.426 0.0000000000
69620  -33.922  -17.969  36.583 0.0000000000
70597  -35.831  -16.922  37.594 0.0000000000
71662  -35.508  -16.136  36.803 0.0000000000
71661  -34.944  -16.285  36.540 0.0000000000
72625  -34.615  -15.591  36.098 0.0000000000
73626  -34.471  -14.073  35.456 0.0000000000
74599  -35.056  -13.338  35.600 0.0000000000
75592  -35.029  -12.610  35.207 0.0000000000
76610  -38.294  -11.272  36.105 0.0000000000
49403  -11.230  -37.437  56.209 0.0000000000
47283  -10.450  -38.582  56.406 0.0000000000
47299  -10.612  -38.614  55.466 0.0000000000
46286  -10.973  -39.655  53.487 0.0000000000
46264  -10.710  -39.365  54.071 0.0000000000
46285  -10.749  -40.545  53.424 0.0000000000
45197  -9.189  -40.404  57.591 0.0000000000
45196  -8.859  -41.128  57.046 0.0000000000
43252  -8.477  -42.812  57.577 0.0000000000
44160  -8.548  -41.851  57.948 0.0000000000
44153  -8.486  -41.923  58.784 0.0000000000
43239  -8.154  -42.532  58.682 0.0000000000
41429  -8.393  -45.496  56.914 0.0000000000
41421  -8.304  -45.130  57.544 0.0000000000
42331  -7.684  -44.440  58.849 0.0000000000
42332  -7.743  -43.782  58.232 0.0000000000
42324  -7.721  -43.138  58.473 0.0000000000
43231  -7.770  -42.536  59.042 0.0000000000
43230  -7.104  -42.692  59.373 0.0000000000
42330  -6.520  -44.188  58.981 0.0000000000
43229  -6.864  -42.536  59.591 0.0000000000
43228  -6.607  -42.905  59.175 0.0000000000
44144  -6.552  -42.246  59.270 0.0000000000
45159  -9.156  -39.897  59.380 0.0000000000
56917  -32.745  -29.847  46.582 0.0000000000
56886  -25.850  -28.300  47.646 0.0000000000
55851  -31.954  -31.723  44.965 0.0000000000
55852  -32.751  -31.183  45.054 0.0000000000
56841  -25.934  -27.578  52.190 0.0000000000
81616  -39.527  -6.626  26.745 0.0000000000
60900  -29.846  -26.643  45.284 0.0000000000
65119  -30.328  -21.603  37.855 0.0000000000
65129  -30.447  -22.097  37.081 0.0000000000
67307  -32.380  -19.744  36.444 0.0000000000
51484  -14.076  -33.954  51.214 0.0000000000
51471  -13.955  -33.644  52.339 0.0000000000
51454  -13.111  -34.107  53.692 0.0000000000
49453  -12.488  -36.707  51.780 0.0000000000
55780  -32.771  -30.221  50.296 0.0000000000
55733  -29.014  -29.716  52.869 0.0000000000
55748  -28.713  -29.802  52.021 0.0000000000
54689  -29.179  -30.013  52.415 0.0000000000
54705  -29.491  -30.386  52.263 0.0000000000
53662  -29.619  -30.786  51.573 0.0000000000
54694  -31.459  -30.710  53.027 0.0000000000
54726  -31.763  -32.615  51.804 0.0000000000
54744  -31.886  -32.674  50.759 0.0000000000
55717  -29.139  -29.495  53.636 0.0000000000
76622  -37.052  -10.818  35.371 0.0000000000
77601  -37.780  -9.879  35.307 0.0000000000
78657  -37.888  -8.967  34.769 0.0000000000
82531  -40.537  -6.190  34.826 0.0000000000
81570  -40.089  -6.591  34.208 0.0000000000
82535  -40.751  -5.903  33.970 0.0000000000
80615  -39.973  -6.613  33.013 0.0000000000
80619  -39.884  -6.638  32.730 0.0000000000
80626  -39.240  -6.765  32.044 0.0000000000
80627  -39.860  -6.587  32.152 0.0000000000
81582  -40.585  -6.350  31.683 0.0000000000
81589  -41.301  -6.098  31.267 0.0000000000
83492  -42.564  -4.643  32.174 0.0000000000
83490  -42.790  -4.217  32.411 0.0000000000
66082  -30.756  -20.848  45.318 0.0000000000
67210  -31.420  -19.689  43.354 0.0000000000
55731  -19.430  -29.899  53.484 0.0000000000
54702  -18.987  -30.593  52.456 0.0000000000
53661  -18.599  -30.905  52.110 0.0000000000
51500  -15.235  -33.906  50.046 0.0000000000
84571  -46.455  -3.554  24.402 0.0000000000
84577  -46.201  -3.351  23.802 0.0000000000
85608  -46.575  -2.858  23.762 0.0000000000
44136  -7.003  -42.138  61.250 0.0000000000
59046  -31.832  -28.345  46.079 0.0000000000
59962  -31.563  -28.173  45.929 0.0000000000
59961  -31.088  -27.754  45.702 0.0000000000
60884  -30.868  -27.138  46.882 0.0000000000
60865  -32.137  -26.747  50.445 0.0000000000
63979  -31.329  -23.068  50.513 0.0000000000
63978  -31.004  -23.720  49.959 0.0000000000
62969  -30.702  -24.410  48.867 0.0000000000
65023  -30.369  -22.835  48.463 0.0000000000
65041  -30.474  -21.793  47.378 0.0000000000
65032  -30.545  -21.824  47.980 0.0000000000
67165  -31.720  -20.308  47.827 0.0000000000
59067  -23.561  -28.393  44.351 0.0000000000
55804  -27.916  -30.089  48.440 0.0000000000
55866  -29.348  -31.619  44.798 0.0000000000
56897  -19.252  -29.217  48.089 0.0000000000
57981  -19.390  -29.077  47.334 0.0000000000
82566  -42.761  -5.471  29.881 0.0000000000
82575  -43.067  -5.310  29.161 0.0000000000
83525  -45.053  -4.727  28.908 0.0000000000
83550  -44.352  -4.438  26.322 0.0000000000
83551  -45.167  -4.399  25.999 0.0000000000
45231  -9.996  -41.515  54.340 0.0000000000
64058  -28.941  -23.058  42.384 0.0000000000
64071  -28.389  -24.116  40.980 0.0000000000
69651  -32.090  -18.534  33.760 0.0000000000
70633  -32.412  -17.373  34.455 0.0000000000
67310  -34.416  -18.306  38.016 0.0000000000
67309  -33.914  -18.609  37.390 0.0000000000
69605  -34.751  -17.750  37.132 0.0000000000
72615  -37.289  -15.080  37.556 0.0000000000
72614  -36.678  -15.222  37.192 0.0000000000
73616  -36.014  -14.212  36.440 0.0000000000
75582  -37.267  -12.742  36.330 0.0000000000
75596  -38.425  -11.966  36.401 0.0000000000
51413  -12.503  -34.934  55.309 0.0000000000
51395  -12.243  -34.934  55.989 0.0000000000
50376  -11.694  -35.759  56.285 0.0000000000
44184  -8.925  -42.541  56.081 0.0000000000
43258  -8.753  -43.026  56.744 0.0000000000
39587  -7.959  -46.611  58.054 0.0000000000
41413  -8.128  -45.111  58.176 0.0000000000
41397  -7.011  -44.420  59.201 0.0000000000
54662  -30.446  -30.163  54.193 0.0000000000
55720  -32.523  -29.594  53.680 0.0000000000
79626  -40.047  -8.603  36.972 0.0000000000
79625  -39.598  -8.376  36.403 0.0000000000
80594  -40.247  -7.627  36.432 0.0000000000
81562  -40.427  -6.826  35.737 0.0000000000
83482  -41.598  -4.989  34.850 0.0000000000
83486  -42.021  -4.309  33.895 0.0000000000
84505  -42.578  -3.910  34.229 0.0000000000
68412  -33.692  -18.850  44.851 0.0000000000
68434  -34.184  -18.722  43.737 0.0000000000
68453  -34.778  -18.643  42.771 0.0000000000
55788  -18.511  -30.465  49.626 0.0000000000
55773  -18.575  -30.487  50.540 0.0000000000
45131  -8.627  -40.416  60.897 0.0000000000
45146  -8.756  -40.643  60.485 0.0000000000
67154  -31.986  -20.442  49.716 0.0000000000
59042  -20.911  -28.275  46.215 0.0000000000
58001  -23.943  -27.827  46.586 0.0000000000
59045  -23.933  -27.953  45.868 0.0000000000
59057  -24.281  -28.149  45.166 0.0000000000
58016  -25.296  -28.341  44.993 0.0000000000
58030  -26.013  -28.846  44.629 0.0000000000
54785  -29.290  -32.602  48.212 0.0000000000
54796  -28.610  -32.214  47.589 0.0000000000
54813  -29.384  -32.104  46.353 0.0000000000
54830  -29.649  -31.991  45.590 0.0000000000
54814  -30.308  -32.247  46.050 0.0000000000
58969  -23.681  -26.570  53.572 0.0000000000
57910  -24.084  -26.597  52.837 0.0000000000
79675  -36.053  -8.539  31.235 0.0000000000
82595  -41.224  -5.867  25.311 0.0000000000
83500  -45.203  -4.204  30.738 0.0000000000
83505  -44.500  -4.804  30.241 0.0000000000
83528  -47.658  -4.388  27.935 0.0000000000
65110  -29.152  -22.754  40.039 0.0000000000
70581  -36.877  -16.849  39.021 0.0000000000
71651  -37.311  -15.713  38.194 0.0000000000
72616  -37.978  -14.813  38.116 0.0000000000
74593  -38.686  -13.378  37.500 0.0000000000
52531  -15.154  -32.661  54.657 0.0000000000
51414  -12.883  -34.228  55.244 0.0000000000
51436  -12.884  -34.336  54.538 0.0000000000
51435  -12.666  -34.745  54.919 0.0000000000
49431  -11.717  -36.790  53.915 0.0000000000
39586  -7.093  -46.888  57.937 0.0000000000
55822  -32.380  -29.902  47.949 0.0000000000
57952  -32.564  -28.916  50.076 0.0000000000
58978  -33.203  -27.621  52.867 0.0000000000
56860  -26.868  -28.370  50.182 0.0000000000
55778  -28.284  -29.810  50.821 0.0000000000
54755  -28.301  -30.212  50.167 0.0000000000
55793  -28.238  -30.906  49.479 0.0000000000
54707  -30.409  -30.879  52.938 0.0000000000
53649  -30.269  -31.239  52.724 0.0000000000
53680  -29.566  -31.438  51.509 0.0000000000
53651  -30.753  -32.550  52.751 0.0000000000
53681  -29.599  -32.249  51.704 0.0000000000
53697  -29.025  -32.049  51.220 0.0000000000
54758  -28.835  -32.741  50.407 0.0000000000
55806  -32.440  -31.224  47.723 0.0000000000
56818  -27.758  -28.596  53.949 0.0000000000
75606  -33.831  -12.616  33.955 0.0000000000
76619  -34.695  -11.316  34.115 0.0000000000
77598  -35.589  -10.242  34.080 0.0000000000
77608  -35.350  -9.914  33.370 0.0000000000
79638  -39.104  -8.403  35.844 0.0000000000
79647  -38.711  -8.259  34.890 0.0000000000
80611  -39.429  -7.291  34.228 0.0000000000
79658  -38.785  -7.623  33.789 0.0000000000
79657  -38.025  -8.153  33.789 0.0000000000
79656  -37.701  -8.066  33.317 0.0000000000
79665  -36.909  -8.036  32.347 0.0000000000
79676  -36.472  -8.237  31.752 0.0000000000
79688  -37.202  -7.717  31.080 0.0000000000
80636  -37.770  -7.335  30.414 0.0000000000
80637  -38.576  -6.852  30.553 0.0000000000
80646  -38.295  -6.981  29.727 0.0000000000
81605  -38.799  -6.597  29.136 0.0000000000
81609  -38.642  -6.714  28.582 0.0000000000
81610  -39.226  -6.358  28.363 0.0000000000
82565  -41.735  -5.687  30.197 0.0000000000
82554  -41.946  -5.752  30.880 0.0000000000
82550  -43.297  -5.136  30.859 0.0000000000
84513  -42.440  -4.040  33.520 0.0000000000
84514  -43.042  -3.735  33.200 0.0000000000
84515  -43.530  -3.560  32.529 0.0000000000
84518  -43.793  -3.801  31.876 0.0000000000
84519  -44.420  -3.632  31.605 0.0000000000
84528  -44.848  -3.796  31.270 0.0000000000
64045  -29.288  -22.769  43.669 0.0000000000
65069  -29.950  -21.570  44.330 0.0000000000
65068  -29.827  -21.892  43.852 0.0000000000
65078  -29.332  -22.416  42.084 0.0000000000
65090  -29.672  -21.977  41.687 0.0000000000
66119  -30.035  -21.195  41.036 0.0000000000
66121  -31.255  -20.237  39.899 0.0000000000
66130  -31.345  -20.029  39.218 0.0000000000
67311  -34.840  -18.186  38.459 0.0000000000
68510  -35.243  -17.980  38.621 0.0000000000
67274  -35.794  -18.452  39.982 0.0000000000
67276  -37.315  -18.831  40.175 0.0000000000
67288  -36.849  -18.475  39.887 0.0000000000
67287  -36.187  -18.250  39.725 0.0000000000
68501  -36.031  -18.048  39.516 0.0000000000
69591  -36.417  -17.249  39.013 0.0000000000
70564  -37.165  -17.124  39.290 0.0000000000
71626  -38.139  -16.533  39.510 0.0000000000
55759  -18.182  -31.001  50.805 0.0000000000
53660  -18.192  -31.260  52.085 0.0000000000
53678  -17.071  -31.879  50.891 0.0000000000
53659  -17.588  -31.653  51.963 0.0000000000
53645  -17.500  -31.855  52.750 0.0000000000
51485  -14.803  -33.429  50.956 0.0000000000
84579  -47.474  -2.668  24.394 0.0000000000
85609  -46.946  -2.361  23.778 0.0000000000
60901  -30.521  -27.242  45.476 0.0000000000
62998  -29.666  -24.557  46.483 0.0000000000
59027  -32.369  -28.523  48.576 0.0000000000
59033  -32.415  -28.756  48.013 0.0000000000
59946  -31.908  -27.834  48.177 0.0000000000
60886  -31.609  -27.508  48.022 0.0000000000
61926  -31.750  -25.987  50.014 0.0000000000
61935  -31.617  -26.235  49.225 0.0000000000
60877  -31.352  -26.839  48.314 0.0000000000
61959  -30.886  -26.349  47.948 0.0000000000
62977  -30.583  -24.628  48.457 0.0000000000
62986  -29.922  -24.846  46.906 0.0000000000
65052  -30.064  -21.894  45.908 0.0000000000
66073  -30.642  -21.209  46.344 0.0000000000
67190  -32.321  -19.723  45.735 0.0000000000
68346  -32.183  -19.845  48.399 0.0000000000
69469  -33.839  -18.698  48.282 0.0000000000
69484  -33.325  -18.981  47.664 0.0000000000
67179  -32.667  -19.479  46.469 0.0000000000
68390  -33.094  -19.130  45.983 0.0000000000
56873  -26.893  -28.447  49.112 0.0000000000
56900  -26.631  -28.871  47.112 0.0000000000
55803  -27.292  -29.364  47.905 0.0000000000
58031  -26.589  -29.144  45.051 0.0000000000
58045  -26.409  -29.342  44.327 0.0000000000
55832  -28.217  -31.515  47.201 0.0000000000
55847  -28.109  -30.625  46.148 0.0000000000
56829  -19.766  -28.952  53.760 0.0000000000
56840  -19.579  -28.902  52.741 0.0000000000
55775  -19.245  -29.499  50.782 0.0000000000
58977  -22.977  -26.552  52.703 0.0000000000
58976  -21.909  -26.769  52.542 0.0000000000
58987  -20.918  -27.422  51.404 0.0000000000
59017  -20.996  -27.622  50.379 0.0000000000
59003  -20.692  -27.671  50.824 0.0000000000
59002  -20.293  -27.851  51.089 0.0000000000
56858  -19.574  -28.819  50.906 0.0000000000
55790  -19.187  -29.579  50.317 0.0000000000
55802  -18.815  -30.101  49.304 0.0000000000
55801  -18.513  -30.441  48.779 0.0000000000
82590  -40.675  -5.837  26.498 0.0000000000
82568  -44.162  -5.080  29.659 0.0000000000
82576  -43.812  -5.125  29.126 0.0000000000
82581  -43.485  -4.926  28.447 0.0000000000
82582  -44.189  -4.824  28.608 0.0000000000
83532  -43.602  -4.703  27.972 0.0000000000
82600  -42.297  -6.000  24.169 0.0000000000
82601  -43.016  -5.642  23.977 0.0000000000
83559  -45.880  -3.916  24.504 0.0000000000
83560  -46.768  -3.600  24.820 0.0000000000
84567  -48.033  -3.548  25.602 0.0000000000
47267  -10.067  -39.182  56.828 0.0000000000
46208  -9.674  -39.819  57.259 0.0000000000
45207  -9.244  -40.977  56.106 0.0000000000
44185  -9.236  -41.908  55.623 0.0000000000
44193  -9.558  -42.116  54.744 0.0000000000
64085  -28.706  -23.373  40.343 0.0000000000
73636  -33.210  -14.164  34.176 0.0000000000
67325  -32.865  -19.106  36.402 0.0000000000
70596  -35.163  -17.195  37.092 0.0000000000
70613  -35.197  -16.693  36.845 0.0000000000
70611  -33.741  -17.429  36.185 0.0000000000
70610  -33.155  -17.679  35.787 0.0000000000
71659  -33.350  -16.925  35.660 0.0000000000
72623  -33.210  -16.332  35.378 0.0000000000
72634  -33.592  -15.221  35.392 0.0000000000
73625  -33.627  -14.417  35.009 0.0000000000
75609  -36.238  -11.820  35.372 0.0000000000
75594  -36.714  -12.300  35.864 0.0000000000
76608  -36.772  -11.425  35.480 0.0000000000
75584  -38.891  -12.360  36.991 0.0000000000
48334  -10.617  -38.015  58.138 0.0000000000
49370  -10.800  -37.010  58.329 0.0000000000
47257  -10.442  -38.356  57.586 0.0000000000
47282  -10.220  -39.228  55.868 0.0000000000
46262  -10.410  -40.935  53.945 0.0000000000
46305  -11.413  -39.725  52.548 0.0000000000
46197  -9.521  -39.848  58.008 0.0000000000
45184  -9.060  -40.273  58.397 0.0000000000
45169  -8.964  -40.126  59.077 0.0000000000
45182  -8.686  -41.561  57.478 0.0000000000
44161  -8.584  -41.382  58.660 0.0000000000
44147  -8.598  -40.894  59.997 0.0000000000
44138  -8.457  -41.180  60.222 0.0000000000
42347  -8.469  -44.601  57.048 0.0000000000
42340  -8.115  -43.342  57.836 0.0000000000
42333  -8.004  -43.001  58.244 0.0000000000
43232  -8.274  -42.087  59.256 0.0000000000
44137  -8.132  -41.485  60.093 0.0000000000
43217  -7.388  -41.778  60.632 0.0000000000
43216  -7.266  -41.989  60.825 0.0000000000
44135  -6.896  -42.078  60.620 0.0000000000
39585  -6.296  -47.152  58.175 0.0000000000
40471  -6.028  -46.795  58.751 0.0000000000
40462  -5.846  -45.981  58.991 0.0000000000
41403  -5.915  -45.510  58.900 0.0000000000
42329  -6.057  -44.346  58.672 0.0000000000
40472  -7.316  -46.245  58.683 0.0000000000
41396  -6.783  -44.418  59.161 0.0000000000
43221  -6.919  -42.233  60.288 0.0000000000
43224  -7.897  -42.012  59.741 0.0000000000
44169  -8.808  -41.668  56.919 0.0000000000
44176  -8.815  -42.378  56.629 0.0000000000
45145  -7.117  -41.850  61.804 0.0000000000
45168  -8.702  -40.733  58.932 0.0000000000
45195  -8.750  -41.613  57.144 0.0000000000
46160  -9.176  -39.615  60.280 0.0000000000
47268  -10.325  -38.575  57.165 0.0000000000
47311  -10.587  -39.271  54.368 0.0000000000
52597  -16.718  -32.204  51.092 0.0000000000
53637  -30.351  -31.307  53.065 0.0000000000
53648  -30.285  -30.941  52.396 0.0000000000
53663  -29.981  -30.941  51.905 0.0000000000
53664  -29.853  -31.652  52.203 0.0000000000
53665  -30.082  -32.560  52.274 0.0000000000
53666  -30.996  -32.839  52.142 0.0000000000
53693  -16.288  -32.908  49.987 0.0000000000
53696  -29.190  -31.337  50.975 0.0000000000
53708  -16.318  -33.050  49.577 0.0000000000
54687  -19.039  -30.940  53.187 0.0000000000
54691  -30.133  -30.652  53.180 0.0000000000
54692  -30.520  -31.016  53.121 0.0000000000
54704  -29.097  -30.165  51.952 0.0000000000
54708  -30.858  -32.236  53.206 0.0000000000
54722  -18.784  -30.515  51.667 0.0000000000
54725  -29.739  -30.621  52.070 0.0000000000
54739  -18.788  -30.324  51.079 0.0000000000
54740  -28.336  -30.062  50.382 0.0000000000
55760  -18.453  -30.774  51.016 0.0000000000
55762  -19.253  -29.533  51.530 0.0000000000
55765  -28.444  -29.785  51.273 0.0000000000
55772  -18.058  -30.903  50.037 0.0000000000
55816  -27.239  -29.335  47.428 0.0000000000
56915  -27.874  -29.893  46.575 0.0000000000
57893  -26.120  -27.153  53.965 0.0000000000
57917  -20.253  -27.881  51.504 0.0000000000
57919  -22.596  -26.674  51.401 0.0000000000
57931  -20.195  -27.941  51.292 0.0000000000
57932  -20.022  -28.119  51.114 0.0000000000
57980  -19.079  -29.392  47.171 0.0000000000
57986  -25.778  -28.374  46.714 0.0000000000
58018  -26.608  -29.122  45.564 0.0000000000
58986  -20.401  -27.772  51.301 0.0000000000
58989  -22.563  -26.642  52.115 0.0000000000
59018  -21.243  -27.498  50.497 0.0000000000
61972  -30.158  -26.036  46.614 0.0000000000
63020  -28.476  -24.966  43.256 0.0000000000
66049  -31.592  -20.942  49.608 0.0000000000
66063  -30.586  -21.383  46.774 0.0000000000
68326  -32.148  -19.901  48.869 0.0000000000
68369  -32.940  -19.221  47.080 0.0000000000
68389  -32.726  -19.411  45.614 0.0000000000
68432  -32.071  -19.253  43.018 0.0000000000
68465  -32.714  -19.267  41.615 0.0000000000
68503  -37.376  -18.580  39.647 0.0000000000
68512  -36.036  -17.990  39.255 0.0000000000
69468  -33.360  -18.974  48.328 0.0000000000
69580  -37.027  -16.933  39.187 0.0000000000
69618  -32.809  -18.182  35.616 0.0000000000
70595  -34.767  -17.524  36.913 0.0000000000
71625  -37.358  -16.784  39.272 0.0000000000
77591  -37.534  -10.484  35.427 0.0000000000
78681  -36.328  -8.578  32.738 0.0000000000
80614  -39.510  -6.909  33.312 0.0000000000
80624  -38.280  -7.116  31.597 0.0000000000
80634  -39.943  -6.557  31.676 0.0000000000
81572  -39.911  -6.667  33.226 0.0000000000
81573  -40.420  -6.289  33.109 0.0000000000
81597  -41.269  -6.022  30.788 0.0000000000
81618  -40.606  -5.965  26.165 0.0000000000
82526  -40.481  -6.481  35.303 0.0000000000
82542  -41.824  -5.518  32.054 0.0000000000
82583  -44.611  -4.757  28.694 0.0000000000
83485  -41.619  -4.848  34.303 0.0000000000
83541  -43.744  -4.607  27.682 0.0000000000
83561  -47.167  -3.431  24.840 0.0000000000
84517  -43.192  -3.930  32.290 0.0000000000
84527  -44.171  -4.076  31.405 0.0000000000
85533  -43.737  -2.981  33.876 0.0000000000
85569  -44.801  -3.397  31.610 0.0000000000
