#!ascii label  , from subject bert vox2ras=TkReg
321
81202  -22.060  -7.359  -25.676 0.0000000000
78242  -19.010  -10.530  -22.079 0.0000000000
76251  -24.259  -12.292  -23.970 0.0000000000
73240  -21.566  -15.875  -22.173 0.0000000000
94657  -21.529  5.981  -24.351 0.0000000000
90935  -22.623  2.108  -25.338 0.0000000000
86126  -19.146  -2.397  -25.397 0.0000000000
70219  -20.988  -18.207  -19.278 0.0000000000
75226  -20.790  -13.774  -22.455 0.0000000000
74216  -19.369  -14.692  -20.816 0.0000000000
92739  -21.885  4.500  -24.925 0.0000000000
90944  -19.422  2.523  -26.577 0.0000000000
81182  -19.562  -6.792  -23.723 0.0000000000
84042  -18.518  -4.342  -23.076 0.0000000000
84074  -20.113  -4.503  -25.718 0.0000000000
86144  -21.876  -2.509  -26.766 0.0000000000
83136  -23.093  -5.400  -26.327 0.0000000000
81185  -24.082  -7.693  -25.158 0.0000000000
80187  -18.437  -8.121  -21.824 0.0000000000
79252  -20.728  -9.439  -24.188 0.0000000000
79268  -22.604  -9.548  -25.292 0.0000000000
77211  -21.684  -12.093  -23.686 0.0000000000
74238  -22.959  -14.394  -22.842 0.0000000000
73242  -23.489  -15.519  -21.605 0.0000000000
89047  -17.488  0.583  -23.985 0.0000000000
89101  -20.746  -0.257  -27.480 0.0000000000
88127  -23.612  -0.490  -25.037 0.0000000000
73208  -18.990  -16.139  -19.016 0.0000000000
71278  -21.102  -17.608  -20.717 0.0000000000
75217  -18.912  -13.573  -20.499 0.0000000000
74215  -18.919  -14.294  -20.013 0.0000000000
91860  -18.994  3.459  -26.355 0.0000000000
90932  -18.051  2.577  -25.125 0.0000000000
81200  -20.534  -7.013  -25.221 0.0000000000
82157  -19.632  -5.966  -24.884 0.0000000000
82159  -20.842  -6.441  -25.777 0.0000000000
83145  -21.616  -5.047  -26.803 0.0000000000
82161  -22.543  -6.545  -26.117 0.0000000000
82162  -23.418  -6.540  -25.815 0.0000000000
81203  -22.826  -7.376  -25.679 0.0000000000
79230  -18.688  -9.895  -21.833 0.0000000000
80189  -19.658  -8.843  -22.825 0.0000000000
79241  -20.069  -9.479  -23.071 0.0000000000
78260  -21.171  -10.540  -24.151 0.0000000000
77209  -20.394  -11.412  -22.800 0.0000000000
74226  -20.610  -14.671  -22.263 0.0000000000
75234  -21.535  -13.687  -22.841 0.0000000000
73250  -21.812  -15.132  -22.490 0.0000000000
74228  -23.670  -14.728  -22.089 0.0000000000
73241  -22.427  -15.528  -21.937 0.0000000000
94655  -19.837  6.141  -25.129 0.0000000000
95547  -19.187  7.683  -24.160 0.0000000000
95549  -21.473  7.463  -23.441 0.0000000000
96522  -23.024  8.331  -22.720 0.0000000000
93666  -22.943  5.901  -23.915 0.0000000000
90919  -22.454  3.171  -25.133 0.0000000000
85077  -18.680  -3.467  -24.466 0.0000000000
87135  -17.876  -1.528  -23.903 0.0000000000
88123  -18.534  -0.455  -25.270 0.0000000000
88139  -18.771  -0.105  -25.966 0.0000000000
87181  -19.864  -0.869  -26.927 0.0000000000
86128  -23.160  -2.468  -25.818 0.0000000000
87155  -22.782  -1.596  -26.038 0.0000000000
87136  -24.218  -1.893  -24.697 0.0000000000
77232  -23.381  -10.842  -24.950 0.0000000000
78275  -24.529  -10.252  -24.771 0.0000000000
71256  -19.499  -17.715  -18.412 0.0000000000
71268  -20.185  -17.742  -19.603 0.0000000000
72228  -19.936  -17.241  -20.220 0.0000000000
71269  -21.055  -17.774  -19.872 0.0000000000
77201  -18.944  -11.371  -21.581 0.0000000000
76230  -20.202  -12.622  -22.338 0.0000000000
76223  -19.682  -13.205  -21.774 0.0000000000
74225  -19.952  -14.750  -21.695 0.0000000000
73239  -20.590  -15.721  -22.058 0.0000000000
93688  -20.539  5.572  -25.188 0.0000000000
93690  -22.333  5.473  -24.339 0.0000000000
92752  -21.019  4.394  -25.657 0.0000000000
91849  -20.872  3.795  -26.251 0.0000000000
90933  -21.448  2.553  -26.287 0.0000000000
82125  -18.824  -6.575  -22.693 0.0000000000
83108  -19.119  -5.394  -23.993 0.0000000000
84056  -19.360  -4.440  -24.963 0.0000000000
85097  -19.821  -3.420  -25.859 0.0000000000
86142  -20.469  -2.172  -26.930 0.0000000000
84093  -21.153  -4.291  -26.870 0.0000000000
84095  -22.557  -4.242  -26.530 0.0000000000
84076  -23.799  -4.497  -25.821 0.0000000000
83118  -24.876  -5.592  -24.916 0.0000000000
69169  -22.338  -19.252  -18.562 0.0000000000
70211  -22.686  -18.554  -19.044 0.0000000000
81173  -19.262  -7.144  -23.035 0.0000000000
81174  -19.722  -7.410  -23.562 0.0000000000
80213  -21.075  -8.331  -25.117 0.0000000000
79282  -22.470  -8.789  -25.351 0.0000000000
79253  -21.339  -9.975  -24.561 0.0000000000
78262  -22.440  -11.084  -24.723 0.0000000000
76249  -22.693  -12.516  -24.186 0.0000000000
76239  -21.390  -12.647  -23.140 0.0000000000
75235  -22.391  -13.457  -23.496 0.0000000000
75246  -23.161  -13.162  -24.047 0.0000000000
74239  -23.924  -14.138  -22.720 0.0000000000
74229  -24.587  -14.454  -21.941 0.0000000000
92718  -23.367  5.318  -23.883 0.0000000000
90010  -18.476  1.372  -25.597 0.0000000000
90024  -19.847  1.558  -26.797 0.0000000000
90027  -21.948  1.190  -26.233 0.0000000000
87170  -21.202  -1.397  -27.581 0.0000000000
88125  -22.262  -0.747  -26.532 0.0000000000
89065  -23.361  0.341  -25.220 0.0000000000
79284  -23.725  -8.936  -25.185 0.0000000000
80215  -25.071  -8.450  -24.662 0.0000000000
74205  -18.681  -14.659  -19.255 0.0000000000
73220  -19.148  -15.770  -19.693 0.0000000000
72246  -19.876  -16.364  -21.006 0.0000000000
72248  -21.241  -16.769  -21.890 0.0000000000
70221  -22.279  -18.065  -19.555 0.0000000000
71280  -22.747  -17.170  -20.439 0.0000000000
72249  -22.228  -16.469  -21.581 0.0000000000
90918  -17.422  2.599  -24.188 0.0000000000
81201  -21.205  -7.389  -25.487 0.0000000000
82160  -21.664  -6.567  -26.045 0.0000000000
79240  -19.155  -9.432  -22.335 0.0000000000
78250  -19.789  -10.468  -22.646 0.0000000000
73249  -21.141  -15.249  -22.444 0.0000000000
94656  -20.700  6.084  -24.666 0.0000000000
94635  -21.026  6.700  -24.043 0.0000000000
95550  -22.614  7.391  -23.295 0.0000000000
94637  -23.238  6.578  -23.599 0.0000000000
90920  -23.006  2.678  -24.886 0.0000000000
91837  -23.498  3.637  -24.298 0.0000000000
89999  -23.685  1.908  -24.605 0.0000000000
86108  -18.723  -2.979  -24.893 0.0000000000
86107  -18.396  -2.464  -24.438 0.0000000000
86125  -18.758  -1.902  -24.956 0.0000000000
87152  -18.444  -1.369  -24.674 0.0000000000
87153  -18.980  -1.331  -25.381 0.0000000000
88124  -19.027  -0.669  -25.886 0.0000000000
87168  -19.556  -1.248  -26.347 0.0000000000
86129  -23.878  -2.603  -25.272 0.0000000000
77221  -24.048  -11.689  -24.491 0.0000000000
77233  -23.922  -10.993  -24.884 0.0000000000
70209  -20.877  -18.747  -18.850 0.0000000000
70208  -20.132  -18.656  -18.571 0.0000000000
70218  -20.452  -18.220  -19.013 0.0000000000
71257  -19.983  -17.949  -18.946 0.0000000000
76222  -19.093  -12.558  -21.283 0.0000000000
75218  -19.465  -13.783  -21.382 0.0000000000
73238  -19.917  -15.654  -21.318 0.0000000000
93706  -19.084  5.476  -25.874 0.0000000000
93707  -20.077  5.185  -25.809 0.0000000000
93717  -19.589  4.786  -26.230 0.0000000000
91861  -19.699  3.434  -26.684 0.0000000000
91862  -20.428  3.460  -26.631 0.0000000000
91863  -21.045  3.193  -26.460 0.0000000000
90946  -20.837  2.481  -26.692 0.0000000000
82131  -19.107  -6.185  -23.381 0.0000000000
83132  -19.812  -5.358  -25.255 0.0000000000
85098  -20.321  -3.939  -26.147 0.0000000000
84075  -20.594  -4.448  -26.372 0.0000000000
83146  -22.372  -4.927  -26.696 0.0000000000
83147  -22.799  -4.742  -26.506 0.0000000000
84096  -23.114  -4.352  -26.279 0.0000000000
84077  -24.568  -4.589  -25.134 0.0000000000
83137  -24.055  -5.569  -25.618 0.0000000000
82141  -24.278  -6.711  -25.208 0.0000000000
81186  -24.778  -7.529  -24.805 0.0000000000
67994  -22.164  -19.783  -18.316 0.0000000000
69157  -22.887  -19.766  -18.129 0.0000000000
81166  -18.651  -7.269  -22.306 0.0000000000
80200  -19.984  -8.311  -23.525 0.0000000000
80212  -20.573  -8.304  -24.511 0.0000000000
79266  -21.022  -8.843  -24.714 0.0000000000
77218  -21.543  -11.099  -24.216 0.0000000000
77219  -22.047  -11.653  -24.253 0.0000000000
76231  -21.008  -13.185  -22.648 0.0000000000
74237  -22.074  -14.387  -22.832 0.0000000000
75236  -23.421  -13.725  -23.489 0.0000000000
73243  -24.493  -15.193  -21.520 0.0000000000
73244  -25.242  -14.858  -21.449 0.0000000000
93691  -23.081  5.446  -23.986 0.0000000000
92740  -23.063  4.718  -24.195 0.0000000000
89034  -16.650  0.568  -22.947 0.0000000000
89998  -17.794  1.543  -24.599 0.0000000000
89048  -18.093  0.475  -24.938 0.0000000000
89099  -19.936  0.049  -27.205 0.0000000000
89082  -19.532  0.542  -26.802 0.0000000000
89083  -20.212  0.668  -27.128 0.0000000000
90026  -21.328  1.492  -26.639 0.0000000000
89085  -21.742  0.362  -26.665 0.0000000000
86143  -21.187  -2.393  -27.274 0.0000000000
86161  -20.800  -1.801  -27.462 0.0000000000
88126  -22.977  -0.580  -25.640 0.0000000000
89064  -22.551  0.533  -25.931 0.0000000000
89066  -24.033  0.103  -24.768 0.0000000000
79283  -23.132  -8.911  -25.303 0.0000000000
79269  -23.388  -9.623  -25.255 0.0000000000
79270  -24.267  -9.361  -24.961 0.0000000000
73219  -18.727  -15.425  -18.887 0.0000000000
71277  -20.494  -17.540  -20.301 0.0000000000
72237  -20.251  -17.119  -20.888 0.0000000000
72247  -20.392  -16.541  -21.518 0.0000000000
71285  -21.391  -17.273  -21.271 0.0000000000
72239  -22.385  -16.975  -21.003 0.0000000000
92762  -18.751  4.304  -25.995 0.0000000000
91848  -18.351  3.562  -25.611 0.0000000000
90943  -18.710  2.519  -26.030 0.0000000000
81183  -20.059  -7.147  -24.422 0.0000000000
82139  -19.508  -6.188  -24.271 0.0000000000
82158  -20.084  -6.298  -25.248 0.0000000000
83133  -20.479  -5.435  -25.965 0.0000000000
83144  -20.950  -5.046  -26.618 0.0000000000
83134  -21.244  -5.772  -26.402 0.0000000000
83135  -22.105  -5.782  -26.587 0.0000000000
81204  -23.533  -7.474  -25.438 0.0000000000
79229  -18.339  -9.194  -21.426 0.0000000000
79239  -18.772  -8.742  -22.041 0.0000000000
78251  -20.554  -10.485  -23.405 0.0000000000
77210  -21.211  -11.505  -23.562 0.0000000000
74236  -21.321  -14.525  -22.606 0.0000000000
73251  -22.415  -14.909  -22.499 0.0000000000
74227  -22.924  -14.961  -22.153 0.0000000000
95563  -19.269  6.775  -24.603 0.0000000000
95548  -20.312  7.626  -23.730 0.0000000000
94638  -24.151  6.610  -23.288 0.0000000000
91836  -22.659  3.732  -24.788 0.0000000000
87123  -17.472  -1.418  -23.167 0.0000000000
88089  -17.509  -0.864  -23.508 0.0000000000
88105  -17.874  -0.496  -24.273 0.0000000000
89063  -18.532  0.365  -25.647 0.0000000000
88140  -19.196  -0.227  -26.423 0.0000000000
88153  -20.093  -0.540  -27.205 0.0000000000
86127  -22.539  -2.484  -26.340 0.0000000000
87154  -22.249  -1.789  -26.597 0.0000000000
87156  -23.498  -1.505  -25.215 0.0000000000
78273  -22.823  -10.477  -25.058 0.0000000000
78274  -23.734  -10.305  -25.119 0.0000000000
71267  -19.590  -17.447  -19.084 0.0000000000
72227  -19.411  -16.870  -19.588 0.0000000000
77202  -19.579  -11.424  -22.260 0.0000000000
76229  -19.420  -12.006  -21.886 0.0000000000
75225  -20.067  -13.825  -22.036 0.0000000000
94654  -18.891  6.307  -25.134 0.0000000000
93689  -21.299  5.349  -24.861 0.0000000000
92738  -21.246  4.824  -25.198 0.0000000000
92764  -19.915  4.211  -26.580 0.0000000000
92751  -20.393  4.325  -26.290 0.0000000000
92753  -21.549  3.968  -25.393 0.0000000000
91850  -21.440  3.463  -25.878 0.0000000000
90934  -22.134  2.646  -25.583 0.0000000000
90011  -21.809  1.906  -26.090 0.0000000000
84043  -18.812  -4.416  -24.066 0.0000000000
83117  -19.405  -5.391  -24.639 0.0000000000
84044  -19.168  -4.914  -24.408 0.0000000000
84055  -18.984  -3.942  -24.615 0.0000000000
85078  -19.071  -3.459  -25.052 0.0000000000
86141  -19.910  -2.295  -26.259 0.0000000000
85117  -20.235  -2.820  -26.435 0.0000000000
85118  -20.635  -3.384  -26.674 0.0000000000
85119  -21.507  -3.387  -26.886 0.0000000000
84094  -21.912  -4.231  -26.756 0.0000000000
85120  -22.287  -3.397  -26.532 0.0000000000
85099  -22.858  -3.116  -26.183 0.0000000000
85100  -23.434  -3.478  -25.876 0.0000000000
85101  -24.249  -3.585  -25.265 0.0000000000
69168  -21.407  -19.435  -18.548 0.0000000000
70210  -21.661  -18.731  -18.965 0.0000000000
80188  -19.244  -8.182  -22.565 0.0000000000
80199  -19.595  -7.741  -23.145 0.0000000000
81184  -20.624  -7.676  -25.019 0.0000000000
80233  -21.732  -8.194  -25.373 0.0000000000
79281  -22.054  -8.611  -25.355 0.0000000000
79267  -21.674  -9.268  -25.058 0.0000000000
78272  -22.196  -10.026  -25.178 0.0000000000
78261  -21.857  -10.566  -24.735 0.0000000000
77220  -23.091  -11.517  -24.700 0.0000000000
76250  -23.513  -12.439  -24.314 0.0000000000
76238  -20.865  -12.025  -22.874 0.0000000000
76240  -22.049  -12.503  -23.777 0.0000000000
75247  -23.855  -13.054  -23.846 0.0000000000
75237  -24.210  -13.436  -23.138 0.0000000000
93667  -23.622  5.827  -23.761 0.0000000000
92719  -23.847  5.139  -23.703 0.0000000000
90023  -19.161  1.523  -26.379 0.0000000000
89081  -18.904  0.577  -26.215 0.0000000000
90025  -20.556  1.511  -26.881 0.0000000000
90012  -22.348  1.643  -25.734 0.0000000000
87169  -20.076  -1.734  -26.650 0.0000000000
87183  -20.708  -1.242  -27.514 0.0000000000
88141  -20.971  -0.620  -27.620 0.0000000000
88142  -21.538  -0.597  -27.265 0.0000000000
90013  -23.065  1.460  -25.200 0.0000000000
90014  -23.900  0.990  -24.664 0.0000000000
80234  -22.362  -8.085  -25.429 0.0000000000
80235  -22.988  -8.161  -25.388 0.0000000000
80236  -23.602  -8.276  -25.225 0.0000000000
80214  -24.237  -8.393  -24.995 0.0000000000
74206  -19.161  -15.010  -20.054 0.0000000000
72236  -19.653  -16.545  -20.373 0.0000000000
73230  -19.515  -15.687  -20.562 0.0000000000
70220  -21.737  -18.170  -19.452 0.0000000000
71270  -21.829  -17.742  -19.976 0.0000000000
71271  -22.914  -17.767  -19.693 0.0000000000
71279  -22.007  -17.386  -20.665 0.0000000000
71286  -21.846  -17.047  -21.359 0.0000000000
72250  -22.981  -16.098  -21.451 0.0000000000
72238  -20.826  -17.213  -21.395 0.0000000000
82140  -19.782  -6.415  -24.738 0.0000000000
85121  -22.858  -3.724  -26.300 0.0000000000
86160  -20.561  -1.627  -27.300 0.0000000000
87171  -21.748  -1.585  -27.103 0.0000000000
87182  -20.221  -1.272  -27.088 0.0000000000
88152  -19.658  -0.390  -26.889 0.0000000000
88154  -20.528  -0.668  -27.443 0.0000000000
89084  -20.979  0.354  -27.311 0.0000000000
89100  -20.419  -0.062  -27.368 0.0000000000
90945  -20.138  2.519  -26.772 0.0000000000
91851  -22.008  3.580  -25.266 0.0000000000
92763  -19.341  4.204  -26.402 0.0000000000
93708  -20.826  5.071  -25.359 0.0000000000
93718  -19.998  4.677  -26.322 0.0000000000
