#!ascii label  , from subject bert vox2ras=TkReg
820
73220  -19.148  -15.770  -19.693 0.5555555820
73230  -19.515  -15.687  -20.562 0.6666666865
74225  -19.952  -14.750  -21.695 0.7777777910
73239  -20.590  -15.721  -22.058 0.7777777910
75226  -20.790  -13.774  -22.455 0.8888888955
74237  -22.074  -14.387  -22.832 0.8888888955
73219  -18.727  -15.425  -18.887 0.5555555820
74206  -19.161  -15.010  -20.054 0.5555555820
74216  -19.369  -14.692  -20.816 0.6666666865
75218  -19.465  -13.783  -21.382 0.8888888955
74226  -20.610  -14.671  -22.263 0.8888888955
76239  -21.390  -12.647  -23.140 1.0000000000
75235  -22.391  -13.457  -23.496 0.8888888955
76249  -22.693  -12.516  -24.186 1.0000000000
75217  -18.912  -13.573  -20.499 0.7777777910
76222  -19.093  -12.558  -21.283 1.0000000000
77201  -18.944  -11.371  -21.581 1.0000000000
76230  -20.202  -12.622  -22.338 1.0000000000
77209  -20.394  -11.412  -22.800 1.0000000000
77202  -19.579  -11.424  -22.260 1.0000000000
77210  -21.211  -11.505  -23.562 1.0000000000
78250  -19.789  -10.468  -22.646 1.0000000000
78251  -20.554  -10.485  -23.405 1.0000000000
77218  -21.543  -11.099  -24.216 1.0000000000
78262  -22.440  -11.084  -24.723 1.0000000000
78260  -21.171  -10.540  -24.151 1.0000000000
78272  -22.196  -10.026  -25.178 1.0000000000
79268  -22.604  -9.548  -25.292 0.7777777910
79230  -18.688  -9.895  -21.833 0.8888888955
78242  -19.010  -10.530  -22.079 1.0000000000
79240  -19.155  -9.432  -22.335 1.0000000000
79241  -20.069  -9.479  -23.071 1.0000000000
79252  -20.728  -9.439  -24.188 1.0000000000
79253  -21.339  -9.975  -24.561 1.0000000000
79267  -21.674  -9.268  -25.058 1.0000000000
79269  -23.388  -9.623  -25.255 0.8888888955
79283  -23.132  -8.911  -25.303 1.0000000000
79284  -23.725  -8.936  -25.185 0.7777777910
80214  -24.237  -8.393  -24.995 0.7777777910
80187  -18.437  -8.121  -21.824 0.5555555820
81173  -19.262  -7.144  -23.035 0.7777777910
80188  -19.244  -8.182  -22.565 0.8888888955
80200  -19.984  -8.311  -23.525 1.0000000000
81174  -19.722  -7.410  -23.562 0.8888888955
80212  -20.573  -8.304  -24.511 1.0000000000
80213  -21.075  -8.331  -25.117 1.0000000000
80233  -21.732  -8.194  -25.373 1.0000000000
80234  -22.362  -8.085  -25.429 0.8888888955
81202  -22.060  -7.359  -25.676 1.0000000000
81203  -22.826  -7.376  -25.679 0.8888888955
82141  -24.278  -6.711  -25.208 0.7777777910
81186  -24.778  -7.529  -24.805 0.6666666865
82124  -18.350  -6.345  -22.039 0.4444444478
82125  -18.824  -6.575  -22.693 0.7777777910
82131  -19.107  -6.185  -23.381 0.6666666865
82139  -19.508  -6.188  -24.271 0.7777777910
81183  -20.059  -7.147  -24.422 0.8888888955
81200  -20.534  -7.013  -25.221 0.8888888955
82159  -20.842  -6.441  -25.777 1.0000000000
82160  -21.664  -6.567  -26.045 1.0000000000
82161  -22.543  -6.545  -26.117 0.8888888955
82162  -23.418  -6.540  -25.815 0.7777777910
82142  -25.287  -6.512  -24.694 0.5555555820
83137  -24.055  -5.569  -25.618 0.7777777910
83118  -24.876  -5.592  -24.916 0.6666666865
84043  -18.812  -4.416  -24.066 0.6666666865
83107  -18.727  -5.280  -23.206 0.6666666865
83117  -19.405  -5.391  -24.639 0.7777777910
84044  -19.168  -4.914  -24.408 0.7777777910
82157  -19.632  -5.966  -24.884 0.8888888955
82158  -20.084  -6.298  -25.248 0.8888888955
83132  -19.812  -5.358  -25.255 1.0000000000
83133  -20.479  -5.435  -25.965 1.0000000000
83134  -21.244  -5.772  -26.402 1.0000000000
83146  -22.372  -4.927  -26.696 0.8888888955
83136  -23.093  -5.400  -26.327 0.8888888955
83147  -22.799  -4.742  -26.506 0.7777777910
84076  -23.799  -4.497  -25.821 0.7777777910
84042  -18.518  -4.342  -23.076 0.6666666865
84056  -19.360  -4.440  -24.963 0.8888888955
84074  -20.113  -4.503  -25.718 0.8888888955
84093  -21.153  -4.291  -26.870 1.0000000000
83145  -21.616  -5.047  -26.803 0.8888888955
84096  -23.114  -4.352  -26.279 0.7777777910
85100  -23.434  -3.478  -25.876 0.7777777910
84077  -24.568  -4.589  -25.134 0.6666666865
85079  -25.068  -3.652  -24.660 0.5555555820
84057  -25.466  -4.611  -24.635 0.5555555820
85061  -18.361  -3.447  -23.671 0.7777777910
84055  -18.984  -3.942  -24.615 0.8888888955
85097  -19.821  -3.420  -25.859 1.0000000000
85098  -20.321  -3.939  -26.147 1.0000000000
85119  -21.507  -3.387  -26.886 0.8888888955
84094  -21.912  -4.231  -26.756 0.8888888955
86144  -21.876  -2.509  -26.766 0.8888888955
84095  -22.557  -4.242  -26.530 0.8888888955
86128  -23.160  -2.468  -25.818 0.7777777910
86129  -23.878  -2.603  -25.272 0.7777777910
87155  -22.782  -1.596  -26.038 0.7777777910
87136  -24.218  -1.893  -24.697 0.5555555820
86110  -25.598  -2.699  -24.283 0.5555555820
87122  -17.354  -1.559  -22.350 0.4444444478
86090  -17.864  -2.391  -23.199 0.5555555820
86125  -18.758  -1.902  -24.956 0.7777777910
86126  -19.146  -2.397  -25.397 1.0000000000
86108  -18.723  -2.979  -24.893 0.8888888955
86141  -19.910  -2.295  -26.259 1.0000000000
86142  -20.469  -2.172  -26.930 0.8888888955
86161  -20.800  -1.801  -27.462 0.8888888955
86143  -21.187  -2.393  -27.274 0.8888888955
87154  -22.249  -1.789  -26.597 0.8888888955
87156  -23.498  -1.505  -25.215 0.6666666865
87137  -25.070  -1.750  -24.325 0.5555555820
89047  -17.488  0.583  -23.985 0.6666666865
88089  -17.509  -0.864  -23.508 0.6666666865
88123  -18.534  -0.455  -25.270 0.7777777910
87181  -19.864  -0.869  -26.927 0.8888888955
88140  -19.196  -0.227  -26.423 0.7777777910
88153  -20.093  -0.540  -27.205 0.7777777910
87183  -20.708  -1.242  -27.514 0.8888888955
89101  -20.746  -0.257  -27.480 0.7777777910
87170  -21.202  -1.397  -27.581 0.8888888955
88142  -21.538  -0.597  -27.265 0.7777777910
88125  -22.262  -0.747  -26.532 0.7777777910
90027  -21.948  1.190  -26.233 0.6666666865
89064  -22.551  0.533  -25.931 0.6666666865
88126  -22.977  -0.580  -25.640 0.6666666865
90013  -23.065  1.460  -25.200 0.6666666865
89065  -23.361  0.341  -25.220 0.5555555820
89066  -24.033  0.103  -24.768 0.5555555820
88106  -24.390  -0.816  -24.591 0.4444444478
90014  -23.900  0.990  -24.664 0.5555555820
90917  -16.749  2.686  -23.422 0.3333333433
89985  -16.487  1.778  -22.799 0.3333333433
89998  -17.794  1.543  -24.599 0.5555555820
89048  -18.093  0.475  -24.938 0.6666666865
90932  -18.051  2.577  -25.125 0.5555555820
89081  -18.904  0.577  -26.215 0.7777777910
89082  -19.532  0.542  -26.802 0.7777777910
90024  -19.847  1.558  -26.797 0.6666666865
89083  -20.212  0.668  -27.128 0.6666666865
90026  -21.328  1.492  -26.639 0.6666666865
90011  -21.809  1.906  -26.090 0.6666666865
90935  -22.623  2.108  -25.338 0.6666666865
90000  -24.583  1.735  -24.302 0.5555555820
89999  -23.685  1.908  -24.605 0.6666666865
91834  -17.076  3.271  -23.852 0.4444444478
91822  -16.725  3.937  -23.161 0.4444444478
90918  -17.422  2.599  -24.188 0.4444444478
91835  -17.565  3.769  -24.465 0.5555555820
90943  -18.710  2.519  -26.030 0.6666666865
90023  -19.161  1.523  -26.379 0.6666666865
90944  -19.422  2.523  -26.577 0.6666666865
90025  -20.556  1.511  -26.881 0.6666666865
90933  -21.448  2.553  -26.287 0.6666666865
90934  -22.134  2.646  -25.583 0.6666666865
91837  -23.498  3.637  -24.298 0.6666666865
90921  -24.044  2.721  -24.293 0.5555555820
91860  -18.994  3.459  -26.355 0.6666666865
91861  -19.699  3.434  -26.684 0.6666666865
91862  -20.428  3.460  -26.631 0.6666666865
90946  -20.837  2.481  -26.692 0.6666666865
90919  -22.454  3.171  -25.133 0.6666666865
75225  -20.067  -13.825  -22.036 0.8888888955
76229  -19.420  -12.006  -21.886 1.0000000000
76240  -22.049  -12.503  -23.777 1.0000000000
83102  -18.567  -5.607  -22.480 0.5555555820
83135  -22.105  -5.782  -26.587 0.8888888955
87123  -17.472  -1.418  -23.167 0.5555555820
85077  -18.680  -3.467  -24.466 0.7777777910
85117  -20.235  -2.820  -26.435 1.0000000000
86127  -22.539  -2.484  -26.340 0.8888888955
88127  -23.612  -0.490  -25.037 0.6666666865
89099  -19.936  0.049  -27.205 0.7777777910
92762  -18.751  4.304  -25.995 0.6666666865
83106  -18.523  -5.016  -22.577 0.4444444478
90922  -25.122  2.761  -23.722 0.5555555820
72227  -19.411  -16.870  -19.588 0.5555555820
72228  -19.936  -17.241  -20.220 0.5555555820
73238  -19.917  -15.654  -21.318 0.5555555820
72247  -20.392  -16.541  -21.518 0.5555555820
73250  -21.812  -15.132  -22.490 0.7777777910
73208  -18.990  -16.139  -19.016 0.5555555820
73249  -21.141  -15.249  -22.444 0.6666666865
74238  -22.959  -14.394  -22.842 0.7777777910
75236  -23.421  -13.725  -23.489 0.7777777910
73207  -18.518  -15.829  -18.252 0.4444444478
75202  -18.161  -13.815  -18.468 0.5555555820
76216  -18.504  -12.493  -19.902 0.2222222239
77232  -23.381  -10.842  -24.950 0.8888888955
78274  -23.734  -10.305  -25.119 0.6666666865
79270  -24.267  -9.361  -24.961 0.7777777910
77195  -18.426  -11.208  -20.441 0.5555555820
80215  -25.071  -8.450  -24.662 0.6666666865
79214  -17.765  -8.960  -20.487 0.4444444478
81187  -25.934  -7.367  -24.510 0.5555555820
81159  -17.512  -7.114  -20.895 0.2222222239
83101  -18.423  -5.435  -21.847 0.4444444478
83119  -25.832  -5.531  -24.567 0.5555555820
85044  -18.785  -3.624  -21.711 0.3333333433
84058  -26.458  -4.612  -24.416 0.5555555820
85080  -26.059  -3.665  -24.307 0.4444444478
87103  -17.552  -1.561  -21.173 0.3333333433
88107  -25.590  -0.676  -24.179 0.4444444478
90904  -16.311  2.811  -22.388 0.3333333433
89033  -16.264  1.169  -22.341 0.4444444478
89049  -24.942  0.471  -24.390 0.4444444478
90001  -25.651  1.509  -23.878 0.4444444478
90923  -26.257  2.387  -23.571 0.2222222239
91823  -17.351  4.471  -23.751 0.3333333433
92750  -18.146  4.582  -25.303 0.6666666865
92764  -19.915  4.211  -26.580 0.6666666865
91849  -20.872  3.795  -26.251 0.6666666865
92753  -21.549  3.968  -25.393 0.6666666865
92739  -21.885  4.500  -24.925 0.6666666865
92740  -23.063  4.718  -24.195 0.6666666865
91839  -24.953  3.735  -23.549 0.4444444478
90909  -25.914  3.215  -23.394 0.3333333433
93716  -19.100  4.788  -26.089 0.5555555820
74205  -18.681  -14.659  -19.255 0.5555555820
72236  -19.653  -16.545  -20.373 0.6666666865
72246  -19.876  -16.364  -21.006 0.6666666865
76231  -21.008  -13.185  -22.648 1.0000000000
76223  -19.682  -13.205  -21.774 1.0000000000
75234  -21.535  -13.687  -22.841 0.8888888955
74196  -18.231  -14.826  -18.313 0.4444444478
74215  -18.919  -14.294  -20.013 0.6666666865
74236  -21.321  -14.525  -22.606 0.8888888955
77211  -21.684  -12.093  -23.686 1.0000000000
75246  -23.161  -13.162  -24.047 1.0000000000
77219  -22.047  -11.653  -24.253 1.0000000000
75211  -18.509  -13.568  -19.457 0.5555555820
76238  -20.865  -12.025  -22.874 1.0000000000
77220  -23.091  -11.517  -24.700 0.8888888955
78261  -21.857  -10.566  -24.735 1.0000000000
78273  -22.823  -10.477  -25.058 1.0000000000
79229  -18.339  -9.194  -21.426 0.5555555820
78241  -18.509  -10.364  -21.330 0.6666666865
78232  -17.975  -9.871  -20.459 0.5555555820
80189  -19.658  -8.843  -22.825 1.0000000000
79266  -21.022  -8.843  -24.714 1.0000000000
79281  -22.054  -8.611  -25.355 1.0000000000
79282  -22.470  -8.789  -25.351 1.0000000000
80235  -22.988  -8.161  -25.388 0.8888888955
80236  -23.602  -8.276  -25.225 0.7777777910
80181  -17.910  -8.032  -20.886 0.5555555820
79239  -18.772  -8.742  -22.041 0.7777777910
81182  -19.562  -6.792  -23.723 0.8888888955
80199  -19.595  -7.741  -23.145 0.8888888955
81184  -20.624  -7.676  -25.019 1.0000000000
81204  -23.533  -7.474  -25.438 0.8888888955
81185  -24.082  -7.693  -25.158 0.7777777910
82123  -17.895  -6.052  -21.416 0.3333333433
82112  -17.782  -6.607  -21.334 0.3333333433
81166  -18.651  -7.269  -22.306 0.6666666865
83108  -19.119  -5.394  -23.993 0.6666666865
81201  -21.205  -7.389  -25.487 1.0000000000
83144  -20.950  -5.046  -26.618 1.0000000000
84028  -18.505  -4.445  -22.215 0.4444444478
84075  -20.594  -4.448  -26.372 1.0000000000
85099  -22.858  -3.116  -26.183 0.7777777910
85101  -24.249  -3.585  -25.265 0.6666666865
86107  -18.396  -2.464  -24.438 0.6666666865
85078  -19.071  -3.459  -25.052 0.8888888955
85118  -20.635  -3.384  -26.674 1.0000000000
85120  -22.287  -3.397  -26.532 0.8888888955
86109  -24.646  -2.709  -24.690 0.6666666865
87135  -17.876  -1.528  -23.903 0.5555555820
87153  -18.980  -1.331  -25.381 0.7777777910
87152  -18.444  -1.369  -24.674 0.7777777910
87169  -20.076  -1.734  -26.650 0.8888888955
87168  -19.556  -1.248  -26.347 0.7777777910
89034  -16.650  0.568  -22.947 0.5555555820
88104  -17.296  -0.182  -23.495 0.5555555820
88105  -17.874  -0.496  -24.273 0.6666666865
89063  -18.532  0.365  -25.647 0.6666666865
88088  -16.966  -0.641  -22.798 0.6666666865
88139  -18.771  -0.105  -25.966 0.7777777910
88124  -19.027  -0.669  -25.886 0.7777777910
88141  -20.971  -0.620  -27.620 0.7777777910
89085  -21.742  0.362  -26.665 0.6666666865
90012  -22.348  1.643  -25.734 0.6666666865
89997  -17.146  1.634  -23.633 0.4444444478
90010  -18.476  1.372  -25.597 0.6666666865
90920  -23.006  2.678  -24.886 0.6666666865
91848  -18.351  3.562  -25.611 0.5555555820
91863  -21.045  3.193  -26.460 0.6666666865
91850  -21.440  3.463  -25.878 0.6666666865
91836  -22.659  3.732  -24.788 0.6666666865
85060  -18.342  -3.457  -22.653 0.4444444478
88074  -16.585  -0.680  -21.621 0.3333333433
90908  -25.398  3.405  -23.486 0.3333333433
73251  -22.415  -14.909  -22.499 0.6666666865
72217  -19.035  -16.825  -18.657 0.5555555820
76250  -23.513  -12.439  -24.314 0.7777777910
78275  -24.529  -10.252  -24.771 0.6666666865
81165  -18.063  -7.242  -21.551 0.3333333433
81141  -17.444  -7.529  -20.399 0.1111111119
82111  -17.400  -6.325  -20.784 0.1111111119
86089  -18.074  -2.505  -21.991 0.3333333433
89018  -16.177  0.583  -21.586 0.3333333433
92741  -23.936  4.313  -23.749 0.6666666865
92742  -24.474  4.073  -23.570 0.4444444478
71271  -22.914  -17.767  -19.693 0.4444444478
71260  -25.072  -17.923  -18.737 0.2222222239
71268  -20.185  -17.742  -19.603 0.4444444478
71269  -21.055  -17.774  -19.872 0.4444444478
71277  -20.494  -17.540  -20.301 0.4444444478
71278  -21.102  -17.608  -20.717 0.4444444478
71280  -22.747  -17.170  -20.439 0.4444444478
72240  -23.202  -16.705  -20.832 0.4444444478
73221  -24.663  -16.386  -20.247 0.2222222239
72248  -21.241  -16.769  -21.890 0.4444444478
71286  -21.846  -17.047  -21.359 0.4444444478
72249  -22.228  -16.469  -21.581 0.4444444478
73222  -25.295  -15.934  -20.021 0.1111111119
73223  -26.373  -15.546  -19.708 0.1111111119
72250  -22.981  -16.098  -21.451 0.4444444478
73232  -24.507  -15.977  -20.969 0.3333333433
73242  -23.489  -15.519  -21.605 0.3333333433
73233  -25.465  -15.389  -20.786 0.2222222239
73241  -22.427  -15.528  -21.937 0.4444444478
73240  -21.566  -15.875  -22.173 0.5555555820
74229  -24.587  -14.454  -21.941 0.2222222239
74230  -25.707  -14.188  -21.677 0.1111111119
74231  -26.597  -13.856  -21.427 0.1111111119
74228  -23.670  -14.728  -22.089 0.3333333433
74239  -23.924  -14.138  -22.720 0.3333333433
75247  -23.855  -13.054  -23.846 0.6666666865
75249  -24.920  -12.508  -23.087 0.4444444478
76253  -25.712  -11.833  -23.210 0.3333333433
76251  -24.259  -12.292  -23.970 0.6666666865
77222  -24.848  -11.603  -24.126 0.5555555820
77221  -24.048  -11.689  -24.491 0.6666666865
77234  -24.689  -11.016  -24.563 0.5555555820
77235  -25.312  -11.000  -24.218 0.5555555820
77223  -25.732  -11.268  -23.668 0.4444444478
78276  -25.370  -10.284  -24.359 0.3333333433
77233  -23.922  -10.993  -24.884 0.5555555820
79272  -26.006  -9.486  -24.237 0.4444444478
79271  -25.210  -9.413  -24.540 0.4444444478
80216  -26.121  -8.547  -24.346 0.4444444478
92751  -20.393  4.325  -26.290 0.5555555820
92752  -21.019  4.394  -25.657 0.5555555820
92718  -23.367  5.318  -23.883 0.5555555820
70221  -22.279  -18.065  -19.555 0.4444444478
71273  -24.804  -17.216  -19.336 0.2222222239
72237  -20.251  -17.119  -20.888 0.4444444478
73244  -25.242  -14.858  -21.449 0.2222222239
74217  -25.928  -14.856  -21.106 0.1111111119
74240  -24.778  -13.774  -22.384 0.4444444478
74241  -25.537  -13.450  -22.173 0.3333333433
76252  -25.038  -12.102  -23.503 0.4444444478
82143  -26.162  -6.301  -24.490 0.4444444478
93689  -21.299  5.349  -24.861 0.5555555820
94656  -20.700  6.084  -24.666 0.5555555820
76241  -25.463  -12.340  -22.900 0.2222222239
92719  -23.847  5.139  -23.703 0.5555555820
70210  -21.661  -18.731  -18.965 0.4444444478
70211  -22.686  -18.554  -19.044 0.4444444478
70213  -24.492  -18.381  -18.604 0.2222222239
71247  -26.027  -18.057  -18.003 0.1111111119
71257  -19.983  -17.949  -18.946 0.4444444478
70219  -20.988  -18.207  -19.278 0.4444444478
72231  -25.193  -16.614  -19.494 0.1111111119
72232  -25.895  -16.163  -19.346 0.1111111119
71261  -26.064  -17.431  -18.411 0.1111111119
73234  -26.261  -15.020  -20.477 0.1111111119
74218  -26.760  -14.466  -20.801 0.1111111119
75227  -26.193  -13.493  -21.830 0.1111111119
76242  -26.211  -11.944  -22.765 0.2222222239
77224  -26.444  -11.003  -23.292 0.1111111119
78277  -26.077  -10.074  -24.050 0.2222222239
79254  -26.624  -9.529  -23.879 0.2222222239
80201  -26.579  -8.961  -24.082 0.3333333433
82144  -26.967  -6.508  -24.326 0.3333333433
83120  -26.776  -5.537  -24.430 0.3333333433
89019  -16.456  -0.094  -22.292 0.4444444478
89050  -26.188  0.379  -23.891 0.3333333433
92720  -24.858  4.682  -23.433 0.5555555820
93706  -19.084  5.476  -25.874 0.5555555820
93688  -20.539  5.572  -25.188 0.5555555820
93690  -22.333  5.473  -24.339 0.5555555820
93667  -23.622  5.827  -23.761 0.5555555820
94655  -19.837  6.141  -25.129 0.5555555820
74227  -22.924  -14.961  -22.153 0.3333333433
71272  -24.053  -17.490  -19.458 0.4444444478
71259  -23.975  -18.095  -18.994 0.3333333433
72229  -23.409  -17.188  -20.083 0.4444444478
72218  -25.448  -17.165  -18.924 0.1111111119
70218  -20.452  -18.220  -19.013 0.4444444478
70220  -21.737  -18.170  -19.452 0.4444444478
71270  -21.829  -17.742  -19.976 0.4444444478
71285  -21.391  -17.273  -21.271 0.4444444478
71279  -22.007  -17.386  -20.665 0.4444444478
72239  -22.385  -16.975  -21.003 0.4444444478
72230  -24.199  -16.870  -20.024 0.4444444478
72241  -24.057  -16.464  -20.680 0.4444444478
73209  -26.620  -16.239  -19.040 0.1111111119
73243  -24.493  -15.193  -21.520 0.3333333433
75237  -24.210  -13.436  -23.138 0.4444444478
75248  -24.473  -12.728  -23.373 0.4444444478
75238  -24.975  -12.965  -22.678 0.4444444478
77212  -26.178  -11.461  -23.150 0.1111111119
78263  -25.799  -10.613  -23.999 0.3333333433
80217  -26.859  -8.421  -24.050 0.4444444478
92738  -21.246  4.824  -25.198 0.5555555820
93707  -20.077  5.185  -25.809 0.5555555820
93691  -23.081  5.446  -23.986 0.5555555820
71258  -23.385  -18.310  -19.072 0.4444444478
75239  -26.152  -12.761  -22.285 0.2222222239
69169  -22.338  -19.252  -18.562 0.4444444478
70212  -23.954  -18.763  -18.497 0.4444444478
71256  -19.499  -17.715  -18.412 0.4444444478
72219  -26.144  -16.748  -18.789 0.1111111119
74207  -26.879  -14.981  -20.072 0.1111111119
63708  -24.903  -24.643  -14.723 0.1111111119
65768  -20.875  -22.722  -16.522 0.3333333433
64746  -22.969  -23.467  -15.782 0.2222222239
63725  -24.428  -23.980  -15.123 0.2222222239
64748  -24.939  -23.309  -15.434 0.1111111119
67972  -19.361  -20.876  -16.959 0.3333333433
66811  -19.264  -21.628  -16.372 0.3333333433
65767  -19.941  -22.497  -16.304 0.3333333433
66814  -22.062  -21.818  -17.147 0.3333333433
65770  -22.750  -22.259  -16.572 0.3333333433
65755  -23.384  -22.819  -16.115 0.2222222239
65771  -23.776  -22.144  -16.572 0.2222222239
65756  -24.395  -22.741  -16.016 0.2222222239
71226  -17.828  -18.390  -16.590 0.2222222239
70176  -18.044  -19.114  -16.644 0.2222222239
69138  -18.586  -19.886  -16.804 0.2222222239
66812  -20.153  -21.766  -16.901 0.3333333433
66813  -21.126  -21.996  -17.150 0.3333333433
71244  -18.245  -17.887  -17.052 0.2222222239
70194  -18.403  -18.885  -16.982 0.3333333433
71245  -19.008  -17.755  -17.647 0.3333333433
69154  -19.526  -19.788  -17.528 0.3333333433
70207  -19.567  -18.359  -17.967 0.3333333433
70196  -19.792  -19.050  -17.952 0.3333333433
69155  -20.543  -19.708  -18.281 0.3333333433
66827  -22.261  -21.110  -17.603 0.3333333433
69156  -21.268  -19.965  -18.380 0.3333333433
66828  -23.192  -20.878  -17.448 0.3333333433
67987  -23.415  -20.294  -17.709 0.3333333433
66829  -23.806  -20.706  -17.416 0.3333333433
66816  -24.158  -21.251  -17.022 0.1111111119
67974  -24.858  -20.919  -17.085 0.2222222239
72203  -18.366  -16.914  -17.385 0.2222222239
72204  -18.960  -17.111  -17.990 0.3333333433
70208  -20.132  -18.656  -18.571 0.3333333433
69168  -21.407  -19.435  -18.548 0.3333333433
67994  -22.164  -19.783  -18.316 0.3333333433
67988  -24.413  -20.358  -17.450 0.1111111119
73195  -17.855  -16.288  -16.969 0.3333333433
72216  -18.650  -16.503  -17.933 0.3333333433
71267  -19.590  -17.447  -19.084 0.3333333433
70209  -20.877  -18.747  -18.850 0.3333333433
69170  -23.243  -19.220  -18.384 0.3333333433
69171  -23.865  -19.268  -18.179 0.3333333433
81188  -27.099  -7.616  -24.116 0.2222222239
65753  -21.563  -22.998  -16.253 0.3333333433
65754  -22.415  -22.876  -16.136 0.3333333433
64747  -23.935  -23.396  -15.628 0.2222222239
65757  -25.425  -22.663  -15.852 0.1111111119
69153  -18.917  -19.308  -17.150 0.3333333433
66826  -21.312  -21.300  -17.600 0.3333333433
66815  -23.032  -21.554  -17.025 0.3333333433
63707  -23.879  -24.596  -14.785 0.1111111119
65766  -19.294  -22.238  -15.988 0.3333333433
64757  -20.638  -23.110  -16.253 0.3333333433
64744  -21.089  -23.444  -16.180 0.3333333433
64745  -22.029  -23.489  -15.880 0.3333333433
63724  -23.458  -24.060  -15.361 0.3333333433
62715  -25.375  -25.368  -14.450 0.1111111119
63726  -25.442  -24.001  -15.062 0.1111111119
67971  -18.675  -20.824  -16.448 0.3333333433
71243  -17.603  -17.622  -16.535 0.2222222239
65772  -24.821  -22.013  -16.382 0.1111111119
67975  -25.515  -20.611  -16.989 0.1111111119
72202  -17.707  -16.999  -16.805 0.2222222239
67989  -25.197  -19.902  -17.396 0.1111111119
70197  -24.460  -18.928  -18.153 0.1111111119
74182  -17.905  -15.668  -17.022 0.1111111119
85081  -27.116  -3.675  -24.268 0.2222222239
84059  -27.446  -4.630  -24.475 0.2222222239
73196  -18.178  -16.033  -17.498 0.2222222239
83121  -27.729  -5.590  -24.490 0.2222222239
69139  -19.287  -20.281  -17.187 0.3333333433
69120  -18.246  -20.366  -16.355 0.2222222239
66810  -18.615  -21.350  -16.053 0.2222222239
65769  -21.805  -22.449  -16.631 0.3333333433
67973  -20.036  -21.069  -17.312 0.3333333433
67983  -19.714  -20.552  -17.379 0.3333333433
70195  -19.110  -18.701  -17.405 0.3333333433
67984  -20.409  -20.676  -17.761 0.3333333433
67985  -21.423  -20.508  -18.075 0.3333333433
67986  -22.444  -20.351  -17.950 0.3333333433
67993  -21.742  -20.029  -18.284 0.3333333433
69157  -22.887  -19.766  -18.129 0.3333333433
66817  -25.254  -21.351  -16.715 0.1111111119
69167  -20.729  -19.146  -18.573 0.3333333433
69158  -23.722  -19.702  -17.933 0.3333333433
69159  -24.501  -19.349  -17.883 0.1111111119
62713  -23.293  -25.261  -14.535 0.1111111119
63723  -22.535  -24.097  -15.561 0.2222222239
64743  -20.165  -23.305  -15.975 0.3333333433
65751  -19.514  -22.779  -15.841 0.2222222239
63722  -21.642  -24.157  -15.734 0.3333333433
67959  -18.137  -20.829  -16.008 0.2222222239
81189  -27.817  -7.353  -24.010 0.1111111119
81176  -27.774  -7.951  -23.836 0.1111111119
82133  -29.105  -6.721  -24.167 0.1111111119
82132  -28.292  -7.279  -23.968 0.1111111119
82145  -28.073  -6.599  -24.271 0.1111111119
82146  -28.819  -6.172  -24.573 0.1111111119
83122  -28.628  -5.529  -24.722 0.1111111119
87138  -26.156  -1.698  -24.043 0.2222222239
84060  -28.366  -4.610  -24.825 0.1111111119
88108  -26.738  -0.681  -23.948 0.1111111119
87139  -27.261  -1.701  -24.106 0.1111111119
89051  -27.316  0.315  -23.904 0.1111111119
93717  -19.589  4.786  -26.230 0.4444444478
90002  -26.794  1.385  -23.718 0.1111111119
94654  -18.891  6.307  -25.134 0.4444444478
94673  -19.368  5.828  -25.554 0.4444444478
94657  -21.529  5.981  -24.351 0.4444444478
91824  -25.596  3.929  -23.341 0.2222222239
91825  -26.441  3.851  -23.331 0.1111111119
90924  -27.332  2.484  -23.776 0.1111111119
94635  -21.026  6.700  -24.043 0.4444444478
95550  -22.614  7.391  -23.295 0.4444444478
93666  -22.943  5.901  -23.915 0.4444444478
94637  -23.238  6.578  -23.599 0.4444444478
94638  -24.151  6.610  -23.288 0.4444444478
94639  -25.141  6.596  -22.907 0.4444444478
93669  -25.568  5.650  -23.094 0.2222222239
93670  -26.670  5.591  -23.231 0.2222222239
93671  -27.598  5.421  -23.706 0.2222222239
92722  -27.037  4.590  -23.360 0.2222222239
99127  -27.206  10.959  -26.508 0.1111111119
96531  -27.956  8.346  -25.774 0.1111111119
94659  -28.282  5.549  -24.841 0.1111111119
95562  -18.627  7.036  -24.339 0.4444444478
95547  -19.187  7.683  -24.160 0.4444444478
94634  -20.011  6.811  -24.362 0.4444444478
95548  -20.312  7.626  -23.730 0.3333333433
95549  -21.473  7.463  -23.441 0.4444444478
95551  -23.658  7.463  -23.158 0.4444444478
95552  -24.685  7.544  -22.934 0.4444444478
96503  -24.435  9.240  -22.737 0.3333333433
95553  -25.718  7.580  -23.241 0.3333333433
95554  -26.705  7.498  -23.626 0.1111111119
95564  -27.510  7.389  -24.247 0.1111111119
94641  -27.207  6.484  -23.655 0.2222222239
95573  -27.976  7.256  -25.211 0.1111111119
96521  -21.970  8.218  -22.886 0.3333333433
96523  -24.127  8.398  -22.900 0.3333333433
96524  -25.257  8.749  -22.960 0.2222222239
96525  -26.306  8.499  -23.489 0.2222222239
96526  -27.140  8.401  -23.959 0.1111111119
98253  -26.467  10.516  -23.682 0.1111111119
97424  -26.160  9.591  -23.336 0.1111111119
97430  -26.824  9.837  -23.827 0.1111111119
96529  -27.648  8.366  -24.783 0.1111111119
98263  -27.454  10.209  -25.006 0.1111111119
97431  -27.289  9.404  -24.384 0.1111111119
96520  -20.847  8.699  -23.217 0.3333333433
96501  -20.608  9.361  -22.826 0.3333333433
97421  -21.719  9.072  -22.688 0.3333333433
96522  -23.024  8.331  -22.720 0.3333333433
96504  -24.959  9.425  -22.758 0.2222222239
98252  -25.778  10.556  -23.204 0.1111111119
99098  -26.630  11.238  -24.129 0.1111111119
99110  -27.488  10.623  -25.409 0.1111111119
99971  -26.049  11.828  -27.182 0.1111111119
97402  -19.613  10.100  -22.226 0.1111111119
97404  -21.567  9.877  -22.412 0.2222222239
98238  -22.191  10.588  -22.044 0.2222222239
97405  -22.706  9.518  -22.383 0.3333333433
98239  -23.276  10.829  -22.089 0.2222222239
96502  -23.641  9.068  -22.658 0.3333333433
98240  -24.295  10.747  -22.457 0.1111111119
99921  -24.961  11.893  -23.282 0.1111111119
99089  -25.335  11.367  -23.263 0.1111111119
99938  -26.381  11.927  -24.506 0.1111111119
99950  -26.569  12.125  -25.414 0.1111111119
99109  -27.213  11.227  -25.018 0.1111111119
99132  -26.316  11.124  -27.485 0.1111111119
98279  -26.707  10.259  -27.457 0.1111111119
98236  -20.258  10.948  -21.979 0.1111111119
99069  -20.717  11.504  -21.093 0.1111111119
98237  -21.214  10.606  -21.925 0.1111111119
98221  -21.831  11.320  -21.626 0.1111111119
99071  -22.402  12.089  -21.419 0.1111111119
99072  -23.126  12.105  -21.820 0.1111111119
99087  -23.967  11.751  -22.338 0.1111111119
100734  -24.580  13.432  -23.213 0.1111111119
100741  -25.319  13.334  -24.358 0.1111111119
99937  -25.945  12.736  -24.824 0.1111111119
99070  -21.667  12.021  -21.093 0.1111111119
99899  -22.029  12.986  -20.587 0.1111111119
99907  -22.680  12.897  -21.587 0.1111111119
100716  -22.776  13.381  -21.746 0.1111111119
99908  -23.012  13.002  -21.918 0.1111111119
100727  -24.020  13.653  -22.529 0.1111111119
101517  -21.460  14.243  -21.003 0.1111111119
101502  -21.473  14.549  -20.564 0.1111111119
101532  -22.399  14.259  -21.498 0.1111111119
85082  -28.067  -3.691  -24.649 0.1111111119
86112  -27.687  -2.707  -24.408 0.1111111119
92721  -26.039  4.714  -23.215 0.2222222239
92743  -27.755  4.386  -23.912 0.1111111119
94636  -22.191  6.429  -23.821 0.4444444478
94658  -27.995  6.223  -24.541 0.2222222239
98268  -27.654  10.132  -25.758 0.1111111119
99088  -24.665  11.471  -22.895 0.1111111119
99906  -22.320  12.945  -21.084 0.1111111119
99919  -23.566  12.802  -22.318 0.1111111119
101550  -24.868  13.979  -23.912 0.1111111119
100725  -22.610  14.106  -21.632 0.1111111119
101518  -22.019  14.510  -21.254 0.1111111119
82127  -29.767  -6.589  -23.388 0.1111111119
86111  -26.673  -2.695  -24.104 0.2222222239
93687  -18.805  5.888  -25.505 0.4444444478
99060  -21.370  12.185  -20.481 0.1111111119
100702  -21.599  13.831  -20.578 0.1111111119
100715  -22.423  13.757  -21.500 0.1111111119
82126  -29.286  -7.383  -23.473 0.1111111119
81175  -27.250  -8.191  -23.946 0.1111111119
83103  -30.312  -5.671  -22.894 0.1111111119
83110  -30.039  -5.674  -24.097 0.1111111119
83123  -29.403  -5.594  -24.701 0.1111111119
84062  -29.920  -4.801  -25.266 0.1111111119
87140  -28.146  -1.736  -24.717 0.1111111119
88109  -27.682  -0.707  -24.356 0.1111111119
89052  -28.041  0.275  -24.621 0.1111111119
90003  -27.788  1.320  -24.100 0.1111111119
91840  -27.941  3.362  -24.145 0.1111111119
90925  -28.225  2.294  -24.423 0.1111111119
94653  -18.243  6.465  -24.341 0.4444444478
95563  -19.269  6.775  -24.603 0.4444444478
93709  -28.490  4.824  -25.684 0.1111111119
94675  -28.397  5.837  -25.537 0.1111111119
95546  -18.202  7.822  -24.058 0.2222222239
96519  -19.595  8.519  -23.376 0.2222222239
96540  -27.735  8.417  -26.780 0.1111111119
96499  -18.913  9.060  -22.468 0.1111111119
97453  -27.333  9.464  -27.095 0.1111111119
98298  -26.252  10.005  -27.880 0.1111111119
97401  -18.912  10.074  -21.651 0.1111111119
98218  -19.010  10.774  -20.869 0.1111111119
99059  -20.555  11.581  -20.368 0.1111111119
99131  -25.689  11.337  -27.890 0.1111111119
99050  -20.417  11.430  -19.472 0.1111111119
99872  -21.830  13.218  -19.449 0.1111111119
101557  -25.031  14.143  -24.719 0.1111111119
100747  -25.469  13.520  -25.257 0.1111111119
100772  -25.060  13.309  -27.267 0.1111111119
99888  -21.823  13.069  -20.087 0.1111111119
100685  -21.531  13.992  -19.982 0.1111111119
102346  -24.021  15.507  -23.657 0.1111111119
101533  -22.760  14.392  -21.500 0.1111111119
90910  -26.657  3.104  -23.518 0.1111111119
93668  -24.517  5.753  -23.346 0.4444444478
91826  -27.234  3.623  -23.633 0.1111111119
94640  -26.198  6.584  -23.248 0.2222222239
93692  -28.132  5.131  -24.373 0.1111111119
98272  -27.404  10.257  -26.676 0.1111111119
99120  -27.077  11.531  -26.036 0.1111111119
97434  -27.710  9.321  -25.304 0.1111111119
97440  -27.761  9.354  -26.258 0.1111111119
93693  -28.418  4.949  -25.026 0.1111111119
97425  -26.793  9.153  -23.753 0.2222222239
98262  -27.075  10.441  -24.285 0.1111111119
96500  -20.017  9.240  -22.678 0.1111111119
97420  -21.061  9.458  -22.837 0.3333333433
97422  -22.341  8.749  -22.598 0.3333333433
97406  -23.869  9.865  -22.413 0.2222222239
97407  -24.690  9.946  -22.622 0.1111111119
98241  -25.039  10.649  -22.863 0.1111111119
99097  -26.004  11.300  -23.644 0.1111111119
99960  -26.399  12.099  -26.369 0.1111111119
99959  -25.702  12.702  -26.768 0.1111111119
98235  -19.451  10.852  -21.665 0.1111111119
97403  -20.592  9.977  -22.464 0.1111111119
99920  -24.501  12.516  -22.993 0.1111111119
99929  -25.460  12.298  -23.797 0.1111111119
99930  -26.129  11.695  -24.023 0.1111111119
99949  -25.914  12.827  -25.820 0.1111111119
98220  -21.005  11.259  -21.526 0.1111111119
99086  -20.200  11.244  -21.507 0.1111111119
99068  -19.883  11.207  -21.089 0.1111111119
98222  -22.580  11.367  -21.747 0.1111111119
99928  -24.878  12.877  -23.432 0.1111111119
101543  -24.709  13.793  -23.485 0.1111111119
100714  -21.856  13.765  -21.068 0.1111111119
100726  -23.089  13.775  -21.884 0.1111111119
101542  -24.417  14.494  -23.139 0.1111111119
81177  -28.619  -7.780  -23.624 0.1111111119
83109  -29.555  -6.087  -24.294 0.1111111119
95574  -28.236  6.673  -25.663 0.1111111119
95585  -28.114  7.197  -26.359 0.1111111119
101534  -23.770  14.841  -21.960 0.1111111119
99051  -21.230  12.230  -19.729 0.1111111119
92744  -28.275  4.195  -24.563 0.1111111119
94682  -28.346  6.078  -26.589 0.1111111119
96554  -27.207  8.533  -27.472 0.1111111119
96485  -18.672  9.244  -21.528 0.1111111119
97452  -26.815  9.250  -27.585 0.1111111119
101567  -25.078  14.264  -25.536 0.1111111119
100758  -25.317  13.712  -26.298 0.1111111119
101549  -24.513  14.747  -24.189 0.1111111119
63721  -20.596  -24.272  -15.704 0.2222222239
78210  -17.913  -10.315  -19.434 0.2222222239
78231  -17.720  -9.356  -20.154 0.2222222239
93686  -18.287  5.652  -25.139 0.3333333433
92737  -17.740  4.939  -24.286 0.2222222239
95561  -18.009  7.142  -23.985 0.1111111119
77188  -18.186  -11.466  -19.121 0.2222222239
91821  -16.382  3.767  -21.668 0.1111111119
92713  -16.530  4.411  -20.935 0.1111111119
92715  -17.689  5.069  -22.877 0.1111111119
94632  -18.107  6.579  -23.307 0.1111111119
95545  -17.885  7.590  -23.308 0.1111111119
92714  -16.808  4.729  -21.834 0.1111111119
83085  -17.928  -5.583  -21.053 0.2222222239
84009  -18.648  -4.829  -21.384 0.3333333433
93663  -17.995  5.779  -23.841 0.1111111119
93664  -18.098  5.819  -22.996 0.1111111119
92694  -16.954  5.025  -20.706 0.1111111119
92716  -18.566  5.294  -22.616 0.1111111119
75240  -26.902  -12.607  -22.006 0.1111111119
63705  -20.297  -24.767  -15.395 0.1111111119
62724  -21.407  -24.800  -15.383 0.1111111119
62712  -22.168  -25.227  -14.855 0.1111111119
63703  -18.676  -24.469  -14.510 0.1111111119
64742  -19.259  -23.407  -15.422 0.1111111119
66799  -18.232  -21.637  -15.502 0.1111111119
66800  -18.842  -21.864  -15.906 0.1111111119
75185  -18.486  -13.577  -16.960 0.1111111119
79213  -17.514  -9.013  -19.881 0.1111111119
78209  -17.738  -9.579  -19.806 0.1111111119
64730  -18.970  -23.949  -15.017 0.1111111119
80168  -17.539  -8.235  -20.168 0.1111111119
62710  -20.260  -25.321  -15.161 0.1111111119
62711  -21.142  -25.393  -15.022 0.1111111119
62725  -22.139  -24.614  -15.354 0.1111111119
63702  -18.056  -23.909  -14.335 0.1111111119
64729  -18.374  -23.402  -14.821 0.1111111119
66791  -17.872  -21.946  -14.892 0.1111111119
67958  -17.827  -20.729  -15.331 0.1111111119
69119  -17.804  -19.888  -15.992 0.1111111119
69137  -17.981  -19.457  -16.440 0.1111111119
75184  -17.951  -14.166  -17.493 0.1111111119
76190  -18.073  -13.159  -17.669 0.1111111119
79190  -17.736  -9.330  -19.115 0.1111111119
86067  -18.550  -2.505  -20.747 0.2222222239
87087  -18.198  -1.492  -20.027 0.2222222239
88057  -16.907  -0.557  -20.115 0.1111111119
63706  -22.910  -24.641  -15.068 0.1111111119
76208  -18.149  -12.621  -18.618 0.1111111119
70175  -17.754  -18.924  -16.181 0.1111111119
71225  -17.430  -17.939  -15.924 0.1111111119
63720  -19.911  -23.876  -15.606 0.1111111119
65750  -18.856  -22.485  -15.585 0.1111111119
78179  -18.065  -10.601  -18.336 0.1111111119
63704  -19.636  -24.477  -15.272 0.1111111119
62709  -19.456  -25.442  -14.742 0.1111111119
64741  -18.679  -22.950  -15.238 0.1111111119
65741  -17.731  -22.591  -14.600 0.1111111119
66798  -17.812  -21.352  -14.925 0.1111111119
75167  -18.332  -14.366  -16.764 0.1111111119
77137  -18.198  -12.339  -17.671 0.1111111119
88041  -17.885  -0.728  -18.969 0.1111111119
89001  -16.362  0.040  -19.536 0.1111111119
89984  -16.076  1.805  -21.842 0.1111111119
85030  -18.960  -4.243  -21.332 0.1111111119
89967  -16.005  1.701  -20.508 0.1111111119
90903  -16.026  2.814  -21.101 0.1111111119
62723  -20.734  -24.920  -15.338 0.1111111119
64756  -20.407  -22.916  -16.278 0.3333333433
65749  -18.267  -22.502  -15.116 0.1111111119
65752  -21.175  -23.063  -16.331 0.3333333433
66825  -20.595  -21.393  -17.394 0.3333333433
70198  -24.915  -18.697  -18.146 0.2222222239
72238  -20.826  -17.213  -21.395 0.4444444478
73231  -23.658  -16.209  -21.178 0.3333333433
82130  -18.739  -5.988  -22.746 0.5555555820
82134  -29.629  -6.277  -24.024 0.1111111119
82140  -19.782  -6.415  -24.738 0.7777777910
85121  -22.858  -3.724  -26.300 0.7777777910
86160  -20.561  -1.627  -27.300 0.8888888955
87171  -21.748  -1.585  -27.103 0.8888888955
87182  -20.221  -1.272  -27.088 0.8888888955
88152  -19.658  -0.390  -26.889 0.7777777910
88154  -20.528  -0.668  -27.443 0.7777777910
88985  -16.807  -0.033  -18.553 0.1111111119
89084  -20.979  0.354  -27.311 0.7777777910
89100  -20.419  -0.062  -27.368 0.7777777910
90945  -20.138  2.519  -26.772 0.6666666865
91838  -24.318  3.543  -23.847 0.4444444478
91851  -22.008  3.580  -25.266 0.6666666865
92754  -28.533  4.096  -25.329 0.1111111119
92763  -19.341  4.204  -26.402 0.6666666865
93705  -18.650  5.006  -25.757 0.5555555820
93708  -20.826  5.071  -25.359 0.5555555820
93718  -19.998  4.677  -26.322 0.4444444478
94672  -19.043  5.914  -25.584 0.4444444478
94674  -28.175  6.510  -25.222 0.1111111119
95586  -28.330  6.467  -26.037 0.1111111119
96517  -18.003  8.172  -23.554 0.1111111119
97423  -25.356  9.815  -22.888 0.2222222239
98219  -20.504  11.235  -21.537 0.1111111119
98271  -27.089  10.726  -26.938 0.1111111119
98280  -27.211  10.023  -27.123 0.1111111119
99085  -19.869  11.193  -21.641 0.1111111119
99121  -27.445  10.837  -25.906 0.1111111119
99126  -26.757  11.271  -26.898 0.1111111119
100735  -24.979  13.284  -23.696 0.1111111119
