#!ascii label  , from subject bert vox2ras=TkReg
605
13318  -44.082  -76.830  -0.542 0.0000000000
14980  -42.312  -74.896  -6.392 0.0000000000
19241  -43.595  -69.311  -2.720 0.0000000000
15759  -42.141  -73.702  -2.846 0.0000000000
19296  -43.888  -68.880  -6.953 0.0000000000
17457  -41.511  -72.405  1.861 0.0000000000
21061  -38.236  -66.947  -0.512 0.0000000000
23758  -35.565  -64.149  2.739 0.0000000000
22983  -41.061  -66.159  -4.234 0.0000000000
21108  -44.992  -67.580  -4.958 0.0000000000
19279  -39.738  -69.054  -5.719 0.0000000000
19201  -41.028  -69.629  1.945 0.0000000000
20109  -39.690  -68.456  3.083 0.0000000000
26578  -33.988  -61.867  1.645 0.0000000000
25624  -35.802  -62.763  0.368 0.0000000000
11067  -41.391  -79.789  0.316 0.0000000000
15787  -40.464  -73.353  -4.601 0.0000000000
13340  -37.298  -76.909  -2.296 0.0000000000
13372  -37.155  -76.951  -5.115 0.0000000000
17492  -46.167  -71.880  -0.395 0.0000000000
13346  -44.309  -76.152  -1.735 0.0000000000
18388  -45.337  -70.497  -4.381 0.0000000000
16699  -45.593  -71.840  -6.881 0.0000000000
18310  -43.466  -70.638  0.735 0.0000000000
19238  -40.897  -68.813  -2.016 0.0000000000
22957  -38.812  -64.868  -2.451 0.0000000000
21996  -38.041  -66.214  4.793 0.0000000000
22931  -37.227  -65.845  1.744 0.0000000000
24698  -37.433  -63.808  -1.222 0.0000000000
23819  -35.212  -64.613  -3.871 0.0000000000
11820  -38.641  -78.643  -0.951 0.0000000000
16766  -43.229  -73.038  -11.636 0.0000000000
13428  -43.096  -76.299  -8.024 0.0000000000
11180  -40.974  -79.575  -6.983 0.0000000000
21102  -39.109  -66.703  -4.151 0.0000000000
20188  -40.536  -67.457  -4.889 0.0000000000
11070  -43.118  -78.881  0.049 0.0000000000
15826  -41.737  -73.798  -6.163 0.0000000000
14960  -38.785  -74.925  -5.053 0.0000000000
14154  -40.096  -75.754  -6.097 0.0000000000
11865  -37.976  -78.507  -5.454 0.0000000000
13391  -41.516  -76.807  -6.257 0.0000000000
18360  -45.405  -70.078  -1.422 0.0000000000
19244  -46.727  -69.871  -2.159 0.0000000000
21142  -44.220  -67.829  -5.875 0.0000000000
21129  -46.202  -68.040  -5.342 0.0000000000
19298  -46.214  -69.054  -6.406 0.0000000000
17568  -46.079  -70.633  -6.130 0.0000000000
19342  -45.196  -69.464  -7.667 0.0000000000
16592  -44.155  -72.230  1.386 0.0000000000
17458  -43.199  -71.931  1.888 0.0000000000
19212  -40.125  -69.073  0.677 0.0000000000
19226  -41.290  -69.774  -0.120 0.0000000000
20156  -39.475  -67.789  -1.536 0.0000000000
22062  -39.871  -65.894  -2.580 0.0000000000
22056  -39.291  -65.832  -1.938 0.0000000000
22903  -36.725  -65.187  3.681 0.0000000000
22026  -38.079  -66.615  2.981 0.0000000000
22930  -36.756  -64.999  1.952 0.0000000000
26633  -35.376  -62.453  -1.049 0.0000000000
24685  -36.880  -63.287  -0.495 0.0000000000
24709  -35.826  -63.426  -1.815 0.0000000000
23810  -36.590  -64.584  -2.477 0.0000000000
14107  -42.552  -75.501  -2.325 0.0000000000
13326  -41.853  -77.168  -1.774 0.0000000000
13343  -40.985  -76.310  -2.169 0.0000000000
11818  -36.163  -78.977  -1.369 0.0000000000
16783  -42.097  -72.278  -13.290 0.0000000000
15886  -42.583  -74.059  -10.329 0.0000000000
12663  -41.148  -77.520  -8.289 0.0000000000
20171  -42.379  -67.448  -3.786 0.0000000000
20173  -44.489  -68.109  -4.067 0.0000000000
22096  -42.227  -66.623  -4.873 0.0000000000
20203  -42.188  -67.919  -5.581 0.0000000000
19282  -42.620  -68.671  -6.114 0.0000000000
18289  -41.894  -71.209  2.715 0.0000000000
19185  -40.386  -69.218  2.535 0.0000000000
20136  -38.997  -68.116  1.332 0.0000000000
25586  -34.498  -62.963  2.105 0.0000000000
24656  -35.650  -63.502  1.574 0.0000000000
26608  -34.880  -62.146  0.589 0.0000000000
26621  -35.010  -61.915  -0.345 0.0000000000
26645  -34.226  -61.577  -2.124 0.0000000000
15771  -40.928  -73.263  -3.912 0.0000000000
14104  -39.023  -75.670  -2.739 0.0000000000
14943  -38.967  -74.757  -3.736 0.0000000000
14117  -36.974  -76.122  -3.946 0.0000000000
11843  -35.315  -78.347  -4.145 0.0000000000
11133  -36.396  -79.175  -5.142 0.0000000000
10360  -37.427  -80.011  -5.280 0.0000000000
9623  -38.913  -81.443  -5.487 0.0000000000
14895  -45.712  -74.642  -0.732 0.0000000000
13329  -45.153  -76.136  -1.105 0.0000000000
15762  -45.373  -73.563  -1.779 0.0000000000
16639  -44.948  -72.673  -2.314 0.0000000000
20175  -46.693  -68.743  -3.825 0.0000000000
18376  -45.703  -70.620  -3.600 0.0000000000
16654  -43.614  -71.745  -3.280 0.0000000000
17536  -43.112  -71.499  -4.851 0.0000000000
16680  -43.402  -72.441  -5.937 0.0000000000
16697  -44.041  -73.027  -6.341 0.0000000000
15731  -44.907  -73.207  0.256 0.0000000000
18312  -45.390  -71.427  0.244 0.0000000000
18345  -44.002  -70.258  -1.155 0.0000000000
18301  -42.549  -70.712  1.680 0.0000000000
18324  -42.201  -70.093  -0.781 0.0000000000
19240  -42.626  -69.197  -2.756 0.0000000000
21076  -41.017  -66.718  -3.279 0.0000000000
22969  -40.112  -65.783  -3.611 0.0000000000
22074  -37.670  -66.085  -3.539 0.0000000000
21015  -38.991  -67.608  4.142 0.0000000000
21031  -38.280  -67.120  2.227 0.0000000000
21056  -37.781  -66.789  0.328 0.0000000000
24674  -36.557  -63.495  0.375 0.0000000000
23789  -37.673  -64.422  -0.573 0.0000000000
22948  -38.385  -65.189  -1.024 0.0000000000
23801  -37.962  -64.315  -1.910 0.0000000000
22966  -36.768  -65.394  -3.126 0.0000000000
11824  -42.936  -78.417  -0.927 0.0000000000
11808  -40.506  -79.126  -0.574 0.0000000000
13323  -38.315  -77.234  -1.855 0.0000000000
11101  -37.151  -79.826  -0.600 0.0000000000
18445  -44.488  -70.425  -8.775 0.0000000000
16725  -44.602  -72.056  -8.571 0.0000000000
14997  -44.141  -74.120  -7.559 0.0000000000
15016  -43.338  -74.263  -8.725 0.0000000000
14158  -43.277  -75.622  -6.992 0.0000000000
12621  -42.323  -77.581  -6.817 0.0000000000
11150  -41.068  -79.718  -5.988 0.0000000000
21122  -37.257  -67.459  -4.811 0.0000000000
20186  -38.411  -67.781  -4.580 0.0000000000
11796  -43.108  -78.664  0.179 0.0000000000
12547  -43.563  -77.763  -0.510 0.0000000000
14979  -41.304  -74.842  -6.282 0.0000000000
14978  -40.521  -75.062  -6.166 0.0000000000
14155  -41.007  -75.850  -6.336 0.0000000000
13375  -39.745  -76.689  -5.954 0.0000000000
14156  -41.923  -75.861  -6.294 0.0000000000
19242  -44.581  -69.464  -2.499 0.0000000000
19243  -45.788  -69.740  -1.994 0.0000000000
20217  -44.249  -68.425  -6.498 0.0000000000
20218  -44.998  -68.409  -6.519 0.0000000000
20237  -44.718  -68.806  -6.903 0.0000000000
19319  -45.569  -69.423  -7.208 0.0000000000
19318  -44.986  -69.153  -7.364 0.0000000000
17490  -40.977  -72.178  0.472 0.0000000000
16604  -41.874  -72.470  1.216 0.0000000000
16605  -42.497  -72.524  1.052 0.0000000000
16589  -42.148  -72.572  1.731 0.0000000000
20147  -38.758  -68.022  0.185 0.0000000000
20148  -39.417  -68.521  -0.350 0.0000000000
20155  -38.827  -67.700  -0.826 0.0000000000
21067  -38.929  -66.791  -1.484 0.0000000000
23757  -35.065  -63.976  2.983 0.0000000000
23746  -35.212  -64.303  3.733 0.0000000000
23747  -35.929  -64.664  3.639 0.0000000000
23730  -36.380  -65.013  4.211 0.0000000000
23759  -36.219  -64.688  3.082 0.0000000000
22913  -36.617  -64.944  2.765 0.0000000000
23771  -36.112  -64.305  2.036 0.0000000000
25669  -34.949  -62.668  -1.894 0.0000000000
25670  -35.451  -63.044  -1.749 0.0000000000
24718  -35.467  -63.730  -2.480 0.0000000000
24717  -34.912  -63.165  -2.735 0.0000000000
14933  -42.861  -74.550  -2.466 0.0000000000
14106  -41.316  -75.470  -2.454 0.0000000000
15034  -41.995  -74.680  -10.019 0.0000000000
13425  -41.391  -76.719  -8.557 0.0000000000
14183  -40.877  -75.989  -8.890 0.0000000000
22078  -41.648  -66.386  -4.115 0.0000000000
21089  -42.632  -67.161  -4.290 0.0000000000
22095  -41.529  -66.475  -4.571 0.0000000000
20201  -40.144  -68.376  -5.144 0.0000000000
21124  -41.650  -67.096  -5.185 0.0000000000
20202  -41.179  -67.896  -5.254 0.0000000000
19281  -41.772  -68.833  -5.851 0.0000000000
20125  -39.689  -68.614  1.946 0.0000000000
20124  -39.241  -68.075  2.358 0.0000000000
24641  -34.278  -63.323  2.608 0.0000000000
25596  -34.375  -62.508  1.762 0.0000000000
25597  -35.056  -62.819  1.515 0.0000000000
26579  -34.544  -62.220  1.304 0.0000000000
26632  -34.946  -62.132  -1.194 0.0000000000
11065  -39.745  -80.277  0.536 0.0000000000
16651  -41.086  -72.909  -4.166 0.0000000000
14944  -39.585  -74.607  -3.509 0.0000000000
14954  -39.444  -74.194  -4.679 0.0000000000
14137  -37.603  -76.218  -5.030 0.0000000000
14128  -37.387  -75.977  -4.520 0.0000000000
13364  -36.789  -76.627  -4.486 0.0000000000
12597  -36.749  -77.517  -5.042 0.0000000000
11132  -35.698  -79.339  -4.830 0.0000000000
11866  -38.975  -78.707  -5.570 0.0000000000
11147  -38.331  -79.452  -5.394 0.0000000000
11148  -39.399  -79.707  -5.475 0.0000000000
10361  -38.618  -80.443  -5.340 0.0000000000
11149  -40.382  -79.819  -5.665 0.0000000000
15743  -46.024  -73.500  -0.679 0.0000000000
17512  -45.546  -71.825  -2.541 0.0000000000
20190  -44.720  -67.712  -4.588 0.0000000000
20174  -45.792  -68.491  -3.839 0.0000000000
20191  -45.378  -67.917  -4.477 0.0000000000
19271  -46.766  -69.656  -4.341 0.0000000000
18389  -46.045  -70.201  -4.293 0.0000000000
17525  -45.191  -71.171  -3.239 0.0000000000
18374  -44.539  -70.751  -4.068 0.0000000000
17523  -43.235  -71.348  -3.983 0.0000000000
17567  -45.703  -71.282  -6.410 0.0000000000
17566  -45.165  -71.704  -6.263 0.0000000000
16682  -44.886  -71.848  -6.223 0.0000000000
16698  -45.021  -72.432  -6.678 0.0000000000
18303  -44.134  -71.534  1.327 0.0000000000
17460  -44.449  -72.092  1.335 0.0000000000
18311  -44.507  -71.163  0.824 0.0000000000
18326  -44.260  -70.527  -0.139 0.0000000000
19202  -41.673  -70.327  2.347 0.0000000000
18290  -42.788  -71.465  2.169 0.0000000000
19214  -41.672  -69.964  1.238 0.0000000000
19231  -40.610  -69.154  -1.128 0.0000000000
19232  -41.490  -69.554  -1.464 0.0000000000
18343  -42.147  -69.868  -1.486 0.0000000000
19239  -41.586  -68.916  -2.512 0.0000000000
21077  -41.395  -67.293  -3.306 0.0000000000
20161  -40.874  -67.789  -2.788 0.0000000000
22958  -39.918  -65.384  -2.975 0.0000000000
22968  -39.313  -65.342  -3.249 0.0000000000
22075  -38.841  -65.806  -3.552 0.0000000000
22967  -38.249  -65.346  -3.010 0.0000000000
22012  -38.500  -66.804  4.285 0.0000000000
22043  -37.695  -66.662  1.873 0.0000000000
21049  -37.935  -67.076  1.339 0.0000000000
22047  -37.461  -66.330  0.920 0.0000000000
24673  -35.977  -63.262  0.898 0.0000000000
24657  -36.127  -63.787  1.153 0.0000000000
24686  -37.411  -63.700  -0.854 0.0000000000
24675  -37.231  -63.741  -0.221 0.0000000000
23790  -38.101  -64.795  -0.856 0.0000000000
23795  -37.867  -64.121  -1.315 0.0000000000
23802  -38.429  -64.483  -1.754 0.0000000000
23809  -35.801  -64.520  -2.920 0.0000000000
22955  -37.074  -64.717  -2.458 0.0000000000
22965  -35.804  -65.086  -3.459 0.0000000000
22981  -36.332  -65.782  -3.693 0.0000000000
14091  -44.949  -75.998  -1.438 0.0000000000
12559  -43.446  -77.834  -1.194 0.0000000000
13327  -43.054  -77.200  -1.644 0.0000000000
12556  -40.228  -77.851  -1.416 0.0000000000
11822  -40.949  -78.531  -1.034 0.0000000000
11821  -39.813  -78.522  -0.953 0.0000000000
11086  -39.040  -79.752  0.073 0.0000000000
11806  -38.375  -79.384  -0.493 0.0000000000
14103  -37.991  -75.849  -2.855 0.0000000000
13341  -38.624  -76.500  -2.290 0.0000000000
10313  -35.666  -80.776  -1.143 0.0000000000
19340  -44.023  -69.766  -8.464 0.0000000000
18461  -43.650  -70.315  -9.526 0.0000000000
15848  -44.612  -73.455  -7.309 0.0000000000
15868  -44.194  -73.394  -8.268 0.0000000000
15015  -42.670  -74.834  -9.047 0.0000000000
15036  -42.841  -74.306  -9.407 0.0000000000
14186  -43.163  -75.557  -8.279 0.0000000000
14996  -43.664  -74.753  -7.821 0.0000000000
13412  -43.196  -76.179  -7.637 0.0000000000
13393  -42.808  -76.562  -7.106 0.0000000000
13411  -42.786  -76.677  -7.730 0.0000000000
11903  -41.264  -78.689  -7.407 0.0000000000
11181  -41.487  -79.022  -7.164 0.0000000000
11160  -41.010  -79.901  -6.558 0.0000000000
22093  -39.954  -66.074  -4.098 0.0000000000
22094  -40.740  -66.320  -4.399 0.0000000000
21103  -40.166  -66.775  -4.544 0.0000000000
20187  -39.577  -67.667  -4.685 0.0000000000
20200  -39.024  -68.673  -5.388 0.0000000000
26607  -34.394  -61.812  1.093 0.0000000000
27616  -34.113  -61.083  0.900 0.0000000000
11090  -42.652  -79.270  -0.092 0.0000000000
15804  -40.648  -73.581  -5.484 0.0000000000
15803  -39.898  -73.947  -5.203 0.0000000000
14961  -39.789  -74.608  -5.651 0.0000000000
14139  -39.164  -75.718  -5.664 0.0000000000
13373  -37.788  -76.755  -5.355 0.0000000000
12598  -37.510  -77.619  -5.370 0.0000000000
13374  -38.756  -76.728  -5.699 0.0000000000
12600  -39.567  -77.792  -5.780 0.0000000000
12601  -40.589  -78.229  -5.849 0.0000000000
18328  -46.024  -71.128  -0.470 0.0000000000
18348  -46.700  -70.772  -1.307 0.0000000000
18361  -46.985  -70.561  -2.317 0.0000000000
21127  -44.502  -67.631  -5.432 0.0000000000
21109  -45.831  -67.747  -4.931 0.0000000000
21128  -45.389  -67.801  -5.564 0.0000000000
20207  -46.396  -68.565  -5.736 0.0000000000
18399  -46.249  -70.108  -5.293 0.0000000000
18398  -45.576  -70.503  -5.078 0.0000000000
18413  -46.253  -70.030  -6.205 0.0000000000
18429  -45.866  -70.442  -7.062 0.0000000000
16591  -43.663  -72.276  1.445 0.0000000000
18302  -43.535  -71.351  1.501 0.0000000000
19200  -40.264  -69.113  1.477 0.0000000000
19213  -40.790  -69.430  0.871 0.0000000000
19225  -40.216  -69.188  -0.114 0.0000000000
20149  -39.942  -68.654  -1.022 0.0000000000
20157  -40.253  -68.316  -1.859 0.0000000000
20160  -40.051  -67.451  -2.317 0.0000000000
21068  -39.614  -66.691  -2.192 0.0000000000
22952  -39.433  -65.274  -2.339 0.0000000000
22888  -36.989  -65.298  4.704 0.0000000000
22904  -37.427  -65.684  4.245 0.0000000000
22011  -37.832  -66.205  3.900 0.0000000000
22914  -37.222  -65.642  3.054 0.0000000000
25643  -35.917  -62.653  -0.466 0.0000000000
25625  -36.373  -62.969  -0.205 0.0000000000
25644  -36.369  -63.039  -0.787 0.0000000000
25657  -36.325  -63.117  -1.070 0.0000000000
24710  -36.427  -63.708  -1.666 0.0000000000
23800  -37.059  -64.221  -1.909 0.0000000000
23799  -36.168  -64.080  -2.135 0.0000000000
23808  -35.047  -63.839  -3.318 0.0000000000
14108  -43.695  -75.501  -2.140 0.0000000000
13345  -43.438  -76.366  -1.900 0.0000000000
13344  -42.245  -76.392  -2.114 0.0000000000
13325  -40.629  -77.135  -1.834 0.0000000000
13324  -39.437  -77.165  -1.866 0.0000000000
12570  -36.402  -77.638  -2.150 0.0000000000
15915  -42.035  -73.254  -11.858 0.0000000000
15916  -42.574  -73.331  -11.632 0.0000000000
15917  -42.834  -73.373  -11.256 0.0000000000
15050  -42.252  -74.253  -10.505 0.0000000000
14200  -42.229  -74.939  -9.434 0.0000000000
14185  -42.319  -75.632  -8.832 0.0000000000
12665  -42.436  -76.976  -8.038 0.0000000000
11920  -41.550  -78.041  -7.793 0.0000000000
11919  -40.869  -78.214  -7.929 0.0000000000
20172  -43.104  -68.074  -3.806 0.0000000000
19257  -44.049  -68.787  -3.282 0.0000000000
21090  -43.536  -67.663  -4.293 0.0000000000
21107  -43.942  -67.413  -4.746 0.0000000000
21105  -41.540  -66.699  -4.914 0.0000000000
21125  -42.474  -67.080  -5.277 0.0000000000
21126  -43.603  -67.523  -5.434 0.0000000000
20204  -43.284  -68.132  -5.976 0.0000000000
19295  -43.263  -68.985  -6.745 0.0000000000
16579  -42.052  -72.485  2.252 0.0000000000
19187  -41.481  -70.586  3.125 0.0000000000
19186  -41.164  -69.872  2.998 0.0000000000
20137  -39.556  -68.654  0.805 0.0000000000
24628  -34.561  -63.818  3.202 0.0000000000
24642  -34.966  -63.509  2.375 0.0000000000
23770  -35.671  -63.917  2.096 0.0000000000
24655  -35.282  -63.357  1.889 0.0000000000
25598  -35.615  -62.943  1.055 0.0000000000
26609  -35.444  -62.332  -0.124 0.0000000000
26622  -35.417  -62.385  -0.736 0.0000000000
14946  -41.368  -73.702  -3.213 0.0000000000
14931  -40.491  -74.771  -2.910 0.0000000000
14945  -40.640  -74.080  -3.384 0.0000000000
14120  -39.286  -75.156  -3.096 0.0000000000
13356  -37.145  -76.113  -3.186 0.0000000000
12578  -35.020  -78.259  -3.536 0.0000000000
11146  -37.466  -79.129  -5.357 0.0000000000
9621  -36.447  -80.823  -5.193 0.0000000000
9622  -37.619  -81.103  -5.276 0.0000000000
8918  -38.036  -82.255  -5.580 0.0000000000
14084  -44.634  -75.790  -0.548 0.0000000000
13319  -44.833  -76.330  -0.834 0.0000000000
14085  -45.374  -75.530  -0.838 0.0000000000
14092  -45.549  -75.307  -1.210 0.0000000000
14110  -45.135  -75.438  -1.506 0.0000000000
15754  -45.770  -74.133  -1.411 0.0000000000
14935  -45.133  -74.664  -1.672 0.0000000000
14934  -44.027  -74.582  -2.237 0.0000000000
15761  -44.420  -73.606  -2.258 0.0000000000
15760  -43.129  -73.388  -2.672 0.0000000000
19258  -45.225  -68.970  -3.143 0.0000000000
19259  -46.298  -69.198  -3.016 0.0000000000
21110  -46.360  -68.044  -4.863 0.0000000000
20176  -47.025  -69.107  -4.029 0.0000000000
16638  -43.721  -72.562  -2.720 0.0000000000
15773  -42.376  -73.120  -3.067 0.0000000000
16653  -42.578  -72.342  -3.404 0.0000000000
16652  -41.451  -72.683  -3.988 0.0000000000
16667  -41.828  -72.167  -4.728 0.0000000000
17550  -44.906  -71.194  -5.648 0.0000000000
17549  -43.759  -71.638  -5.519 0.0000000000
16678  -41.346  -72.801  -5.315 0.0000000000
16679  -42.193  -72.657  -5.831 0.0000000000
16695  -42.461  -73.427  -6.214 0.0000000000
15828  -43.637  -73.982  -6.507 0.0000000000
14894  -45.010  -74.804  -0.494 0.0000000000
15742  -45.320  -73.877  -0.337 0.0000000000
15732  -45.512  -73.190  -0.083 0.0000000000
15730  -44.224  -73.089  0.468 0.0000000000
16608  -45.279  -72.624  0.433 0.0000000000
17476  -45.603  -72.028  0.195 0.0000000000
18327  -45.229  -70.748  -0.199 0.0000000000
18346  -44.959  -70.336  -0.946 0.0000000000
18358  -43.855  -69.862  -2.051 0.0000000000
17448  -42.445  -71.976  2.443 0.0000000000
18309  -42.414  -70.242  0.434 0.0000000000
18325  -43.209  -70.343  -0.405 0.0000000000
18344  -42.888  -70.037  -1.683 0.0000000000
20162  -41.985  -68.036  -3.378 0.0000000000
21088  -41.717  -66.867  -3.642 0.0000000000
22077  -41.053  -66.289  -3.615 0.0000000000
22063  -40.422  -66.088  -3.142 0.0000000000
22959  -40.426  -65.937  -3.486 0.0000000000
22982  -40.584  -65.985  -4.066 0.0000000000
22092  -39.321  -66.069  -3.827 0.0000000000
21085  -38.518  -66.342  -3.754 0.0000000000
22027  -38.664  -67.164  3.627 0.0000000000
21032  -39.003  -67.679  3.031 0.0000000000
21050  -38.631  -67.598  1.852 0.0000000000
21057  -38.309  -67.499  0.750 0.0000000000
21060  -37.886  -66.421  -0.265 0.0000000000
23783  -36.501  -64.351  1.089 0.0000000000
22941  -36.851  -65.013  1.037 0.0000000000
23784  -37.088  -64.326  0.354 0.0000000000
22942  -37.333  -65.305  0.369 0.0000000000
22051  -37.666  -65.999  -0.017 0.0000000000
22052  -38.127  -65.919  -0.625 0.0000000000
22055  -38.655  -65.895  -1.250 0.0000000000
22951  -38.846  -65.051  -1.723 0.0000000000
22956  -37.715  -64.753  -2.455 0.0000000000
22073  -37.024  -65.940  -3.489 0.0000000000
22090  -36.645  -66.260  -3.943 0.0000000000
11089  -41.915  -79.504  -0.177 0.0000000000
12558  -42.536  -77.915  -1.409 0.0000000000
11809  -41.528  -79.087  -0.633 0.0000000000
11088  -41.054  -79.589  -0.156 0.0000000000
13342  -39.781  -76.348  -2.264 0.0000000000
12555  -39.036  -77.883  -1.447 0.0000000000
12553  -36.737  -78.197  -1.542 0.0000000000
12554  -37.772  -77.834  -1.551 0.0000000000
20215  -38.394  -68.766  -6.431 0.0000000000
19293  -41.227  -69.531  -6.588 0.0000000000
19294  -42.325  -69.347  -6.691 0.0000000000
19315  -42.867  -69.577  -7.596 0.0000000000
19316  -43.664  -69.322  -7.605 0.0000000000
19341  -44.773  -69.564  -7.986 0.0000000000
18446  -45.301  -70.015  -7.874 0.0000000000
17593  -45.227  -71.167  -7.958 0.0000000000
17592  -44.695  -71.201  -8.685 0.0000000000
16713  -45.390  -71.961  -7.373 0.0000000000
16712  -44.890  -72.586  -7.654 0.0000000000
15829  -44.324  -73.652  -6.806 0.0000000000
14981  -43.179  -74.889  -6.587 0.0000000000
15887  -43.009  -73.680  -9.982 0.0000000000
16739  -43.687  -72.852  -9.876 0.0000000000
15867  -43.602  -73.377  -9.174 0.0000000000
15017  -43.831  -74.153  -8.047 0.0000000000
14982  -43.861  -74.647  -7.053 0.0000000000
14157  -42.709  -75.815  -6.589 0.0000000000
13392  -42.279  -76.793  -6.489 0.0000000000
12619  -41.075  -77.601  -6.107 0.0000000000
12602  -41.130  -78.236  -5.896 0.0000000000
11869  -41.418  -78.854  -6.194 0.0000000000
10362  -39.690  -80.613  -5.618 0.0000000000
10343  -36.813  -79.690  -5.263 0.0000000000
10359  -36.997  -80.525  -5.216 0.0000000000
10385  -41.045  -80.043  -6.434 0.0000000000
10415  -40.570  -80.107  -6.966 0.0000000000
11066  -40.640  -79.992  0.416 0.0000000000
11087  -40.096  -79.645  -0.020 0.0000000000
11091  -43.003  -79.057  -0.024 0.0000000000
11134  -36.996  -79.413  -5.302 0.0000000000
11145  -36.875  -78.891  -5.279 0.0000000000
11161  -41.237  -79.465  -6.493 0.0000000000
11795  -42.513  -78.769  0.655 0.0000000000
11807  -39.426  -79.181  -0.486 0.0000000000
11810  -42.440  -78.965  -0.565 0.0000000000
11811  -43.136  -78.642  -0.303 0.0000000000
11817  -35.516  -78.917  -1.772 0.0000000000
11819  -37.437  -79.144  -0.905 0.0000000000
11823  -42.025  -78.525  -1.047 0.0000000000
11825  -43.413  -78.093  -0.772 0.0000000000
11842  -34.922  -78.684  -3.792 0.0000000000
11852  -35.314  -78.854  -4.361 0.0000000000
11853  -35.773  -78.491  -4.608 0.0000000000
11868  -40.921  -79.041  -5.751 0.0000000000
11883  -41.853  -78.403  -6.763 0.0000000000
12538  -43.329  -78.313  -0.080 0.0000000000
12557  -41.406  -77.882  -1.436 0.0000000000
12560  -43.745  -77.733  -0.928 0.0000000000
12568  -34.910  -78.296  -3.185 0.0000000000
12571  -37.025  -77.594  -1.830 0.0000000000
12579  -35.358  -77.895  -3.637 0.0000000000
12588  -35.557  -78.025  -4.196 0.0000000000
12599  -38.417  -77.691  -5.587 0.0000000000
12618  -40.350  -77.428  -5.979 0.0000000000
12620  -41.784  -77.825  -6.300 0.0000000000
13322  -37.782  -77.300  -1.879 0.0000000000
13328  -44.290  -77.025  -1.216 0.0000000000
13365  -37.294  -76.463  -4.933 0.0000000000
13390  -40.648  -76.708  -6.162 0.0000000000
13394  -43.247  -76.014  -7.287 0.0000000000
13427  -42.713  -76.354  -8.277 0.0000000000
14086  -45.851  -75.110  -1.003 0.0000000000
14093  -45.875  -74.978  -1.181 0.0000000000
14105  -40.025  -75.345  -2.701 0.0000000000
14109  -44.609  -75.462  -1.793 0.0000000000
14119  -38.642  -75.160  -3.516 0.0000000000
14127  -37.030  -76.218  -4.311 0.0000000000
14138  -38.139  -75.855  -5.194 0.0000000000
14173  -43.517  -75.541  -7.489 0.0000000000
14199  -41.754  -75.146  -9.409 0.0000000000
14915  -45.703  -74.748  -1.329 0.0000000000
14930  -40.004  -74.875  -3.032 0.0000000000
14932  -41.589  -74.510  -2.701 0.0000000000
14953  -38.842  -74.722  -4.166 0.0000000000
14962  -40.609  -74.395  -5.999 0.0000000000
14983  -44.340  -74.042  -7.131 0.0000000000
15035  -42.507  -74.426  -9.852 0.0000000000
15763  -45.831  -73.466  -1.483 0.0000000000
15770  -40.111  -73.797  -4.142 0.0000000000
15772  -41.762  -73.101  -3.380 0.0000000000
15786  -40.034  -73.693  -4.841 0.0000000000
15805  -41.415  -73.141  -5.763 0.0000000000
15825  -41.029  -74.102  -6.070 0.0000000000
15827  -42.776  -74.056  -6.396 0.0000000000
15903  -42.580  -73.719  -10.829 0.0000000000
15904  -43.012  -73.364  -10.904 0.0000000000
15923  -42.248  -73.094  -12.216 0.0000000000
15924  -42.410  -73.216  -12.048 0.0000000000
16580  -42.201  -72.291  2.413 0.0000000000
16590  -42.702  -72.358  1.827 0.0000000000
16607  -44.453  -72.583  1.018 0.0000000000
16621  -45.848  -72.648  -0.186 0.0000000000
16637  -43.097  -72.732  -2.878 0.0000000000
16666  -41.028  -72.890  -4.602 0.0000000000
16668  -42.577  -71.744  -4.365 0.0000000000
16681  -44.353  -72.093  -6.108 0.0000000000
16696  -43.121  -73.270  -6.235 0.0000000000
16724  -43.996  -72.732  -9.092 0.0000000000
16726  -45.071  -71.955  -7.870 0.0000000000
16765  -42.879  -73.183  -11.926 0.0000000000
17459  -43.972  -71.895  1.533 0.0000000000
17473  -41.385  -72.315  0.949 0.0000000000
17474  -44.451  -71.719  1.273 0.0000000000
17475  -45.061  -71.937  1.002 0.0000000000
17491  -41.352  -72.326  0.542 0.0000000000
17511  -44.517  -71.758  -2.862 0.0000000000
17524  -44.250  -71.041  -3.714 0.0000000000
17535  -42.488  -71.827  -4.940 0.0000000000
17547  -42.275  -72.063  -5.278 0.0000000000
17548  -42.849  -71.971  -5.428 0.0000000000
17551  -45.824  -70.693  -5.740 0.0000000000
17552  -46.170  -70.382  -5.847 0.0000000000
17579  -45.695  -71.374  -7.151 0.0000000000
18313  -45.780  -71.621  -0.120 0.0000000000
18347  -45.892  -70.313  -1.137 0.0000000000
18357  -43.231  -69.657  -2.342 0.0000000000
18359  -44.795  -69.990  -1.685 0.0000000000
18375  -44.941  -70.710  -3.876 0.0000000000
18386  -44.343  -70.798  -4.245 0.0000000000
18412  -46.007  -70.601  -6.451 0.0000000000
18430  -46.020  -69.620  -6.781 0.0000000000
18444  -44.120  -70.070  -8.981 0.0000000000
19224  -39.799  -68.905  0.268 0.0000000000
19233  -42.108  -69.587  -2.020 0.0000000000
19234  -46.090  -70.007  -1.540 0.0000000000
19235  -46.347  -70.093  -1.588 0.0000000000
19256  -43.214  -68.787  -3.229 0.0000000000
19280  -40.718  -69.024  -5.687 0.0000000000
19297  -45.725  -68.978  -6.801 0.0000000000
19317  -44.364  -69.110  -7.325 0.0000000000
19320  -45.877  -69.249  -6.807 0.0000000000
20108  -39.323  -68.061  2.834 0.0000000000
20163  -42.718  -68.519  -3.340 0.0000000000
20189  -41.012  -67.318  -5.007 0.0000000000
20192  -46.223  -68.183  -4.433 0.0000000000
20193  -46.777  -68.615  -4.775 0.0000000000
20205  -43.860  -67.907  -5.961 0.0000000000
20206  -45.897  -68.155  -5.970 0.0000000000
20216  -43.708  -68.586  -6.548 0.0000000000
20219  -45.660  -68.520  -6.481 0.0000000000
20220  -46.092  -68.514  -6.205 0.0000000000
20236  -44.456  -68.797  -6.897 0.0000000000
20238  -45.259  -68.865  -6.888 0.0000000000
21033  -39.385  -68.105  3.312 0.0000000000
21075  -40.317  -66.697  -2.753 0.0000000000
21086  -38.971  -66.190  -3.804 0.0000000000
21087  -41.273  -66.540  -3.528 0.0000000000
21101  -37.902  -66.937  -3.991 0.0000000000
21104  -41.065  -66.863  -4.823 0.0000000000
21106  -42.853  -66.968  -4.883 0.0000000000
21123  -41.237  -67.233  -5.072 0.0000000000
21143  -44.793  -67.953  -6.039 0.0000000000
21144  -45.348  -68.110  -6.144 0.0000000000
22076  -39.557  -65.755  -3.652 0.0000000000
22079  -42.179  -66.623  -4.569 0.0000000000
22111  -41.848  -66.653  -5.037 0.0000000000
22112  -42.046  -66.545  -4.958 0.0000000000
22947  -37.871  -65.237  -0.508 0.0000000000
22970  -40.898  -66.024  -3.907 0.0000000000
22971  -41.277  -66.180  -4.173 0.0000000000
22984  -41.275  -66.264  -4.322 0.0000000000
23748  -36.323  -64.895  3.653 0.0000000000
23794  -37.469  -63.993  -1.481 0.0000000000
23796  -38.273  -64.594  -1.234 0.0000000000
24643  -35.420  -63.684  2.117 0.0000000000
24696  -36.214  -63.357  -1.453 0.0000000000
24697  -36.791  -63.452  -1.223 0.0000000000
25623  -35.365  -62.634  0.877 0.0000000000
25655  -35.210  -62.561  -1.416 0.0000000000
25656  -35.743  -62.856  -1.225 0.0000000000
