#!ascii label  , from subject bert vox2ras=TkReg
2128
6330  -34.624  -86.890  -5.470 0.1000000015
5672  -34.343  -88.053  -5.983 0.1000000015
5650  -31.999  -87.950  -5.543 0.1000000015
4960  -32.911  -88.844  -6.580 0.1000000015
4959  -31.935  -89.063  -7.062 0.1000000015
4976  -32.772  -89.088  -8.016 0.1000000015
4974  -31.006  -89.264  -8.337 0.1000000015
4402  -31.969  -89.035  -9.584 0.1000000015
5042  -32.973  -89.120  -10.840 0.1000000015
5041  -32.660  -87.810  -10.856 0.1000000015
5057  -33.126  -88.399  -11.860 0.1000000015
5056  -32.868  -88.022  -11.895 0.1000000015
5751  -33.258  -87.613  -12.495 0.1000000015
7122  -34.933  -85.844  -14.000 0.1000000015
5737  -33.022  -87.174  -11.853 0.1000000015
7105  -33.220  -85.763  -12.739 0.1000000015
6450  -33.362  -86.813  -12.554 0.1000000015
7653  -33.566  -84.746  -5.818 0.1000000015
6329  -34.224  -86.708  -5.952 0.1000000015
6980  -33.795  -85.935  -5.964 0.1000000015
5671  -33.949  -87.892  -6.689 0.1000000015
7003  -33.703  -86.297  -7.445 0.1000000015
6358  -33.731  -87.293  -7.356 0.1000000015
5686  -33.413  -88.107  -7.640 0.1000000015
7024  -33.726  -87.203  -8.387 0.1000000015
4392  -32.798  -89.450  -9.046 0.1000000015
5009  -34.069  -88.466  -9.951 0.1000000015
5043  -34.074  -88.845  -11.048 0.1000000015
5752  -33.709  -88.257  -12.577 0.1000000015
9724  -37.001  -81.116  -12.712 0.1000000015
9048  -37.884  -82.120  -13.757 0.1000000015
8373  -37.612  -83.456  -13.753 0.1000000015
7781  -36.566  -84.483  -14.969 0.1000000015
7142  -35.815  -85.266  -14.466 0.1000000015
7123  -35.761  -86.038  -13.861 0.1000000015
6467  -34.966  -87.232  -13.309 0.1000000015
7121  -33.976  -85.901  -13.446 0.1000000015
5768  -33.670  -87.285  -13.021 0.1000000015
8907  -33.339  -82.161  -4.125 0.1000000015
8916  -35.191  -81.942  -5.766 0.2000000030
8915  -34.143  -82.106  -5.616 0.2000000030
8914  -33.537  -82.431  -4.982 0.1000000015
8925  -35.884  -82.859  -6.250 0.1000000015
8299  -35.137  -83.890  -7.015 0.1000000015
8923  -33.747  -82.906  -5.811 0.1000000015
7664  -34.193  -84.395  -7.208 0.1000000015
12637  -32.382  -77.433  -7.198 0.1000000015
11171  -32.034  -78.885  -8.040 0.1000000015
7703  -35.180  -85.468  -8.552 0.1000000015
7025  -34.707  -86.149  -8.945 0.1000000015
132425  -33.684  -87.948  -9.019 0.1000000015
11916  -32.057  -78.807  -8.791 0.1000000015
11193  -32.537  -79.479  -8.889 0.1000000015
10436  -32.939  -80.203  -8.978 0.1000000015
9691  -34.067  -81.432  -10.152 0.1000000015
8980  -34.284  -81.835  -10.133 0.1000000015
8999  -35.468  -82.217  -11.322 0.1000000015
7048  -34.967  -86.781  -9.715 0.1000000015
6393  -34.915  -87.337  -10.074 0.1000000015
5059  -34.303  -88.646  -11.787 0.1000000015
10457  -33.383  -80.631  -9.608 0.1000000015
10472  -34.479  -80.862  -11.056 0.1000000015
9704  -34.876  -81.262  -11.228 0.1000000015
9000  -36.184  -82.709  -11.712 0.1000000015
8365  -36.695  -83.000  -12.116 0.1000000015
7749  -37.392  -84.558  -11.560 0.1000000015
7766  -37.471  -84.601  -12.809 0.1000000015
5725  -35.078  -87.927  -11.269 0.1000000015
5753  -34.421  -88.245  -12.470 0.1000000015
9705  -35.422  -81.059  -11.724 0.1000000015
9026  -36.352  -81.959  -12.170 0.1000000015
9027  -37.275  -82.148  -12.757 0.1000000015
8366  -37.373  -83.408  -12.666 0.1000000015
7107  -37.156  -85.717  -12.557 0.1000000015
7124  -36.531  -85.884  -13.374 0.1000000015
7144  -36.990  -85.114  -13.945 0.1000000015
6468  -35.831  -86.552  -13.369 0.1000000015
5770  -34.223  -87.980  -12.965 0.1000000015
9620  -35.529  -81.101  -5.280 0.2000000030
10339  -34.065  -80.797  -4.465 0.1000000015
11121  -34.391  -79.675  -3.786 0.2000000030
11833  -34.543  -78.969  -3.174 0.2000000030
8917  -36.589  -81.901  -5.547 0.1000000015
8300  -36.546  -83.750  -6.689 0.1000000015
13386  -31.792  -76.003  -6.917 0.1000000015
13406  -31.999  -76.695  -7.048 0.1000000015
8312  -36.215  -84.372  -7.310 0.1000000015
7005  -36.027  -85.313  -8.315 0.1000000015
7050  -36.342  -86.071  -9.240 0.1000000015
11172  -32.557  -79.398  -7.922 0.1000000015
10437  -33.271  -80.675  -8.665 0.1000000015
9661  -33.814  -81.469  -8.837 0.1000000015
7049  -35.678  -86.262  -9.498 0.1000000015
8946  -34.479  -82.135  -9.160 0.1000000015
8965  -34.906  -82.510  -9.759 0.1000000015
8348  -36.324  -83.471  -11.078 0.1000000015
7734  -37.646  -84.803  -10.232 0.1000000015
7069  -37.589  -85.465  -10.731 0.1000000015
6436  -36.392  -86.804  -11.593 0.1000000015
6417  -35.725  -87.182  -10.771 0.1000000015
7106  -36.649  -86.231  -12.719 0.1000000015
6451  -35.253  -87.802  -12.513 0.1000000015
11148  -39.399  -79.707  -5.475 0.1000000015
11147  -38.331  -79.452  -5.394 0.1000000015
10361  -38.618  -80.443  -5.340 0.1000000015
10360  -37.427  -80.011  -5.280 0.1000000015
11133  -36.396  -79.175  -5.142 0.2000000030
11132  -35.698  -79.339  -4.830 0.2000000030
9611  -36.041  -80.385  -5.174 0.2000000030
11843  -35.315  -78.347  -4.145 0.2000000030
12578  -35.020  -78.259  -3.536 0.2000000030
8926  -37.220  -82.994  -6.108 0.1000000015
8918  -38.036  -82.255  -5.580 0.1000000015
8301  -37.682  -83.912  -6.646 0.1000000015
13387  -32.669  -76.525  -6.841 0.1000000015
12638  -33.254  -77.967  -7.113 0.1000000015
11881  -33.983  -77.863  -6.961 0.1000000015
11897  -34.976  -78.325  -7.225 0.1000000015
7007  -37.646  -85.510  -8.127 0.1000000015
14150  -31.682  -75.122  -6.809 0.1000000015
14975  -32.164  -74.451  -6.595 0.1000000015
11895  -32.918  -78.568  -7.425 0.1000000015
9642  -34.139  -81.155  -8.063 0.1000000015
9643  -35.175  -81.269  -7.888 0.1000000015
8317  -36.314  -83.277  -9.284 0.1000000015
8329  -37.420  -83.948  -9.168 0.1000000015
7722  -38.100  -84.796  -9.513 0.1000000015
7029  -38.164  -85.227  -8.447 0.1000000015
6372  -37.332  -86.183  -9.253 0.1000000015
14974  -31.161  -74.305  -6.824 0.1000000015
8966  -35.640  -83.073  -9.763 0.1000000015
7720  -37.170  -84.242  -9.702 0.1000000015
7070  -37.963  -85.338  -9.957 0.1000000015
6418  -36.860  -86.558  -10.658 0.1000000015
15820  -30.595  -73.652  -6.933 0.1000000015
17562  -30.118  -71.836  -6.779 0.1000000015
16690  -29.688  -72.211  -7.174 0.1000000015
17561  -29.733  -71.390  -7.115 0.1000000015
11150  -41.068  -79.718  -5.988 0.1000000015
11149  -40.382  -79.819  -5.665 0.1000000015
11160  -41.010  -79.901  -6.558 0.1000000015
10363  -40.546  -80.502  -6.020 0.1000000015
11866  -38.975  -78.707  -5.570 0.1000000015
11146  -37.466  -79.129  -5.357 0.1000000015
11854  -36.425  -78.306  -5.037 0.2000000030
10384  -40.668  -80.374  -6.556 0.1000000015
9624  -39.786  -81.353  -6.040 0.1000000015
9623  -38.913  -81.443  -5.487 0.1000000015
12597  -36.749  -77.517  -5.042 0.2000000030
10414  -40.049  -80.566  -7.056 0.1000000015
9625  -40.299  -80.883  -6.351 0.1000000015
16694  -33.194  -72.568  -6.607 0.1000000015
15823  -32.857  -73.601  -6.496 0.1000000015
15824  -33.649  -74.039  -6.713 0.1000000015
14152  -33.337  -75.664  -6.692 0.1000000015
13388  -33.643  -76.511  -6.808 0.1000000015
12617  -34.107  -77.193  -6.892 0.1000000015
11178  -39.359  -79.703  -7.503 0.1000000015
9647  -39.401  -81.361  -7.130 0.1000000015
8919  -39.051  -82.284  -5.993 0.1000000015
8927  -38.330  -83.099  -6.238 0.1000000015
14976  -33.095  -74.688  -6.616 0.1000000015
11174  -34.719  -79.494  -7.372 0.1000000015
11175  -35.911  -79.502  -7.454 0.1000000015
10410  -35.556  -80.450  -7.590 0.1000000015
8935  -38.533  -82.681  -7.636 0.1000000015
8303  -38.492  -83.635  -7.379 0.1000000015
7666  -38.137  -84.337  -7.169 0.1000000015
17576  -32.508  -71.307  -6.739 0.1000000015
10411  -36.772  -80.554  -7.638 0.1000000015
9665  -37.588  -82.358  -8.011 0.1000000015
8934  -37.913  -82.467  -7.906 0.1000000015
8314  -38.404  -83.816  -8.055 0.1000000015
7688  -38.315  -84.507  -7.797 0.1000000015
16693  -32.298  -72.658  -6.464 0.1000000015
16692  -31.358  -72.643  -6.502 0.1000000015
17564  -31.852  -71.729  -6.546 0.1000000015
17563  -30.852  -71.808  -6.610 0.1000000015
18409  -30.256  -71.029  -6.877 0.1000000015
18424  -29.531  -70.707  -7.309 0.1000000015
18423  -28.745  -70.843  -7.883 0.1000000015
11867  -40.040  -78.921  -5.617 0.1000000015
11180  -40.974  -79.575  -6.983 0.1000000015
11903  -41.264  -78.689  -7.407 0.1000000015
11869  -41.418  -78.854  -6.194 0.1000000015
11865  -37.976  -78.507  -5.454 0.1000000015
11179  -40.258  -79.643  -7.312 0.1000000015
11918  -40.137  -78.269  -7.984 0.1000000015
12601  -40.589  -78.229  -5.849 0.1000000015
12598  -37.510  -77.619  -5.370 0.1000000015
11900  -38.605  -78.776  -7.698 0.1000000015
11901  -39.654  -78.698  -7.768 0.1000000015
13372  -37.155  -76.951  -5.115 0.2000000030
15845  -33.655  -73.287  -6.755 0.1000000015
14977  -34.077  -74.922  -6.894 0.1000000015
14169  -34.720  -75.733  -7.237 0.1000000015
11177  -38.281  -79.679  -7.567 0.1000000015
10413  -39.017  -80.615  -7.398 0.1000000015
13373  -37.788  -76.755  -5.355 0.1000000015
14137  -37.603  -76.218  -5.030 0.2000000030
12639  -34.821  -77.303  -7.142 0.1000000015
11898  -36.325  -78.549  -7.504 0.1000000015
11176  -37.130  -79.603  -7.559 0.1000000015
9645  -37.646  -81.742  -7.777 0.1000000015
18411  -32.002  -70.949  -6.723 0.1000000015
18410  -31.241  -70.898  -6.676 0.1000000015
19289  -30.711  -70.379  -6.850 0.1000000015
19308  -30.688  -69.651  -7.113 0.1000000015
18425  -30.164  -70.277  -7.030 0.1000000015
19307  -29.726  -69.710  -7.299 0.1000000015
19306  -28.792  -69.852  -7.710 0.1000000015
12662  -40.343  -77.590  -8.304 0.1000000015
12663  -41.148  -77.520  -8.289 0.1000000015
11920  -41.550  -78.041  -7.793 0.1000000015
13423  -39.712  -76.753  -8.491 0.1000000015
11919  -40.869  -78.214  -7.929 0.1000000015
12644  -41.989  -77.882  -7.671 0.1000000015
12602  -41.130  -78.236  -5.896 0.1000000015
12661  -39.487  -77.760  -8.164 0.1000000015
11884  -42.350  -77.972  -6.971 0.1000000015
12600  -39.567  -77.792  -5.780 0.1000000015
12642  -37.912  -77.744  -7.825 0.1000000015
12660  -38.592  -77.431  -8.079 0.1000000015
12619  -41.075  -77.601  -6.107 0.1000000015
17578  -34.152  -71.845  -7.600 0.1000000015
16709  -33.975  -72.576  -7.141 0.1000000015
16710  -34.779  -72.671  -8.021 0.1000000015
15846  -34.367  -73.712  -7.243 0.1000000015
14993  -34.988  -74.773  -7.528 0.1000000015
13407  -35.233  -76.578  -7.349 0.1000000015
13408  -36.169  -76.673  -7.595 0.1000000015
12641  -36.774  -77.662  -7.667 0.1000000015
13391  -41.516  -76.807  -6.257 0.1000000015
13374  -38.756  -76.728  -5.699 0.1000000015
17577  -33.353  -71.511  -7.041 0.1000000015
12640  -35.709  -77.515  -7.413 0.1000000015
11899  -37.503  -78.671  -7.630 0.1000000015
14139  -39.164  -75.718  -5.664 0.1000000015
18428  -33.355  -70.543  -7.628 0.1000000015
19310  -32.834  -69.646  -7.848 0.1000000015
19309  -31.812  -69.600  -7.259 0.1000000015
20232  -31.803  -68.921  -7.778 0.1000000015
21166  -31.024  -67.516  -8.712 0.1000000015
20230  -30.103  -68.891  -7.518 0.1000000015
21165  -29.891  -67.507  -8.698 0.1000000015
14197  -40.493  -75.409  -9.197 0.1000000015
14183  -40.877  -75.989  -8.890 0.1000000015
13425  -41.391  -76.719  -8.557 0.1000000015
14182  -40.026  -75.808  -8.869 0.1000000015
13426  -42.095  -76.549  -8.494 0.1000000015
13422  -38.765  -76.734  -8.344 0.1000000015
15013  -39.333  -74.779  -9.246 0.1000000015
12665  -42.436  -76.976  -8.038 0.1000000015
12621  -42.323  -77.581  -6.817 0.1000000015
13410  -37.936  -76.772  -8.067 0.1000000015
14180  -37.906  -75.791  -8.354 0.1000000015
13411  -42.786  -76.677  -7.730 0.1000000015
18443  -34.272  -70.527  -8.825 0.1000000015
14171  -36.583  -75.813  -7.862 0.1000000015
14172  -37.324  -76.136  -8.038 0.1000000015
13393  -42.808  -76.562  -7.106 0.1000000015
13375  -39.745  -76.689  -5.954 0.1000000015
18442  -33.853  -70.547  -8.211 0.1000000015
17590  -34.485  -71.461  -8.349 0.1000000015
16721  -34.963  -72.152  -8.590 0.1000000015
15847  -35.239  -73.798  -7.931 0.1000000015
14170  -35.611  -75.716  -7.612 0.1000000015
14156  -41.923  -75.861  -6.294 0.1000000015
19333  -33.597  -69.616  -8.714 0.1000000015
21168  -32.891  -68.148  -8.856 0.1000000015
19332  -32.985  -69.210  -8.358 0.1000000015
21167  -32.038  -67.784  -8.732 0.1000000015
21183  -31.704  -67.039  -9.441 0.1000000015
15866  -38.375  -74.065  -9.211 0.1000000015
15031  -39.666  -74.222  -9.664 0.1000000015
14184  -41.590  -75.892  -8.895 0.1000000015
15882  -37.793  -73.351  -9.503 0.1000000015
14199  -41.754  -75.146  -9.409 0.1000000015
15863  -35.869  -73.709  -8.435 0.1000000015
15864  -36.553  -73.664  -8.846 0.1000000015
15865  -37.513  -73.957  -8.954 0.1000000015
15012  -38.215  -74.827  -8.749 0.1000000015
14185  -42.319  -75.632  -8.832 0.1000000015
19334  -34.136  -70.046  -9.194 0.1000000015
18457  -34.579  -70.516  -9.555 0.1000000015
14994  -36.043  -74.739  -8.037 0.1000000015
14995  -36.681  -75.204  -8.128 0.1000000015
13412  -43.196  -76.179  -7.637 0.1000000015
19356  -34.256  -69.461  -9.566 0.1000000015
13392  -42.279  -76.793  -6.489 0.1000000015
14155  -41.007  -75.850  -6.336 0.1000000015
19355  -33.815  -69.079  -9.214 0.1000000015
20263  -33.482  -68.664  -9.052 0.1000000015
21185  -33.584  -67.737  -9.407 0.1000000015
22147  -34.233  -67.090  -9.883 0.1000000015
21184  -32.676  -67.298  -9.349 0.1000000015
22146  -33.386  -66.778  -9.891 0.1000000015
22169  -33.805  -66.251  -11.536 0.1000000015
15032  -40.340  -74.703  -9.638 0.1000000015
14198  -41.079  -75.288  -9.342 0.1000000015
15033  -41.321  -74.559  -10.059 0.1000000015
15034  -41.995  -74.680  -10.019 0.1000000015
18458  -35.062  -70.743  -10.159 0.1000000015
16735  -35.928  -72.106  -9.624 0.1000000015
16723  -36.492  -73.040  -9.262 0.1000000015
15881  -37.018  -73.302  -9.287 0.1000000015
20276  -34.604  -68.599  -9.871 0.1000000015
19370  -34.784  -69.242  -10.144 0.1000000015
18470  -34.726  -70.002  -10.244 0.1000000015
17603  -34.721  -71.158  -9.058 0.1000000015
17604  -35.299  -71.501  -9.607 0.1000000015
16722  -35.696  -72.634  -8.960 0.1000000015
13428  -43.096  -76.299  -8.024 0.1000000015
21186  -34.364  -67.847  -9.717 0.1000000015
22158  -35.032  -66.951  -10.496 0.1000000015
22171  -35.754  -66.318  -11.298 0.1000000015
23043  -35.475  -65.424  -11.736 0.1000000015
22170  -34.681  -66.076  -11.488 0.1000000015
23042  -34.780  -65.278  -11.911 0.1000000015
16738  -38.604  -73.009  -10.119 0.1000000015
15899  -39.639  -73.230  -10.280 0.1000000015
15900  -40.410  -73.480  -10.457 0.1000000015
15901  -41.180  -73.826  -10.631 0.1000000015
16751  -40.840  -73.081  -10.938 0.1000000015
16737  -38.062  -72.933  -10.117 0.1000000015
16736  -36.773  -72.512  -9.874 0.1000000015
21200  -35.584  -67.816  -10.491 0.1000000015
20278  -35.816  -68.454  -10.751 0.1000000015
22159  -36.010  -67.165  -10.879 0.1000000015
16763  -40.332  -72.477  -11.579 0.1000000015
16748  -37.511  -72.389  -10.776 0.1000000015
20286  -35.643  -69.026  -10.853 0.1000000015
19378  -35.686  -69.659  -11.240 0.1000000015
17611  -35.585  -71.220  -10.432 0.1000000015
16747  -36.856  -72.136  -10.652 0.1000000015
22160  -36.452  -67.428  -11.142 0.1000000015
23889  -35.942  -64.653  -11.805 0.1000000015
23888  -35.143  -64.568  -11.834 0.1000000015
24792  -34.748  -63.662  -11.708 0.1000000015
16761  -38.015  -72.145  -11.458 0.1000000015
17613  -36.898  -71.905  -11.221 0.1000000015
17622  -37.204  -71.710  -12.004 0.1000000015
20287  -36.304  -68.830  -11.340 0.1000000015
18471  -35.328  -70.403  -10.827 0.1000000015
17620  -35.815  -71.051  -11.085 0.1000000015
17621  -36.336  -71.286  -11.698 0.1000000015
21201  -36.218  -67.926  -10.908 0.1000000015
24794  -36.219  -64.094  -11.875 0.1000000015
24793  -35.669  -63.774  -11.861 0.1000000015
24805  -35.804  -63.205  -12.209 0.1000000015
25748  -35.195  -62.844  -11.984 0.1000000015
17630  -36.665  -71.159  -12.566 0.1000000015
19379  -36.231  -69.755  -11.934 0.1000000015
18483  -36.291  -70.527  -12.384 0.1000000015
22173  -37.438  -66.575  -12.089 0.1000000015
23044  -36.523  -65.556  -11.823 0.1000000015
23903  -36.621  -64.533  -11.989 0.1000000015
25758  -35.889  -62.637  -12.698 0.1000000015
21213  -37.494  -67.634  -12.165 0.1000000015
23045  -37.072  -66.129  -11.926 0.1000000015
23904  -37.333  -64.450  -12.473 0.1000000015
24806  -36.495  -63.574  -12.364 0.1000000015
25759  -36.446  -62.971  -12.887 0.1000000015
25771  -36.028  -62.340  -13.142 0.1000000015
25772  -36.483  -62.567  -13.547 0.1000000015
23058  -37.522  -65.631  -12.397 0.1000000015
24807  -37.284  -63.689  -12.912 0.1000000015
24818  -36.873  -63.209  -13.072 0.1000000015
24819  -37.503  -63.463  -13.858 0.1000000015
4943  -33.085  -88.449  -5.372 0.1000000015
5670  -31.814  -88.631  -6.351 0.1000000015
4977  -33.350  -88.534  -6.959 0.1000000015
4975  -31.668  -89.527  -8.156 0.1000000015
132419  -33.459  -88.433  -8.588 0.1000000015
4390  -31.415  -89.491  -8.939 0.1000000015
4990  -31.095  -88.899  -8.898 0.1000000015
5027  -33.451  -88.995  -9.941 0.1000000015
6990  -33.617  -86.053  -6.775 0.1000000015
8298  -33.806  -83.832  -6.482 0.1000000015
6349  -33.921  -86.805  -6.627 0.1000000015
7004  -34.003  -85.995  -8.169 0.1000000015
6371  -34.267  -87.569  -9.535 0.1000000015
5724  -34.692  -88.049  -10.524 0.1000000015
9725  -37.685  -81.268  -13.351 0.1000000015
9083  -37.379  -82.917  -14.995 0.1000000015
7773  -37.355  -84.460  -13.882 0.1000000015
7796  -37.154  -84.103  -15.089 0.1000000015
9618  -33.887  -81.738  -5.123 0.1000000015
8924  -34.616  -82.892  -6.180 0.1000000015
10357  -34.922  -80.771  -5.100 0.2000000030
7684  -34.682  -85.038  -7.937 0.1000000015
12615  -32.739  -77.076  -6.969 0.1000000015
10408  -33.429  -80.379  -7.985 0.1000000015
8347  -35.736  -82.976  -10.808 0.1000000015
9025  -35.831  -81.527  -11.898 0.1000000015
8349  -37.013  -83.789  -11.695 0.1000000015
7748  -37.060  -84.261  -10.953 0.1000000015
7125  -37.212  -85.198  -13.354 0.1000000015
7088  -37.452  -85.302  -11.814 0.1000000015
6435  -35.601  -87.566  -11.801 0.1000000015
6437  -37.217  -86.115  -11.444 0.1000000015
6452  -36.035  -86.872  -12.663 0.1000000015
9621  -36.447  -80.823  -5.193 0.1000000015
10341  -35.511  -80.086  -4.966 0.2000000030
11131  -35.029  -79.485  -4.406 0.2000000030
9622  -37.619  -81.103  -5.276 0.1000000015
7686  -37.052  -84.912  -7.566 0.1000000015
6395  -36.644  -86.458  -9.739 0.1000000015
9641  -33.612  -80.967  -8.334 0.1000000015
8947  -35.480  -82.610  -9.009 0.1000000015
8327  -36.188  -83.554  -9.820 0.1000000015
7721  -37.634  -84.328  -9.422 0.1000000015
6419  -37.475  -86.139  -10.527 0.1000000015
11173  -33.629  -79.504  -7.552 0.1000000015
7008  -38.185  -85.183  -7.885 0.1000000015
15822  -31.804  -73.516  -6.499 0.1000000015
9663  -35.897  -82.061  -8.290 0.1000000015
9664  -37.003  -82.188  -8.201 0.1000000015
8948  -36.606  -82.765  -8.683 0.1000000015
8320  -38.243  -83.928  -8.474 0.1000000015
6373  -37.493  -86.228  -9.528 0.1000000015
15844  -29.968  -73.578  -7.403 0.1000000015
11181  -41.487  -79.022  -7.164 0.1000000015
10362  -39.690  -80.613  -5.618 0.1000000015
9632  -39.894  -81.231  -6.601 0.1000000015
13364  -36.789  -76.627  -4.486 0.2000000030
8928  -38.980  -82.892  -6.758 0.1000000015
9646  -38.686  -81.531  -7.487 0.1000000015
8929  -39.236  -82.027  -6.935 0.1000000015
8302  -38.430  -83.727  -6.874 0.1000000015
10412  -37.955  -80.635  -7.570 0.1000000015
14154  -40.096  -75.754  -6.097 0.1000000015
20250  -31.467  -68.321  -8.174 0.1000000015
20229  -29.248  -69.054  -7.639 0.1000000015
20233  -32.217  -69.216  -7.776 0.1000000015
20249  -30.500  -68.149  -8.028 0.1000000015
14179  -37.101  -75.531  -8.156 0.1000000015
22145  -32.450  -66.632  -10.087 0.1000000015
17612  -36.329  -71.669  -10.703 0.1000000015
19200  -40.264  -69.113  1.477 0.5000000000
14913  -41.877  -74.165  -0.868 0.5000000000
15751  -41.347  -73.476  -0.949 0.5000000000
20137  -39.556  -68.654  0.805 0.5000000000
19201  -41.028  -69.629  1.945 0.5000000000
15753  -42.526  -73.568  -0.602 0.5000000000
21060  -37.886  -66.421  -0.265 0.5000000000
20147  -38.758  -68.022  0.185 0.5000000000
19212  -40.125  -69.073  0.677 0.5000000000
16619  -42.884  -72.822  0.182 0.5000000000
21061  -38.236  -66.947  -0.512 0.5000000000
20148  -39.417  -68.521  -0.350 0.5000000000
20155  -38.827  -67.700  -0.826 0.4000000060
20149  -39.942  -68.654  -1.022 0.4000000060
14894  -45.010  -74.804  -0.494 0.5000000000
14084  -44.634  -75.790  -0.548 0.5000000000
14895  -45.712  -74.642  -0.732 0.5000000000
16633  -46.180  -72.875  -1.358 0.5000000000
16634  -46.430  -72.551  -1.276 0.5000000000
17514  -46.864  -71.252  -2.398 0.4000000060
20176  -47.025  -69.107  -4.029 0.4000000060
16628  -37.481  -72.530  -1.578 0.1000000015
15750  -40.425  -73.359  -1.203 0.5000000000
20136  -38.997  -68.116  1.332 0.5000000000
20125  -39.689  -68.614  1.946 0.5000000000
19202  -41.673  -70.327  2.347 0.4000000060
16632  -41.707  -73.013  -0.576 0.5000000000
21056  -37.781  -66.789  0.328 0.5000000000
21057  -38.309  -67.499  0.750 0.5000000000
22051  -37.666  -65.999  -0.017 0.5000000000
23784  -37.088  -64.326  0.354 0.5000000000
23789  -37.673  -64.422  -0.573 0.5000000000
22052  -38.127  -65.919  -0.625 0.5000000000
24675  -37.231  -63.741  -0.221 0.4000000060
23790  -38.101  -64.795  -0.856 0.3000000119
21067  -38.929  -66.791  -1.484 0.4000000060
20156  -39.475  -67.789  -1.536 0.4000000060
22948  -38.385  -65.189  -1.024 0.3000000119
19226  -41.290  -69.774  -0.120 0.6999999881
18309  -42.414  -70.242  0.434 0.5000000000
24686  -37.411  -63.700  -0.854 0.3000000119
23795  -37.867  -64.121  -1.315 0.3000000119
22055  -38.655  -65.895  -1.250 0.3000000119
19231  -40.610  -69.154  -1.128 0.5000000000
18324  -42.201  -70.093  -0.781 0.6000000238
18310  -43.466  -70.638  0.735 0.6000000238
16591  -43.663  -72.276  1.445 0.6000000238
15740  -43.195  -73.697  -0.472 0.5000000000
14893  -44.006  -74.826  -0.495 0.3000000119
23802  -38.429  -64.483  -1.754 0.3000000119
22056  -39.291  -65.832  -1.938 0.3000000119
20160  -40.051  -67.451  -2.317 0.4000000060
18343  -42.147  -69.868  -1.486 0.5000000000
18326  -44.260  -70.527  -0.139 0.6000000238
18312  -45.390  -71.427  0.244 0.6000000238
15731  -44.907  -73.207  0.256 0.5000000000
15742  -45.320  -73.877  -0.337 0.5000000000
22952  -39.433  -65.274  -2.339 0.4000000060
22062  -39.871  -65.894  -2.580 0.4000000060
19239  -41.586  -68.916  -2.512 0.5000000000
18344  -42.888  -70.037  -1.683 0.5000000000
18327  -45.229  -70.748  -0.199 0.5000000000
17476  -45.603  -72.028  0.195 0.5000000000
15743  -46.024  -73.500  -0.679 0.5000000000
22957  -38.812  -64.868  -2.451 0.4000000060
22958  -39.918  -65.384  -2.975 0.4000000060
21076  -41.017  -66.718  -3.279 0.5000000000
19240  -42.626  -69.197  -2.756 0.5000000000
19242  -44.581  -69.464  -2.499 0.4000000060
18328  -46.024  -71.128  -0.470 0.5000000000
17493  -46.725  -71.792  -0.944 0.5000000000
22959  -40.426  -65.937  -3.486 0.4000000060
21088  -41.717  -66.867  -3.642 0.5000000000
19241  -43.595  -69.311  -2.720 0.5000000000
19244  -46.727  -69.871  -2.159 0.4000000060
17507  -46.941  -71.500  -1.680 0.5000000000
21089  -42.632  -67.161  -4.290 0.5000000000
20173  -44.489  -68.109  -4.067 0.4000000060
19259  -46.298  -69.198  -3.016 0.4000000060
19260  -46.827  -69.624  -3.248 0.4000000060
21090  -43.536  -67.663  -4.293 0.3000000119
20190  -44.720  -67.712  -4.588 0.4000000060
20191  -45.378  -67.917  -4.477 0.3000000119
21109  -45.831  -67.747  -4.931 0.3000000119
21129  -46.202  -68.040  -5.342 0.3000000119
17502  -36.101  -71.530  -1.482 0.1000000015
16627  -36.492  -72.388  -1.418 0.1000000015
18340  -36.647  -70.817  -1.354 0.1000000015
17503  -37.043  -71.655  -1.492 0.1000000015
18342  -38.479  -71.164  -0.788 0.4000000060
17505  -38.999  -71.746  -1.055 0.4000000060
15749  -39.286  -73.367  -1.425 0.4000000060
16630  -39.913  -72.280  -0.913 0.4000000060
16617  -40.651  -72.179  -0.234 0.5000000000
16631  -40.980  -72.746  -0.679 0.5000000000
20124  -39.241  -68.075  2.358 0.5000000000
20109  -39.690  -68.456  3.083 0.5000000000
19185  -40.386  -69.218  2.535 0.5000000000
19187  -41.481  -70.586  3.125 0.4000000060
17490  -40.977  -72.178  0.472 0.5000000000
16618  -41.705  -72.476  0.215 0.5000000000
22047  -37.461  -66.330  0.920 0.5000000000
21049  -37.935  -67.076  1.339 0.5000000000
21050  -38.631  -67.598  1.852 0.5000000000
22941  -36.851  -65.013  1.037 0.5000000000
22942  -37.333  -65.305  0.369 0.5000000000
16589  -42.148  -72.572  1.731 0.6000000238
24685  -36.880  -63.287  -0.495 0.2000000030
25644  -36.369  -63.039  -0.787 0.2000000030
23801  -37.962  -64.315  -1.910 0.3000000119
25657  -36.325  -63.117  -1.070 0.3000000119
23800  -37.059  -64.221  -1.909 0.3000000119
24709  -35.826  -63.426  -1.815 0.3000000119
23810  -36.590  -64.584  -2.477 0.4000000060
22956  -37.715  -64.753  -2.455 0.4000000060
22955  -37.074  -64.717  -2.458 0.3000000119
22967  -38.249  -65.346  -3.010 0.4000000060
22969  -40.112  -65.783  -3.611 0.4000000060
22982  -40.584  -65.985  -4.066 0.4000000060
22966  -36.768  -65.394  -3.126 0.3000000119
22074  -37.670  -66.085  -3.539 0.3000000119
22093  -39.954  -66.074  -4.098 0.3000000119
22078  -41.648  -66.386  -4.115 0.4000000060
21103  -40.166  -66.775  -4.544 0.3000000119
21105  -41.540  -66.699  -4.914 0.3000000119
21107  -43.942  -67.413  -4.746 0.4000000060
21108  -44.992  -67.580  -4.958 0.3000000119
20187  -39.577  -67.667  -4.685 0.2000000030
20201  -40.144  -68.376  -5.144 0.2000000030
20203  -42.188  -67.919  -5.581 0.3000000119
21127  -44.502  -67.631  -5.432 0.3000000119
19291  -39.222  -69.178  -6.174 0.1000000015
19281  -41.772  -68.833  -5.851 0.2000000030
20204  -43.284  -68.132  -5.976 0.4000000060
21187  -38.722  -66.873  -9.246 0.1000000015
18320  -37.149  -70.192  -0.811 0.1000000015
18341  -37.575  -70.962  -1.152 0.1000000015
17488  -39.204  -71.419  -0.466 0.5000000000
17506  -39.550  -71.738  -0.624 0.4000000060
16616  -40.215  -71.979  -0.393 0.4000000060
19167  -40.466  -69.468  3.587 0.4000000060
19168  -41.075  -70.470  3.840 0.4000000060
17436  -40.905  -71.533  3.453 0.4000000060
17456  -40.743  -72.029  2.289 0.5000000000
17472  -40.781  -72.061  1.249 0.5000000000
22043  -37.695  -66.662  1.873 0.5000000000
21031  -38.280  -67.120  2.227 0.5000000000
21032  -39.003  -67.679  3.031 0.4000000060
17457  -41.511  -72.405  1.861 0.4000000060
24657  -36.127  -63.787  1.153 0.4000000060
23783  -36.501  -64.351  1.089 0.4000000060
22931  -37.227  -65.845  1.744 0.5000000000
24673  -35.977  -63.262  0.898 0.4000000060
24674  -36.557  -63.495  0.375 0.5000000000
25624  -35.802  -62.763  0.368 0.3000000119
25643  -35.917  -62.653  -0.466 0.3000000119
26622  -35.417  -62.385  -0.736 0.2000000030
25670  -35.451  -63.044  -1.749 0.2000000030
26632  -34.946  -62.132  -1.194 0.1000000015
25669  -34.949  -62.668  -1.894 0.3000000119
24708  -35.295  -63.223  -2.116 0.3000000119
24718  -35.467  -63.730  -2.480 0.3000000119
25678  -34.383  -62.377  -2.950 0.2000000030
24717  -34.912  -63.165  -2.735 0.2000000030
23808  -35.047  -63.839  -3.318 0.2000000030
22981  -36.332  -65.782  -3.693 0.2000000030
21100  -37.157  -66.841  -4.244 0.2000000030
23836  -35.175  -64.400  -5.250 0.2000000030
22110  -36.275  -66.509  -4.915 0.2000000030
21122  -37.257  -67.459  -4.811 0.2000000030
22998  -35.542  -65.460  -5.240 0.2000000030
22121  -36.294  -66.243  -6.061 0.1000000015
20199  -37.801  -68.253  -5.566 0.2000000030
20200  -39.024  -68.673  -5.388 0.2000000030
22128  -36.489  -65.712  -6.850 0.1000000015
22122  -36.848  -66.815  -6.621 0.1000000015
20215  -38.394  -68.766  -6.431 0.1000000015
19312  -39.167  -69.117  -7.424 0.1000000015
23015  -37.171  -65.174  -8.016 0.1000000015
21169  -37.558  -66.907  -7.784 0.1000000015
20235  -38.172  -68.230  -7.424 0.1000000015
22136  -37.706  -66.031  -8.368 0.1000000015
22137  -38.482  -66.160  -8.994 0.1000000015
23031  -38.812  -65.335  -9.451 0.1000000015
23870  -39.115  -64.467  -9.879 0.1000000015
18321  -38.006  -70.507  -0.378 0.3000000119
18322  -38.950  -70.933  0.162 0.3000000119
19183  -37.935  -69.559  2.747 0.3000000119
19199  -38.313  -69.996  2.405 0.3000000119
18307  -38.953  -70.819  1.363 0.3000000119
18323  -39.460  -71.260  0.954 0.3000000119
17489  -40.039  -71.638  0.135 0.4000000060
18274  -39.468  -70.438  4.207 0.3000000119
18299  -38.885  -70.621  2.501 0.3000000119
18308  -39.429  -71.277  1.527 0.5000000000
17471  -39.981  -71.635  1.597 0.5000000000
21005  -39.417  -68.312  4.773 0.4000000060
19150  -40.170  -69.917  4.457 0.5000000000
18264  -40.270  -70.656  4.210 0.4000000060
18276  -40.693  -71.117  4.002 0.4000000060
23771  -36.112  -64.305  2.036 0.4000000060
22914  -37.222  -65.642  3.054 0.4000000060
22026  -38.079  -66.615  2.981 0.5000000000
25586  -34.498  -62.963  2.105 0.4000000060
24655  -35.282  -63.357  1.889 0.4000000060
22930  -36.756  -64.999  1.952 0.5000000000
25597  -35.056  -62.819  1.515 0.4000000060
25598  -35.615  -62.943  1.055 0.4000000060
25596  -34.375  -62.508  1.762 0.4000000060
26578  -33.988  -61.867  1.645 0.3000000119
26608  -34.880  -62.146  0.589 0.3000000119
27617  -34.591  -61.397  0.079 0.3000000119
27645  -33.983  -60.666  -0.964 0.1000000015
27646  -34.263  -61.286  -1.443 0.1000000015
26655  -33.911  -61.382  -3.276 0.1000000015
24722  -34.585  -63.058  -3.699 0.2000000030
25681  -34.311  -62.133  -4.074 0.1000000015
23818  -34.815  -63.756  -4.331 0.2000000030
23835  -34.883  -63.551  -5.000 0.2000000030
24746  -35.525  -63.374  -6.224 0.1000000015
23846  -36.388  -64.316  -7.091 0.1000000015
24747  -36.143  -63.427  -6.883 0.1000000015
23014  -36.628  -65.163  -7.322 0.1000000015
23023  -37.741  -65.003  -8.564 0.1000000015
24756  -37.166  -63.442  -8.146 0.1000000015
23854  -37.468  -64.264  -8.405 0.1000000015
24770  -38.436  -63.320  -9.493 0.1000000015
23869  -38.672  -64.035  -9.612 0.1000000015
25738  -39.416  -62.412  -10.499 0.1000000015
26724  -39.737  -61.712  -10.880 0.1000000015
26725  -40.089  -61.841  -11.296 0.1000000015
27759  -39.758  -60.345  -11.775 0.1000000015
20123  -37.434  -69.032  2.068 0.3000000119
20134  -36.899  -68.904  1.062 0.2000000030
19165  -38.153  -69.478  3.744 0.3000000119
19133  -39.011  -69.236  5.274 0.4000000060
23759  -36.219  -64.688  3.082 0.3000000119
22913  -36.617  -64.944  2.765 0.3000000119
22012  -38.500  -66.804  4.285 0.4000000060
20992  -39.093  -68.167  5.525 0.3000000119
24628  -34.561  -63.818  3.202 0.3000000119
23758  -35.565  -64.149  2.739 0.3000000119
21996  -38.041  -66.214  4.793 0.4000000060
21004  -38.886  -67.456  5.184 0.4000000060
20991  -38.731  -67.681  6.038 0.3000000119
26563  -33.427  -61.659  2.589 0.3000000119
24641  -34.278  -63.323  2.608 0.3000000119
25585  -33.837  -62.650  2.398 0.3000000119
27593  -33.651  -61.009  1.895 0.3000000119
26607  -34.394  -61.812  1.093 0.3000000119
27616  -34.113  -61.083  0.900 0.3000000119
27632  -34.191  -60.682  -0.103 0.2000000030
28667  -33.644  -59.766  -1.291 0.1000000015
29623  -33.655  -58.573  -1.679 0.1000000015
27653  -33.822  -60.791  -1.943 0.1000000015
28675  -33.577  -59.605  -2.390 0.1000000015
27660  -33.658  -60.491  -2.937 0.1000000015
27661  -33.888  -60.454  -3.850 0.1000000015
26663  -34.154  -61.153  -4.413 0.1000000015
25691  -34.559  -61.828  -5.233 0.2000000030
25701  -34.830  -61.179  -5.862 0.2000000030
25703  -35.871  -62.793  -6.726 0.1000000015
26695  -35.680  -60.998  -6.958 0.1000000015
24755  -36.649  -63.449  -7.548 0.1000000015
25711  -36.333  -62.296  -7.527 0.1000000015
25712  -36.840  -62.898  -7.942 0.1000000015
25720  -37.292  -62.372  -8.456 0.1000000015
25727  -38.151  -62.403  -9.267 0.1000000015
25728  -38.799  -62.432  -9.982 0.1000000015
26723  -39.241  -61.553  -10.396 0.1000000015
27749  -39.010  -60.602  -10.293 0.1000000015
27750  -39.691  -60.719  -11.001 0.1000000015
27751  -39.895  -61.348  -11.221 0.1000000015
28818  -39.341  -59.695  -12.317 0.1000000015
20121  -36.164  -68.023  1.745 0.2000000030
21030  -36.328  -67.640  3.054 0.2000000030
20107  -37.508  -68.868  3.126 0.3000000119
21013  -37.021  -67.893  4.511 0.2000000030
20090  -37.598  -68.689  4.409 0.3000000119
20077  -38.034  -68.868  5.260 0.3000000119
22903  -36.725  -65.187  3.681 0.3000000119
22904  -37.427  -65.684  4.245 0.3000000119
20067  -38.716  -68.468  5.858 0.3000000119
23757  -35.065  -63.976  2.983 0.3000000119
23747  -35.929  -64.664  3.639 0.3000000119
22888  -36.989  -65.298  4.704 0.3000000119
21997  -38.512  -66.708  5.222 0.3000000119
25572  -33.292  -62.439  3.407 0.3000000119
24612  -33.422  -63.157  4.163 0.3000000119
22889  -37.600  -65.752  5.243 0.3000000119
21975  -38.150  -66.312  5.724 0.3000000119
21954  -38.522  -67.180  6.386 0.2000000030
20053  -38.511  -67.949  6.269 0.2000000030
26549  -33.038  -61.321  3.755 0.2000000030
27572  -33.314  -60.590  2.777 0.3000000119
28620  -33.541  -59.891  1.709 0.3000000119
28638  -33.723  -59.892  0.433 0.2000000030
28657  -33.745  -60.006  -0.448 0.1000000015
29601  -33.626  -58.691  0.931 0.2000000030
29616  -33.659  -58.916  -0.387 0.1000000015
30536  -33.910  -57.865  -2.272 0.1000000015
30526  -34.312  -57.192  -2.133 0.1000000015
31440  -35.621  -56.227  -2.605 0.1000000015
29631  -33.772  -58.503  -2.891 0.1000000015
30537  -34.308  -57.570  -2.947 0.1000000015
31454  -34.763  -57.203  -3.282 0.1000000015
31456  -36.345  -56.584  -3.556 0.1000000015
31441  -36.642  -56.117  -2.773 0.1000000015
31458  -38.076  -56.790  -3.410 0.1000000015
28678  -33.789  -59.497  -3.583 0.1000000015
29638  -33.973  -58.637  -3.737 0.1000000015
30547  -35.094  -57.414  -4.180 0.1000000015
31455  -35.364  -57.007  -3.626 0.1000000015
31468  -37.797  -56.872  -3.951 0.1000000015
28679  -33.972  -59.892  -4.155 0.1000000015
28689  -34.149  -59.339  -4.525 0.1000000015
27668  -34.135  -60.256  -4.621 0.1000000015
26686  -34.789  -60.392  -5.891 0.2000000030
26687  -35.199  -60.792  -6.402 0.1000000015
27705  -35.552  -60.131  -6.842 0.1000000015
26696  -36.162  -61.121  -7.542 0.1000000015
26703  -36.642  -61.225  -8.140 0.1000000015
25719  -36.846  -61.816  -8.227 0.1000000015
26704  -37.220  -61.308  -8.645 0.1000000015
26711  -37.841  -61.453  -9.219 0.1000000015
26712  -38.568  -61.500  -9.821 0.1000000015
27732  -38.300  -60.568  -9.736 0.1000000015
28799  -39.311  -59.644  -10.704 0.1000000015
28809  -39.567  -59.586  -11.457 0.1000000015
21951  -35.915  -66.665  6.979 0.2000000030
21002  -37.051  -67.685  5.840 0.2000000030
21003  -37.543  -68.350  5.352 0.3000000119
19132  -38.495  -68.914  5.451 0.3000000119
21928  -36.195  -66.462  7.678 0.2000000030
21974  -36.474  -67.153  6.427 0.2000000030
20989  -37.184  -67.381  6.803 0.2000000030
20990  -37.670  -67.935  6.301 0.3000000119
20066  -38.112  -68.522  5.877 0.3000000119
23728  -35.255  -64.495  4.745 0.3000000119
23709  -36.472  -65.036  5.103 0.3000000119
22872  -37.125  -65.324  5.675 0.3000000119
24613  -34.307  -63.964  4.475 0.3000000119
23708  -35.890  -64.691  5.410 0.3000000119
23692  -36.578  -64.926  6.040 0.3000000119
22873  -37.653  -65.858  6.194 0.3000000119
26507  -32.730  -60.754  5.553 0.2000000030
25554  -32.940  -62.234  4.553 0.3000000119
21953  -38.112  -66.591  6.707 0.2000000030
20975  -38.355  -67.489  6.557 0.2000000030
27551  -32.983  -60.564  4.321 0.2000000030
27552  -33.127  -60.235  3.874 0.2000000030
27527  -33.166  -59.742  4.379 0.2000000030
28604  -33.317  -59.470  2.971 0.3000000119
29579  -33.642  -58.523  2.209 0.2000000030
30496  -33.834  -57.745  0.180 0.2000000030
30497  -34.034  -56.962  -0.439 0.1000000015
29650  -35.044  -58.139  -5.358 0.1000000015
31465  -35.482  -57.276  -4.307 0.1000000015
31466  -36.173  -57.085  -4.590 0.1000000015
28708  -34.507  -59.088  -5.207 0.1000000015
30570  -35.504  -57.819  -5.708 0.1000000015
31476  -36.432  -57.023  -5.670 0.1000000015
28732  -34.763  -59.247  -5.719 0.1000000015
29690  -35.046  -58.826  -5.952 0.1000000015
30596  -35.854  -57.887  -6.384 0.1000000015
31498  -36.402  -57.218  -6.547 0.1000000015
31499  -36.875  -56.469  -6.306 0.1000000015
27694  -35.137  -59.964  -6.347 0.1000000015
28751  -35.489  -59.386  -6.649 0.1000000015
30629  -36.536  -58.173  -7.446 0.1000000015
29723  -36.610  -58.503  -7.691 0.1000000015
28752  -35.931  -59.427  -7.129 0.1000000015
27706  -36.030  -60.219  -7.391 0.1000000015
28769  -36.418  -59.317  -7.769 0.1000000015
28770  -36.952  -59.541  -8.406 0.1000000015
27720  -37.060  -60.427  -8.588 0.1000000015
28780  -37.457  -59.635  -9.013 0.1000000015
21902  -34.721  -66.257  8.476 0.3000000119
22824  -35.966  -65.668  8.346 0.3000000119
21904  -36.315  -66.208  8.027 0.3000000119
21929  -36.924  -66.575  7.705 0.2000000030
20973  -37.222  -67.029  7.407 0.2000000030
20974  -37.769  -67.332  7.054 0.2000000030
22839  -36.122  -65.183  8.072 0.3000000119
22840  -36.869  -65.672  7.565 0.3000000119
21930  -37.479  -66.554  7.355 0.3000000119
24595  -33.478  -63.262  5.239 0.3000000119
23690  -35.157  -64.156  6.648 0.3000000119
23674  -35.784  -64.582  7.555 0.3000000119
24579  -33.632  -63.236  6.474 0.3000000119
27503  -32.897  -60.052  5.442 0.2000000030
28544  -33.047  -59.557  5.598 0.2000000030
28571  -33.169  -59.279  4.896 0.2000000030
28588  -33.338  -59.268  3.990 0.2000000030
29557  -33.473  -58.426  3.381 0.3000000119
30458  -33.681  -57.407  2.807 0.2000000030
30478  -33.956  -57.272  1.428 0.2000000030
31533  -37.453  -56.871  -8.277 0.1000000015
29733  -37.358  -58.911  -8.737 0.1000000015
27731  -37.607  -60.516  -9.202 0.1000000015
21887  -34.113  -66.165  9.382 0.1000000015
22803  -34.456  -65.589  10.000 0.2000000030
22812  -34.846  -65.703  9.134 0.3000000119
22813  -35.324  -65.477  8.807 0.3000000119
23661  -35.576  -64.842  8.520 0.3000000119
23673  -35.110  -64.075  7.302 0.3000000119
24566  -35.332  -64.296  8.337 0.3000000119
25524  -33.237  -62.288  7.043 0.3000000119
24564  -33.931  -63.185  7.683 0.3000000119
24565  -34.906  -63.846  7.910 0.3000000119
26478  -32.930  -60.843  7.357 0.2000000030
27486  -32.847  -60.006  6.169 0.2000000030
28545  -33.201  -58.838  5.748 0.1000000015
29544  -33.345  -58.419  4.392 0.2000000030
30407  -33.431  -57.508  5.830 0.1000000015
30424  -33.274  -57.633  4.976 0.2000000030
30441  -33.422  -57.481  3.933 0.2000000030
31327  -33.413  -56.702  4.557 0.2000000030
31349  -33.535  -56.348  3.500 0.3000000119
23650  -35.034  -64.878  9.302 0.3000000119
23660  -35.232  -64.498  8.859 0.3000000119
24545  -34.938  -63.875  8.937 0.3000000119
26463  -33.883  -61.919  8.816 0.3000000119
25489  -34.038  -62.719  8.525 0.3000000119
24544  -34.455  -63.319  8.430 0.3000000119
26479  -33.250  -61.474  7.933 0.2000000030
27467  -33.278  -60.390  7.960 0.2000000030
28503  -33.613  -59.294  7.566 0.1000000015
29487  -33.445  -58.182  6.257 0.1000000015
30389  -33.912  -57.462  6.582 0.1000000015
31309  -33.476  -56.856  5.388 0.1000000015
24538  -34.711  -63.901  10.060 0.3000000119
24528  -34.507  -63.896  11.041 0.2000000030
25490  -34.428  -62.901  9.024 0.3000000119
27442  -33.745  -60.882  8.871 0.2000000030
26448  -34.143  -61.826  9.180 0.3000000119
27443  -34.181  -60.161  9.238 0.2000000030
29452  -34.964  -58.746  8.842 0.1000000015
29438  -35.780  -58.655  9.589 0.1000000015
29471  -34.674  -58.335  7.870 0.1000000015
29470  -33.863  -58.313  7.047 0.1000000015
30373  -34.433  -57.770  7.198 0.1000000015
31292  -34.301  -56.607  6.380 0.1000000015
25462  -34.604  -63.055  10.809 0.2000000030
26435  -34.697  -62.245  10.389 0.2000000030
25476  -34.559  -63.007  9.774 0.2000000030
27419  -34.526  -60.855  9.732 0.2000000030
26449  -34.377  -62.018  9.485 0.2000000030
27420  -35.068  -60.135  10.208 0.1000000015
28462  -34.701  -59.845  9.673 0.2000000030
29453  -35.813  -58.006  8.491 0.1000000015
29472  -35.368  -57.851  7.884 0.1000000015
30374  -35.089  -57.591  7.470 0.1000000015
30391  -35.527  -57.048  7.072 0.1000000015
32179  -34.798  -56.131  6.308 0.1000000015
29454  -36.583  -57.751  8.538 0.1000000015
30375  -35.911  -57.513  7.651 0.1000000015
30362  -37.181  -57.596  8.243 0.1000000015
30376  -36.799  -57.410  7.498 0.1000000015
18301  -42.549  -70.712  1.680 0.4000000060
19213  -40.790  -69.430  0.871 0.5000000000
19225  -40.216  -69.188  -0.114 0.5000000000
19214  -41.672  -69.964  1.238 0.4000000060
17448  -42.445  -71.976  2.443 0.5000000000
19169  -41.429  -70.919  3.339 0.4000000060
14892  -42.774  -74.789  -0.645 0.5000000000
18289  -41.894  -71.209  2.715 0.4000000060
18302  -43.535  -71.351  1.501 0.5000000000
18290  -42.788  -71.465  2.169 0.6000000238
16620  -43.697  -73.128  0.132 0.5000000000
14083  -43.589  -75.890  -0.489 0.5000000000
16605  -42.497  -72.524  1.052 0.5000000000
14890  -40.538  -75.040  -0.776 0.5000000000
16606  -43.475  -72.684  0.916 0.5000000000
20157  -40.253  -68.316  -1.859 0.4000000060
15741  -44.396  -73.766  -0.210 0.4000000060
15744  -46.288  -72.966  -0.928 0.5000000000
16641  -46.690  -71.985  -1.934 0.4000000060
17513  -46.379  -71.676  -2.377 0.4000000060
18361  -46.985  -70.561  -2.317 0.4000000060
21110  -46.360  -68.044  -4.863 0.3000000119
20175  -46.693  -68.743  -3.825 0.4000000060
17504  -38.052  -71.711  -1.431 0.2000000030
19186  -41.164  -69.872  2.998 0.5000000000
21068  -39.614  -66.691  -2.192 0.3000000119
19232  -41.490  -69.554  -1.464 0.4000000060
24698  -37.433  -63.808  -1.222 0.3000000119
22951  -38.846  -65.051  -1.723 0.4000000060
19238  -40.897  -68.813  -2.016 0.5000000000
18325  -43.209  -70.343  -0.405 0.6000000238
18311  -44.507  -71.163  0.824 0.6000000238
18303  -44.134  -71.534  1.327 0.6000000238
17458  -43.199  -71.931  1.888 0.6000000238
16592  -44.155  -72.230  1.386 0.5000000000
22063  -40.422  -66.088  -3.142 0.4000000060
20161  -40.874  -67.789  -2.788 0.4000000060
18345  -44.002  -70.258  -1.155 0.5000000000
16608  -45.279  -72.624  0.433 0.5000000000
17460  -44.449  -72.092  1.335 0.5000000000
15732  -45.512  -73.190  -0.083 0.5000000000
15730  -44.224  -73.089  0.468 0.5000000000
21077  -41.395  -67.293  -3.306 0.5000000000
18358  -43.855  -69.862  -2.051 0.5000000000
18360  -45.405  -70.078  -1.422 0.4000000060
18346  -44.959  -70.336  -0.946 0.5000000000
17492  -46.167  -71.880  -0.395 0.5000000000
22968  -39.313  -65.342  -3.249 0.4000000060
22077  -41.053  -66.289  -3.615 0.5000000000
20162  -41.985  -68.036  -3.378 0.5000000000
20172  -43.104  -68.074  -3.806 0.5000000000
19243  -45.788  -69.740  -1.994 0.4000000060
18348  -46.700  -70.772  -1.307 0.5000000000
20171  -42.379  -67.448  -3.786 0.5000000000
19257  -44.049  -68.787  -3.282 0.4000000060
19258  -45.225  -68.970  -3.143 0.4000000060
22096  -42.227  -66.623  -4.873 0.4000000060
22095  -41.529  -66.475  -4.571 0.4000000060
20174  -45.792  -68.491  -3.839 0.4000000060
16604  -41.874  -72.470  1.216 0.5000000000
16579  -42.052  -72.485  2.252 0.5000000000
25625  -36.373  -62.969  -0.205 0.3000000119
26633  -35.376  -62.453  -1.049 0.2000000030
24710  -36.427  -63.708  -1.666 0.3000000119
23799  -36.168  -64.080  -2.135 0.3000000119
23809  -35.801  -64.520  -2.920 0.3000000119
22965  -35.804  -65.086  -3.459 0.3000000119
22073  -37.024  -65.940  -3.489 0.3000000119
22092  -39.321  -66.069  -3.827 0.3000000119
22075  -38.841  -65.806  -3.552 0.3000000119
22983  -41.061  -66.159  -4.234 0.3000000119
21085  -38.518  -66.342  -3.754 0.3000000119
22090  -36.645  -66.260  -3.943 0.2000000030
21102  -39.109  -66.703  -4.151 0.3000000119
22094  -40.740  -66.320  -4.399 0.3000000119
20188  -40.536  -67.457  -4.889 0.3000000119
20186  -38.411  -67.781  -4.580 0.2000000030
21124  -41.650  -67.096  -5.185 0.3000000119
21125  -42.474  -67.080  -5.277 0.4000000060
21126  -43.603  -67.523  -5.434 0.4000000060
19279  -39.738  -69.054  -5.719 0.2000000030
20202  -41.179  -67.896  -5.254 0.3000000119
19292  -40.071  -69.447  -6.497 0.2000000030
21171  -38.890  -67.578  -9.163 0.1000000015
20091  -39.880  -68.902  4.152 0.4000000060
21016  -39.428  -68.173  3.780 0.4000000060
17455  -40.047  -71.676  2.680 0.4000000060
17447  -41.543  -71.991  2.774 0.5000000000
24656  -35.650  -63.502  1.574 0.4000000060
26609  -35.444  -62.332  -0.124 0.3000000119
26621  -35.010  -61.915  -0.345 0.2000000030
26645  -34.226  -61.577  -2.124 0.1000000015
27633  -34.527  -61.324  -0.661 0.1000000015
23819  -35.212  -64.613  -3.871 0.2000000030
22089  -36.078  -66.141  -4.526 0.2000000030
22980  -35.745  -65.584  -4.180 0.2000000030
21140  -36.609  -66.994  -5.282 0.2000000030
22120  -35.823  -65.769  -5.602 0.1000000015
23006  -35.712  -65.272  -5.916 0.1000000015
23007  -36.188  -65.189  -6.629 0.1000000015
21141  -36.974  -67.424  -6.017 0.2000000030
22129  -36.942  -66.193  -7.304 0.1000000015
21153  -37.327  -67.271  -7.027 0.1000000015
20214  -37.647  -68.047  -6.623 0.1000000015
21154  -37.790  -67.536  -7.581 0.1000000015
19335  -39.117  -68.808  -8.262 0.1000000015
21170  -38.288  -67.362  -8.410 0.1000000015
20253  -38.687  -68.430  -8.077 0.1000000015
23862  -38.604  -64.676  -9.378 0.1000000015
24771  -39.178  -63.389  -10.173 0.1000000015
19222  -37.558  -69.762  -0.001 0.3000000119
19223  -38.290  -70.211  0.594 0.3000000119
19198  -37.849  -69.588  1.889 0.3000000119
19166  -38.805  -70.110  4.101 0.3000000119
19184  -38.530  -70.100  3.188 0.3000000119
19211  -38.349  -70.098  1.626 0.3000000119
18300  -39.445  -71.259  2.155 0.3000000119
18287  -39.212  -70.615  3.522 0.3000000119
18263  -39.818  -70.413  4.350 0.3000000119
19149  -39.375  -69.922  4.614 0.3000000119
18288  -39.571  -71.214  3.089 0.3000000119
21015  -38.991  -67.608  4.142 0.4000000060
20068  -39.311  -68.821  5.298 0.4000000060
20078  -39.695  -69.101  4.797 0.4000000060
23770  -35.671  -63.917  2.096 0.4000000060
22027  -38.664  -67.164  3.627 0.4000000060
24642  -34.966  -63.509  2.375 0.4000000060
26579  -34.544  -62.220  1.304 0.3000000119
26654  -33.833  -61.110  -2.486 0.1000000015
24735  -34.659  -62.867  -4.792 0.2000000030
25692  -34.858  -62.488  -5.514 0.1000000015
24736  -35.025  -63.140  -5.557 0.1000000015
23845  -35.796  -64.345  -6.379 0.1000000015
23853  -36.925  -64.304  -7.750 0.1000000015
24763  -37.777  -63.350  -8.799 0.1000000015
23861  -38.122  -64.278  -9.046 0.1000000015
20122  -36.663  -68.222  2.207 0.2000000030
20146  -36.749  -69.066  0.280 0.2000000030
19148  -38.486  -69.388  4.771 0.3000000119
23730  -36.380  -65.013  4.211 0.3000000119
22011  -37.832  -66.205  3.900 0.4000000060
24627  -33.802  -63.353  3.304 0.3000000119
26676  -34.458  -60.783  -5.254 0.1000000015
25702  -35.322  -62.069  -6.362 0.1000000015
25710  -35.854  -61.630  -7.123 0.1000000015
22010  -35.868  -67.169  4.043 0.2000000030
20106  -37.078  -68.266  3.580 0.3000000119
21014  -37.410  -68.337  4.796 0.2000000030
23746  -35.212  -64.303  3.733 0.3000000119
23729  -35.854  -64.762  4.472 0.3000000119
26525  -32.868  -61.566  4.369 0.3000000119
26524  -32.825  -61.051  4.572 0.3000000119
30516  -33.793  -57.789  -0.882 0.1000000015
30525  -33.903  -57.661  -1.663 0.1000000015
31427  -34.831  -56.285  -1.810 0.1000000015
31439  -34.813  -56.843  -2.770 0.1000000015
29632  -34.165  -58.052  -3.486 0.1000000015
30546  -34.651  -57.553  -3.723 0.1000000015
31457  -37.244  -56.554  -3.441 0.1000000015
29648  -34.165  -58.701  -4.252 0.1000000015
29639  -34.337  -58.156  -4.074 0.1000000015
30556  -34.753  -57.784  -4.345 0.1000000015
31467  -37.138  -56.769  -4.242 0.1000000015
27682  -34.470  -59.847  -5.345 0.1000000015
29649  -34.571  -58.398  -4.798 0.1000000015
27719  -36.503  -60.310  -8.017 0.1000000015
21927  -35.274  -66.487  7.640 0.2000000030
21952  -36.704  -66.910  7.254 0.2000000030
21903  -35.672  -66.168  8.188 0.3000000119
23707  -35.136  -64.320  5.617 0.3000000119
22857  -37.168  -65.350  6.616 0.3000000119
24596  -34.325  -63.855  5.924 0.3000000119
23691  -35.907  -64.540  6.384 0.3000000119
23675  -36.548  -64.946  6.889 0.3000000119
22858  -37.572  -65.868  6.924 0.3000000119
25539  -32.738  -61.640  5.218 0.3000000119
27526  -32.971  -60.179  4.764 0.2000000030
25540  -33.077  -62.416  5.793 0.3000000119
30479  -34.052  -56.881  0.393 0.2000000030
30557  -35.298  -57.631  -4.839 0.1000000015
30558  -35.899  -57.415  -5.343 0.1000000015
30595  -35.462  -58.135  -6.114 0.1000000015
30571  -36.000  -57.446  -5.938 0.1000000015
29691  -35.472  -58.627  -6.375 0.1000000015
29692  -35.978  -58.369  -6.774 0.1000000015
29708  -36.241  -58.634  -7.254 0.1000000015
29724  -36.957  -58.660  -8.194 0.1000000015
22823  -35.331  -65.862  8.629 0.3000000119
24580  -34.483  -63.773  7.012 0.3000000119
26508  -32.823  -61.582  6.210 0.3000000119
26494  -32.919  -61.420  7.041 0.3000000119
26493  -32.736  -60.792  6.583 0.2000000030
29527  -33.241  -58.453  5.122 0.2000000030
21886  -33.571  -66.841  9.696 0.1000000015
24546  -35.283  -64.381  8.667 0.3000000119
25509  -33.567  -62.374  8.049 0.3000000119
27466  -32.933  -60.103  7.106 0.2000000030
28502  -33.134  -59.529  6.726 0.2000000030
29505  -33.289  -58.118  5.588 0.1000000015
28522  -33.402  -58.935  6.579 0.1000000015
23639  -34.540  -64.759  10.530 0.3000000119
28483  -33.824  -59.845  8.582 0.2000000030
28504  -34.288  -59.126  8.394 0.1000000015
31291  -33.692  -56.905  6.045 0.1000000015
26464  -34.199  -62.396  8.962 0.3000000119
27418  -34.113  -61.508  9.246 0.2000000030
28484  -34.458  -59.462  9.057 0.1000000015
29437  -35.020  -59.201  9.456 0.1000000015
30390  -34.704  -57.151  6.936 0.1000000015
26436  -35.108  -61.674  10.926 0.2000000030
27399  -34.789  -61.503  10.261 0.2000000030
28463  -35.342  -59.448  10.012 0.1000000015
30361  -36.448  -57.631  8.091 0.1000000015
13317  -43.049  -76.922  -0.215 0.3000000119
12536  -41.877  -78.139  0.819 0.3000000119
13306  -42.332  -77.368  0.346 0.3000000119
8812  -37.444  -82.878  3.708 0.2000000030
8198  -35.703  -83.567  3.600 0.2000000030
12525  -41.021  -78.453  1.419 0.4000000060
11033  -39.476  -80.219  2.688 0.3000000119
12537  -43.085  -77.952  0.248 0.4000000060
11784  -40.260  -79.154  2.045 0.3000000119
10247  -39.031  -80.827  3.174 0.3000000119
13318  -44.082  -76.830  -0.542 0.4000000060
11786  -42.013  -79.178  1.039 0.4000000060
10231  -39.308  -81.584  3.354 0.3000000119
8813  -38.383  -82.997  3.716 0.2000000030
12547  -43.563  -77.763  -0.510 0.4000000060
11796  -43.108  -78.664  0.179 0.4000000060
10249  -40.319  -80.857  2.141 0.4000000060
13319  -44.833  -76.330  -0.834 0.4000000060
14085  -45.374  -75.530  -0.838 0.4000000060
11049  -41.580  -79.722  1.119 0.4000000060
9520  -39.726  -82.129  3.303 0.3000000119
8187  -38.548  -83.789  3.880 0.3000000119
11050  -42.245  -79.324  0.722 0.4000000060
10263  -40.646  -80.479  1.403 0.3000000119
8814  -39.207  -83.002  3.483 0.4000000060
14092  -45.549  -75.307  -1.210 0.4000000060
11090  -42.652  -79.270  -0.092 0.4000000060
9544  -40.016  -81.501  1.942 0.3000000119
14916  -46.012  -74.575  -1.094 0.4000000060
12559  -43.446  -77.834  -1.194 0.4000000060
11824  -42.936  -78.417  -0.927 0.4000000060
11067  -41.391  -79.789  0.316 0.4000000060
14110  -45.135  -75.438  -1.506 0.4000000060
11089  -41.915  -79.504  -0.177 0.4000000060
11065  -39.745  -80.277  0.536 0.3000000119
15754  -45.770  -74.133  -1.411 0.4000000060
13327  -43.054  -77.200  -1.644 0.4000000060
11088  -41.054  -79.589  -0.156 0.4000000060
13346  -44.309  -76.152  -1.735 0.4000000060
13345  -43.438  -76.366  -1.900 0.4000000060
12558  -42.536  -77.915  -1.409 0.4000000060
11809  -41.528  -79.087  -0.633 0.4000000060
14935  -45.133  -74.664  -1.672 0.4000000060
13326  -41.853  -77.168  -1.774 0.4000000060
11822  -40.949  -78.531  -1.034 0.4000000060
11808  -40.506  -79.126  -0.574 0.3000000119
11064  -38.794  -80.424  0.528 0.2000000030
15762  -45.373  -73.563  -1.779 0.3000000119
14108  -43.695  -75.501  -2.140 0.4000000060
14934  -44.027  -74.582  -2.237 0.4000000060
14107  -42.552  -75.501  -2.325 0.4000000060
13325  -40.629  -77.135  -1.834 0.4000000060
12556  -40.228  -77.851  -1.416 0.4000000060
11086  -39.040  -79.752  0.073 0.2000000030
11806  -38.375  -79.384  -0.493 0.2000000030
10297  -36.962  -80.996  0.104 0.3000000119
17512  -45.546  -71.825  -2.541 0.3000000119
16639  -44.948  -72.673  -2.314 0.3000000119
15761  -44.420  -73.606  -2.258 0.3000000119
13324  -39.437  -77.165  -1.866 0.3000000119
11820  -38.641  -78.643  -0.951 0.2000000030
11805  -37.880  -79.543  -0.537 0.2000000030
9569  -36.644  -82.120  0.053 0.2000000030
18377  -46.511  -70.459  -3.165 0.3000000119
12555  -39.036  -77.883  -1.447 0.1000000015
18376  -45.703  -70.620  -3.600 0.3000000119
16638  -43.721  -72.562  -2.720 0.3000000119
15759  -42.141  -73.702  -2.846 0.2000000030
13342  -39.781  -76.348  -2.264 0.2000000030
11101  -37.151  -79.826  -0.600 0.1000000015
10296  -36.192  -81.199  -0.634 0.2000000030
16653  -42.578  -72.342  -3.404 0.2000000030
14946  -41.368  -73.702  -3.213 0.2000000030
14104  -39.023  -75.670  -2.739 0.1000000015
13323  -38.315  -77.234  -1.855 0.1000000015
11818  -36.163  -78.977  -1.369 0.1000000015
11100  -36.402  -79.860  -0.890 0.1000000015
19271  -46.766  -69.656  -4.341 0.2000000030
17525  -45.191  -71.171  -3.239 0.3000000119
16654  -43.614  -71.745  -3.280 0.3000000119
21128  -45.389  -67.801  -5.564 0.2000000030
19283  -46.626  -69.338  -5.498 0.1000000015
18389  -46.045  -70.201  -4.293 0.3000000119
17523  -43.235  -71.348  -3.983 0.2000000030
14945  -40.640  -74.080  -3.384 0.1000000015
13340  -37.298  -76.909  -2.296 0.1000000015
10313  -35.666  -80.776  -1.143 0.1000000015
20207  -46.396  -68.565  -5.736 0.2000000030
18388  -45.337  -70.497  -4.381 0.2000000030
17538  -44.641  -70.791  -5.004 0.2000000030
16652  -41.451  -72.683  -3.988 0.1000000015
15771  -40.928  -73.263  -3.912 0.1000000015
14120  -39.286  -75.156  -3.096 0.1000000015
14103  -37.991  -75.849  -2.855 0.1000000015
12570  -36.402  -77.638  -2.150 0.1000000015
11099  -35.284  -79.672  -1.627 0.1000000015
9597  -34.402  -81.566  -2.189 0.1000000015
18398  -45.576  -70.503  -5.078 0.1000000015
17536  -43.112  -71.499  -4.851 0.2000000030
16667  -41.828  -72.167  -4.728 0.1000000015
14954  -39.444  -74.194  -4.679 0.1000000015
14118  -37.635  -75.624  -3.710 0.1000000015
13339  -36.124  -77.218  -2.729 0.1000000015
12569  -35.559  -77.796  -2.714 0.1000000015
10321  -34.137  -80.668  -2.406 0.1000000015
8255  -34.237  -83.090  -2.611 0.1000000015
15787  -40.464  -73.353  -4.601 0.1000000015
14128  -37.387  -75.977  -4.520 0.1000000015
14117  -36.974  -76.122  -3.946 0.1000000015
11108  -34.019  -80.115  -3.505 0.1000000015
9605  -33.497  -81.399  -3.642 0.1000000015
12589  -36.020  -77.552  -4.306 0.1000000015
21142  -44.220  -67.829  -5.875 0.2000000030
20218  -44.998  -68.409  -6.519 0.1000000015
18399  -46.249  -70.108  -5.293 0.1000000015
18413  -46.253  -70.030  -6.205 0.1000000015
17549  -43.759  -71.638  -5.519 0.1000000015
17568  -46.079  -70.633  -6.130 0.1000000015
16678  -41.346  -72.801  -5.315 0.1000000015
15803  -39.898  -73.947  -5.203 0.1000000015
10320  -33.767  -80.619  -3.157 0.1000000015
11110  -34.718  -79.542  -2.194 0.1000000015
13354  -35.766  -77.336  -3.164 0.1000000015
14960  -38.785  -74.925  -5.053 0.1000000015
12526  -41.605  -78.649  1.201 0.3000000119
11794  -41.943  -78.789  1.065 0.4000000060
9518  -38.015  -82.197  3.510 0.3000000119
11034  -40.122  -80.204  2.315 0.3000000119
11048  -40.771  -79.951  1.743 0.3000000119
9519  -38.957  -82.253  3.570 0.3000000119
11070  -43.118  -78.881  0.049 0.4000000060
9531  -39.878  -81.873  2.566 0.3000000119
13329  -45.153  -76.136  -1.105 0.4000000060
10281  -41.483  -79.870  0.604 0.4000000060
10279  -40.321  -80.588  0.954 0.3000000119
14091  -44.949  -75.998  -1.438 0.4000000060
13344  -42.245  -76.392  -2.114 0.4000000060
11821  -39.813  -78.522  -0.953 0.2000000030
11085  -37.786  -80.034  -0.081 0.2000000030
14933  -42.861  -74.550  -2.466 0.3000000119
13343  -40.985  -76.310  -2.169 0.2000000030
11084  -36.955  -80.263  -0.441 0.2000000030
15760  -43.129  -73.388  -2.672 0.3000000119
12554  -37.772  -77.834  -1.551 0.1000000015
14106  -41.316  -75.470  -2.454 0.4000000060
15773  -42.376  -73.120  -3.067 0.2000000030
14931  -40.491  -74.771  -2.910 0.2000000030
13341  -38.624  -76.500  -2.290 0.1000000015
12553  -36.737  -78.197  -1.542 0.1000000015
18374  -44.539  -70.751  -4.068 0.3000000119
14944  -39.585  -74.607  -3.509 0.1000000015
12552  -35.843  -78.341  -1.934 0.1000000015
10312  -34.831  -80.718  -1.832 0.1000000015
19298  -46.214  -69.054  -6.406 0.1000000015
17550  -44.906  -71.194  -5.648 0.1000000015
16651  -41.086  -72.909  -4.166 0.1000000015
14943  -38.967  -74.757  -3.736 0.1000000015
13356  -37.145  -76.113  -3.186 0.1000000015
9596  -33.757  -81.510  -2.806 0.1000000015
14129  -38.161  -75.295  -4.384 0.1000000015
8894  -33.547  -82.374  -3.335 0.1000000015
15804  -40.648  -73.581  -5.484 0.1000000015
17566  -45.165  -71.704  -6.263 0.1000000015
14078  -37.984  -75.707  -0.017 0.3000000119
14070  -38.348  -76.163  0.447 0.2000000030
13301  -37.800  -76.414  1.229 0.3000000119
13302  -38.412  -76.701  1.169 0.2000000030
14889  -39.415  -75.074  -0.751 0.2000000030
14911  -39.891  -74.262  -1.186 0.4000000060
14079  -38.976  -75.843  -0.119 0.3000000119
13289  -38.120  -77.039  1.748 0.2000000030
14912  -40.944  -74.218  -0.991 0.4000000060
13314  -39.766  -76.477  0.188 0.2000000030
12523  -38.699  -77.604  1.892 0.2000000030
12521  -36.949  -77.261  2.349 0.1000000015
12515  -38.180  -77.944  2.373 0.2000000030
11768  -37.038  -78.863  2.767 0.1000000015
13315  -40.802  -76.538  0.049 0.3000000119
12513  -36.488  -78.079  2.601 0.1000000015
11782  -38.601  -78.161  2.345 0.2000000030
11767  -36.056  -78.887  2.735 0.1000000015
11030  -36.491  -79.738  2.945 0.1000000015
10245  -36.924  -80.794  3.284 0.1000000015
9541  -34.793  -81.164  2.279 0.1000000015
10243  -35.140  -80.397  2.585 0.1000000015
10244  -35.915  -80.553  3.021 0.1000000015
8849  -34.549  -82.042  1.861 0.1000000015
9527  -35.397  -81.287  2.875 0.1000000015
14081  -41.246  -75.827  -0.411 0.3000000119
12524  -39.913  -77.992  1.623 0.2000000030
11783  -39.206  -78.470  2.255 0.2000000030
11769  -38.246  -78.796  2.617 0.2000000030
11031  -37.550  -79.786  2.977 0.2000000030
8826  -35.539  -82.042  3.166 0.1000000015
8224  -34.382  -83.089  1.414 0.1000000015
14082  -42.407  -75.863  -0.436 0.2000000030
10246  -38.045  -80.695  3.234 0.2000000030
9528  -36.204  -81.579  3.364 0.1000000015
8208  -34.814  -83.079  2.486 0.1000000015
13305  -41.377  -77.221  0.523 0.3000000119
11770  -39.294  -79.373  2.519 0.3000000119
10229  -37.589  -81.416  3.414 0.2000000030
9517  -37.006  -81.952  3.545 0.1000000015
7576  -34.980  -83.959  2.851 0.1000000015
8209  -35.124  -83.507  3.196 0.1000000015
8185  -36.685  -83.576  3.821 0.1000000015
6886  -34.506  -85.525  2.326 0.1000000015
13316  -41.920  -76.588  0.072 0.2000000030
7554  -35.971  -84.728  4.204 0.1000000015
8186  -37.773  -83.788  4.046 0.1000000015
7553  -35.361  -85.022  3.700 0.1000000015
7541  -36.697  -85.021  4.503 0.1000000015
7556  -38.079  -84.780  4.305 0.1000000015
6236  -33.386  -87.187  1.635 0.1000000015
6867  -35.059  -85.904  3.613 0.1000000015
6856  -35.569  -85.950  4.338 0.1000000015
7543  -37.510  -85.408  4.484 0.1000000015
9530  -39.704  -82.448  2.635 0.3000000119
6170  -36.422  -87.112  4.112 0.1000000015
14891  -41.634  -74.994  -0.731 0.3000000119
14080  -40.116  -75.845  -0.388 0.2000000030
12535  -40.763  -77.717  1.014 0.3000000119
8827  -36.024  -82.601  3.556 0.1000000015
7566  -35.339  -84.256  3.454 0.1000000015
11032  -38.614  -79.943  2.875 0.2000000030
13303  -39.440  -76.934  0.769 0.2000000030
13304  -40.351  -77.063  0.588 0.3000000119
9529  -36.763  -81.413  3.429 0.1000000015
6885  -34.126  -86.292  2.231 0.1000000015
6212  -34.457  -86.440  2.874 0.1000000015
6154  -36.355  -86.336  4.480 0.1000000015
6903  -33.559  -85.962  1.372 0.1000000015
6189  -35.144  -86.475  4.109 0.1000000015
8188  -38.787  -83.681  3.573 0.2000000030
6191  -37.272  -86.337  2.976 0.1000000015
6213  -36.882  -86.865  1.899 0.1000000015
6214  -37.387  -85.993  2.048 0.2000000030
5560  -36.339  -87.407  1.113 0.1000000015
7578  -37.763  -84.531  2.438 0.2000000030
6869  -37.558  -85.365  2.771 0.2000000030
6237  -36.886  -86.769  0.739 0.2000000030
6887  -37.521  -84.907  1.441 0.1000000015
6252  -36.403  -86.995  -0.105 0.1000000015
6238  -37.317  -86.035  0.970 0.2000000030
7588  -37.315  -84.598  0.741 0.1000000015
8828  -38.815  -83.347  2.646 0.2000000030
8211  -37.766  -83.860  2.110 0.1000000015
6253  -37.160  -86.340  -0.039 0.1000000015
7602  -37.312  -85.157  -0.293 0.1000000015
8841  -39.063  -82.657  2.365 0.2000000030
8840  -38.441  -83.013  2.236 0.2000000030
8210  -37.425  -84.037  1.378 0.1000000015
7601  -37.016  -84.593  -0.438 0.1000000015
8226  -37.603  -83.442  1.625 0.1000000015
8225  -37.132  -83.686  0.755 0.1000000015
10261  -39.787  -81.492  1.714 0.2000000030
9556  -38.520  -81.954  1.588 0.2000000030
8860  -36.527  -82.901  -0.288 0.1000000015
8851  -37.562  -82.729  1.346 0.1000000015
10278  -39.367  -81.211  1.249 0.2000000030
8850  -36.951  -82.788  0.441 0.1000000015
8252  -36.370  -83.552  -0.908 0.1000000015
7567  -38.128  -84.577  3.404 0.1000000015
14910  -38.733  -74.315  -1.223 0.2000000030
14069  -37.504  -75.925  0.847 0.1000000015
19210  -37.677  -69.535  0.986 0.2000000030
19221  -36.719  -69.416  -0.338 0.1000000015
21029  -35.513  -67.346  2.649 0.1000000015
21055  -35.442  -67.810  1.546 0.1000000015
21995  -36.240  -67.272  5.322 0.1000000015
21047  -35.952  -67.750  2.029 0.1000000015
21926  -34.182  -66.848  7.481 0.2000000030
21950  -34.916  -66.718  6.693 0.1000000015
21012  -34.079  -67.331  3.189 0.1000000015
21973  -35.595  -66.910  6.025 0.1000000015
21994  -35.285  -66.950  4.967 0.1000000015
22024  -35.208  -67.074  3.291 0.1000000015
15748  -38.052  -73.451  -1.524 0.2000000030
22025  -35.762  -67.226  3.228 0.1000000015
19209  -37.136  -69.289  0.367 0.1000000015
21046  -35.108  -67.541  1.906 0.1000000015
21028  -34.610  -67.318  2.627 0.1000000015
21972  -34.662  -66.905  5.659 0.1000000015
14909  -37.577  -74.309  -1.030 0.1000000015
14888  -38.281  -75.100  -0.633 0.1000000015
25444  -34.669  -63.370  11.398 0.1000000015
23621  -34.474  -64.662  11.645 0.1000000015
22783  -34.107  -65.692  11.133 0.1000000015
21873  -33.587  -67.021  10.499 0.1000000015
23599  -34.903  -64.800  12.457 0.1000000015
22759  -34.519  -65.609  12.217 0.1000000015
20882  -33.783  -67.594  11.420 0.1000000015
24511  -34.724  -63.770  11.863 0.1000000015
21836  -34.143  -66.448  11.971 0.1000000015
21856  -33.783  -66.902  11.173 0.1000000015
19980  -33.617  -68.448  10.737 0.1000000015
25445  -35.128  -62.901  11.863 0.1000000015
20864  -34.809  -67.554  12.836 0.1000000015
23600  -35.657  -64.751  12.966 0.1000000015
22760  -35.218  -65.571  12.968 0.1000000015
21837  -34.791  -66.652  12.814 0.1000000015
24512  -35.092  -63.511  12.196 0.1000000015
19960  -34.361  -68.603  12.022 0.1000000015
26419  -35.495  -62.017  11.549 0.1000000015
27385  -35.685  -61.376  11.353 0.1000000015
22734  -36.547  -65.793  13.511 0.1000000015
21813  -35.892  -66.395  13.415 0.1000000015
24494  -36.131  -64.019  12.917 0.1000000015
25429  -35.509  -63.455  12.457 0.1000000015
25446  -35.873  -62.302  12.130 0.1000000015
31367  -33.868  -56.399  2.376 0.1000000015
31382  -34.088  -56.204  1.611 0.1000000015
31383  -34.226  -56.246  0.848 0.1000000015
26420  -36.255  -61.645  11.947 0.1000000015
27400  -35.363  -60.792  10.754 0.1000000015
32253  -33.815  -55.460  2.838 0.1000000015
32305  -34.791  -55.578  -0.570 0.1000000015
32283  -34.572  -55.512  0.354 0.1000000015
23583  -36.118  -64.934  13.217 0.1000000015
20837  -35.522  -67.557  13.232 0.1000000015
21874  -33.875  -66.319  10.327 0.1000000015
25463  -34.937  -62.332  11.126 0.1000000015
20897  -33.408  -67.455  10.061 0.1000000015
20881  -33.585  -67.635  10.788 0.1000000015
25430  -36.167  -62.989  12.590 0.1000000015
31398  -34.281  -56.210  -0.067 0.1000000015
19295  -43.263  -68.985  -6.745 0.1000000015
19282  -42.620  -68.671  -6.114 0.1000000015
14871  -35.321  -74.336  0.536 0.1000000015
14860  -35.148  -75.030  1.068 0.1000000015
14872  -36.332  -74.877  0.542 0.1000000015
14870  -34.129  -74.162  0.566 0.1000000015
14859  -34.502  -74.947  1.050 0.1000000015
14051  -35.000  -75.746  1.389 0.1000000015
14886  -36.202  -74.122  -0.081 0.1000000015
14869  -33.134  -74.039  0.629 0.1000000015
15728  -34.728  -73.455  0.078 0.1000000015
14885  -35.638  -73.840  0.014 0.1000000015
14857  -32.405  -74.487  1.065 0.1000000015
14868  -32.590  -73.927  0.730 0.1000000015
15721  -31.569  -73.710  1.130 0.1000000015
15727  -33.601  -73.257  0.223 0.1000000015
13888  -29.667  -75.527  12.514 0.1000000015
14703  -29.315  -74.665  11.856 0.1000000015
13914  -27.813  -76.083  10.063 0.1000000015
13937  -27.734  -75.621  9.127 0.1000000015
13961  -27.594  -75.571  7.989 0.1000000015
13983  -27.486  -75.416  7.125 0.1000000015
14887  -37.199  -74.917  -0.043 0.1000000015
13232  -27.515  -76.437  7.183 0.1000000015
14800  -27.384  -74.778  6.411 0.1000000015
14856  -31.427  -74.550  1.508 0.1000000015
14053  -36.810  -76.089  1.434 0.1000000015
13246  -27.462  -76.469  6.132 0.1000000015
14016  -27.378  -75.511  4.721 0.1000000015
14842  -28.022  -74.754  2.599 0.1000000015
14855  -30.547  -74.585  1.896 0.1000000015
14845  -30.449  -73.982  2.117 0.1000000015
15720  -30.877  -73.768  1.732 0.1000000015
15726  -32.639  -73.357  0.490 0.1000000015
13288  -37.497  -76.627  1.655 0.1000000015
12492  -27.245  -77.192  5.666 0.1000000015
14031  -27.609  -75.373  2.717 0.1000000015
14844  -29.892  -74.108  2.275 0.1000000015
15715  -30.266  -73.433  2.172 0.1000000015
14702  -28.788  -74.823  11.377 0.1000000015
14717  -27.883  -75.064  10.030 0.1000000015
15737  -35.640  -73.283  -0.550 0.1000000015
15738  -36.318  -73.758  -0.664 0.1000000015
14908  -36.778  -74.138  -0.660 0.1000000015
14782  -27.490  -74.503  7.552 0.1000000015
14759  -27.611  -74.614  8.556 0.1000000015
14873  -36.904  -75.297  0.608 0.1000000015
14827  -27.395  -74.538  4.289 0.1000000015
14835  -27.831  -74.334  3.245 0.1000000015
14843  -28.762  -74.385  2.405 0.1000000015
15725  -31.926  -73.236  0.679 0.1000000015
15708  -27.720  -73.773  4.075 0.1000000015
15713  -28.823  -73.537  3.000 0.1000000015
15714  -29.495  -73.347  2.651 0.1000000015
16587  -30.625  -72.845  1.591 0.1000000015
15567  -29.812  -74.070  12.165 0.1000000015
15582  -29.526  -73.655  11.621 0.1000000015
16434  -30.352  -72.599  11.358 0.1000000015
15583  -30.708  -73.137  12.060 0.1000000015
15746  -36.099  -72.855  -1.146 0.1000000015
15581  -28.753  -73.953  11.010 0.1000000015
15601  -28.439  -73.497  10.316 0.1000000015
15736  -34.792  -72.829  -0.392 0.1000000015
15747  -36.759  -73.388  -1.193 0.1000000015
15627  -28.018  -73.708  9.649 0.1000000015
15735  -34.180  -72.805  -0.193 0.1000000015
14736  -27.785  -74.474  9.410 0.1000000015
15692  -27.437  -73.789  5.835 0.1000000015
14818  -27.365  -74.653  5.297 0.1000000015
15702  -27.525  -73.719  4.858 0.1000000015
15710  -29.033  -72.958  3.179 0.1000000015
16578  -29.998  -72.555  2.234 0.1000000015
15703  -27.866  -73.264  4.433 0.1000000015
15709  -28.397  -73.220  3.736 0.1000000015
16435  -31.356  -72.541  11.381 0.1000000015
16615  -35.044  -72.500  -0.767 0.1000000015
16433  -29.666  -72.679  11.147 0.1000000015
16456  -30.028  -72.162  10.687 0.1000000015
16457  -31.050  -72.120  10.588 0.1000000015
16458  -32.088  -72.595  10.502 0.1000000015
16613  -33.467  -72.286  -0.205 0.1000000015
16614  -34.333  -72.168  -0.625 0.1000000015
16455  -29.006  -72.656  10.535 0.1000000015
16603  -32.911  -72.707  0.163 0.1000000015
16483  -27.836  -73.129  8.966 0.1000000015
16484  -28.242  -72.782  9.410 0.1000000015
16600  -30.728  -72.334  1.228 0.1000000015
16602  -32.147  -72.483  0.398 0.1000000015
15648  -27.578  -73.870  8.244 0.1000000015
16572  -28.928  -72.289  3.532 0.1000000015
15676  -27.491  -73.707  6.844 0.1000000015
16551  -27.666  -73.046  5.363 0.1000000015
16563  -28.098  -72.568  4.748 0.1000000015
17321  -29.734  -71.823  9.958 0.1000000015
16612  -32.738  -72.098  0.050 0.1000000015
16577  -29.422  -72.374  2.883 0.1000000015
17468  -30.851  -71.967  0.968 0.1000000015
16552  -27.985  -72.331  5.715 0.1000000015
16503  -27.734  -73.069  8.411 0.1000000015
15664  -27.560  -73.566  7.676 0.1000000015
16535  -27.638  -72.928  6.267 0.1000000015
17470  -32.268  -71.530  0.206 0.1000000015
18318  -33.901  -70.489  -0.833 0.1000000015
18305  -31.863  -70.775  0.431 0.1000000015
16485  -29.013  -72.010  9.630 0.1000000015
17444  -29.777  -71.596  2.469 0.1000000015
17453  -30.385  -71.736  1.575 0.1000000015
17454  -30.892  -71.341  1.023 0.1000000015
16571  -28.566  -72.266  4.136 0.1000000015
16504  -28.320  -72.187  8.105 0.1000000015
16536  -28.034  -72.172  6.551 0.1000000015
17422  -28.436  -71.697  5.340 0.1000000015
16523  -27.757  -72.750  7.310 0.1000000015
18317  -33.147  -70.606  -0.379 0.1000000015
18297  -30.798  -70.663  1.435 0.1000000015
18298  -31.273  -70.767  0.854 0.1000000015
17348  -29.647  -71.624  9.097 0.1000000015
18272  -29.601  -70.719  3.778 0.1000000015
18285  -29.742  -70.865  2.949 0.1000000015
17433  -28.944  -71.467  4.107 0.1000000015
17443  -29.335  -71.521  3.248 0.1000000015
19218  -33.367  -69.532  -0.182 0.1000000015
19207  -32.271  -69.780  0.535 0.1000000015
19180  -30.889  -70.112  1.868 0.1000000015
19196  -31.333  -70.016  1.284 0.1000000015
17349  -30.412  -71.667  9.291 0.1000000015
18243  -28.762  -71.261  6.067 0.1000000015
17347  -28.873  -71.808  8.803 0.1000000015
19208  -32.931  -69.059  0.489 0.1000000015
16436  -32.064  -72.669  11.338 0.1000000015
14739  -33.217  -75.280  8.921 0.1000000015
15628  -32.829  -74.235  8.709 0.1000000015
16487  -32.277  -72.963  9.243 0.1000000015
15603  -32.943  -73.443  9.865 0.1000000015
13915  -28.243  -75.542  10.713 0.1000000015
13998  -27.484  -75.752  6.505 0.1000000015
14007  -27.443  -75.609  5.703 0.1000000015
14024  -27.353  -75.399  3.700 0.1000000015
14854  -29.629  -74.764  1.873 0.1000000015
14046  -30.184  -75.304  1.446 0.1000000015
14718  -28.329  -74.507  10.604 0.1000000015
16601  -31.239  -72.718  0.918 0.1000000015
15602  -28.886  -73.401  10.921 0.1000000015
17486  -33.666  -71.402  -0.597 0.1000000015
18306  -32.495  -70.700  0.018 0.1000000015
17423  -28.795  -71.314  4.845 0.1000000015
19217  -32.779  -70.128  -0.058 0.1000000015
15629  -33.288  -74.388  9.426 0.1000000015
1955  -27.011  -94.170  -5.809 0.1000000015
1920  -26.745  -94.771  -3.761 0.1000000015
3850  -22.402  -90.731  -7.326 0.1000000015
3851  -23.396  -90.946  -7.186 0.1000000015
3836  -23.884  -90.391  -6.588 0.1000000015
3295  -25.253  -91.292  -7.009 0.1000000015
1985  -26.356  -93.527  -7.036 0.1000000015
4388  -21.855  -89.448  -7.689 0.1000000015
5004  -23.271  -89.070  -9.085 0.1000000015
5005  -23.916  -88.789  -9.306 0.1000000015
1936  -27.506  -94.249  -5.200 0.1000000015
1921  -27.692  -94.366  -4.164 0.1000000015
1908  -27.256  -94.462  -2.624 0.1000000015
2368  -27.417  -93.297  -6.048 0.1000000015
3308  -25.634  -91.965  -7.186 0.1000000015
2813  -26.155  -92.396  -7.086 0.1000000015
2367  -26.794  -93.395  -6.638 0.1000000015
1907  -26.526  -94.853  -2.553 0.1000000015
3835  -22.837  -90.155  -6.704 0.1000000015
2812  -25.509  -92.616  -7.777 0.1000000015
3307  -24.972  -91.814  -7.562 0.1000000015
4375  -22.412  -89.149  -6.730 0.1000000015
5694  -22.799  -88.282  -8.248 0.1000000015
4988  -23.542  -88.401  -8.821 0.1000000015
5006  -24.733  -88.450  -9.514 0.1000000015
4819  -29.807  -88.431  3.440 0.1000000015
3695  -30.660  -90.888  4.154 0.1000000015
4256  -29.941  -89.504  3.520 0.1000000015
2320  -28.255  -93.521  -3.057 0.1000000015
2309  -27.698  -93.977  -1.473 0.1000000015
2298  -27.916  -94.080  -0.144 0.1000000015
2701  -28.918  -92.788  1.552 0.1000000015
2683  -29.584  -92.841  2.539 0.1000000015
3175  -29.775  -91.806  2.915 0.1000000015
2334  -28.380  -93.823  -4.264 0.1000000015
2288  -28.687  -93.847  1.093 0.1000000015
2357  -27.971  -93.377  -5.525 0.1000000015
1876  -27.445  -94.718  -0.428 0.1000000015
3297  -26.254  -92.088  -6.583 0.1000000015
2798  -26.879  -92.720  -6.412 0.1000000015
4973  -22.178  -88.616  -7.512 0.1000000015
5514  -29.537  -88.142  2.824 0.1000000015
5515  -29.696  -87.743  3.226 0.1000000015
3204  -28.022  -92.907  0.112 0.1000000015
3205  -28.362  -91.998  0.683 0.1000000015
3187  -29.122  -91.917  1.965 0.1000000015
2737  -27.896  -93.301  -0.635 0.1000000015
3838  -25.533  -90.932  -6.441 0.1000000015
3837  -24.818  -90.602  -6.580 0.1000000015
4377  -24.344  -89.861  -6.079 0.1000000015
4957  -23.209  -88.479  -6.207 0.1000000015
4956  -22.655  -88.337  -6.869 0.1000000015
2788  -27.341  -92.509  -5.804 0.1000000015
4242  -30.737  -90.074  4.428 0.1000000015
4255  -29.297  -90.139  2.579 0.1000000015
3285  -26.761  -92.112  -5.906 0.1000000015
4243  -30.931  -90.490  4.907 0.1000000015
2346  -28.508  -93.359  -4.860 0.1000000015
4214  -30.524  -89.603  5.676 0.1000000015
3273  -28.074  -91.510  -4.889 0.1000000015
3260  -29.013  -91.448  -4.283 0.1000000015
3805  -29.834  -90.557  -3.427 0.1000000015
3727  -28.747  -90.867  1.650 0.1000000015
3219  -28.079  -92.415  -0.606 0.1000000015
2745  -28.146  -92.814  -1.759 0.1000000015
2766  -29.493  -92.856  -3.640 0.1000000015
3247  -29.470  -92.368  -2.336 0.1000000015
3275  -29.441  -92.200  -4.258 0.1000000015
2767  -29.982  -92.244  -3.648 0.1000000015
3235  -28.832  -91.941  -1.789 0.1000000015
3220  -28.408  -91.483  -0.670 0.1000000015
3236  -30.082  -92.098  -1.800 0.1000000015
2752  -29.068  -92.773  -2.858 0.1000000015
4341  -28.053  -90.309  -4.087 0.1000000015
2753  -30.246  -92.417  -2.749 0.1000000015
1861  -28.595  -94.166  1.260 0.1000000015
1893  -27.238  -94.685  -1.460 0.1000000015
1935  -26.902  -94.535  -4.966 0.1000000015
1972  -26.440  -93.859  -6.560 0.1000000015
1973  -27.095  -93.745  -6.209 0.1000000015
2287  -28.387  -93.996  0.648 0.1000000015
2321  -28.950  -93.151  -3.432 0.1000000015
2335  -28.894  -93.360  -4.005 0.1000000015
2345  -28.061  -93.944  -5.042 0.1000000015
2356  -27.557  -93.824  -5.697 0.1000000015
2369  -27.824  -93.064  -5.753 0.1000000015
2376  -25.721  -93.187  -7.760 0.1000000015
2377  -26.290  -93.091  -7.290 0.1000000015
2721  -28.069  -93.553  0.178 0.1000000015
2722  -28.468  -93.289  0.859 0.1000000015
2746  -28.672  -92.579  -2.291 0.1000000015
2751  -28.503  -92.933  -2.531 0.1000000015
2777  -29.022  -92.719  -4.465 0.1000000015
2778  -29.595  -92.581  -4.070 0.1000000015
2787  -27.034  -92.557  -6.005 0.1000000015
2799  -27.601  -92.891  -5.864 0.1000000015
2800  -27.862  -92.882  -5.667 0.1000000015
3162  -30.622  -91.614  4.072 0.1000000015
3176  -30.237  -91.668  3.466 0.1000000015
3234  -28.263  -92.126  -1.247 0.1000000015
3246  -28.998  -92.403  -2.374 0.1000000015
3261  -29.528  -91.557  -4.016 0.1000000015
3274  -28.598  -91.748  -4.660 0.1000000015
3296  -25.799  -91.625  -6.757 0.1000000015
3309  -25.945  -91.993  -6.973 0.1000000015
3677  -30.652  -90.560  5.351 0.1000000015
3688  -30.990  -90.791  4.908 0.1000000015
3696  -30.815  -90.997  4.646 0.1000000015
3709  -29.315  -91.123  2.562 0.1000000015
3710  -30.088  -90.855  3.479 0.1000000015
3803  -28.306  -90.845  -4.360 0.1000000015
3804  -28.805  -90.978  -4.083 0.1000000015
3818  -28.423  -91.134  -4.482 0.1000000015
3834  -21.992  -89.906  -7.069 0.1000000015
3839  -26.126  -91.417  -6.194 0.1000000015
3852  -24.436  -91.081  -7.170 0.1000000015
4232  -30.842  -89.323  5.128 0.1000000015
4233  -31.020  -89.942  5.120 0.1000000015
4374  -21.948  -89.375  -7.117 0.1000000015
4376  -23.397  -89.516  -6.248 0.1000000015
4389  -21.982  -89.097  -7.209 0.1000000015
4391  -32.181  -89.601  -8.949 0.1000000015
4401  -31.448  -89.282  -9.161 0.1000000015
4412  -24.214  -89.135  -9.774 0.1000000015
4942  -32.346  -88.681  -6.160 0.1000000015
4961  -33.826  -88.547  -6.073 0.1000000015
4962  -34.281  -88.244  -5.608 0.1000000015
4987  -22.586  -88.780  -8.471 0.1000000015
4989  -24.194  -88.251  -9.056 0.1000000015
4992  -33.260  -89.112  -9.133 0.1000000015
5028  -34.082  -88.681  -10.380 0.1000000015
5044  -34.455  -88.612  -11.519 0.1000000015
5058  -33.736  -88.749  -11.850 0.1000000015
5532  -29.295  -88.050  2.216 0.1000000015
5576  -36.000  -87.620  0.640 0.1000000015
5667  -23.140  -87.642  -6.806 0.1000000015
5682  -22.665  -88.120  -7.975 0.1000000015
5695  -23.204  -87.989  -8.294 0.1000000015
5709  -24.603  -88.016  -8.994 0.1000000015
5738  -33.244  -87.102  -12.309 0.1000000015
5739  -34.644  -88.424  -11.265 0.1000000015
5740  -34.865  -88.299  -11.842 0.1000000015
5750  -32.894  -87.744  -11.870 0.1000000015
5769  -33.937  -87.632  -13.045 0.1000000015
6169  -35.473  -87.087  4.244 0.1000000015
6185  -29.520  -87.629  2.726 0.1000000015
6350  -34.374  -87.385  -6.048 0.1000000015
6394  -35.530  -86.903  -10.050 0.1000000015
6396  -37.378  -86.382  -10.026 0.1000000015
6415  -32.630  -86.572  -11.235 0.1000000015
6416  -35.191  -87.361  -10.390 0.1000000015
6434  -33.182  -86.534  -12.223 0.1000000015
6453  -36.735  -86.371  -12.208 0.1000000015
6465  -33.573  -86.768  -12.976 0.1000000015
6466  -34.158  -86.830  -13.314 0.1000000015
6843  -36.479  -85.526  4.550 0.1000000015
6844  -37.068  -85.790  4.567 0.1000000015
6845  -37.518  -85.711  4.353 0.1000000015
6855  -35.441  -85.395  4.046 0.1000000015
6868  -35.224  -86.126  4.101 0.1000000015
6888  -37.504  -85.200  1.632 0.1000000015
6905  -37.475  -84.914  1.198 0.1000000015
6906  -37.400  -85.238  0.742 0.2000000030
6916  -37.298  -85.389  -0.618 0.1000000015
6917  -37.346  -85.599  -0.014 0.1000000015
6981  -34.296  -86.418  -5.539 0.1000000015
7006  -36.642  -85.415  -8.240 0.1000000015
7026  -35.906  -85.648  -8.820 0.1000000015
7027  -36.984  -85.958  -8.872 0.1000000015
7028  -37.915  -86.026  -8.953 0.1000000015
7051  -37.883  -85.931  -9.858 0.1000000015
7052  -38.192  -85.312  -9.311 0.1000000015
7143  -36.481  -85.258  -14.266 0.1000000015
7542  -37.199  -85.217  4.534 0.1000000015
7555  -37.100  -84.554  4.300 0.1000000015
7557  -38.538  -84.122  3.966 0.1000000015
7565  -35.066  -84.819  2.978 0.1000000015
7568  -38.507  -84.205  3.794 0.1000000015
7577  -37.528  -84.587  1.561 0.1000000015
7589  -37.330  -85.040  0.104 0.1000000015
7663  -33.656  -85.181  -6.979 0.1000000015
7665  -37.620  -84.525  -7.149 0.1000000015
7667  -38.380  -84.083  -7.289 0.1000000015
7683  -33.828  -85.553  -7.728 0.1000000015
7685  -35.959  -84.940  -7.922 0.1000000015
7687  -37.910  -84.913  -7.549 0.1000000015
7704  -35.541  -85.248  -8.322 0.1000000015
7705  -37.999  -84.235  -9.005 0.1000000015
7706  -38.196  -84.475  -8.759 0.1000000015
7733  -36.960  -84.260  -10.151 0.1000000015
7735  -38.094  -85.079  -9.754 0.1000000015
7782  -37.106  -84.603  -14.573 0.1000000015
7795  -36.933  -84.116  -15.205 0.1000000015
8197  -35.279  -82.778  3.193 0.1000000015
8199  -38.499  -83.793  2.752 0.2000000030
8200  -38.718  -83.898  3.333 0.2000000030
8241  -36.700  -83.536  -0.059 0.1000000015
8260  -33.924  -83.320  -3.014 0.1000000015
8286  -33.531  -83.631  -5.324 0.1000000015
8311  -35.473  -84.530  -7.572 0.1000000015
8313  -37.049  -84.380  -6.971 0.1000000015
8318  -37.153  -83.485  -8.960 0.1000000015
8319  -37.879  -83.878  -8.787 0.1000000015
8328  -36.882  -83.942  -9.558 0.1000000015
8338  -35.897  -83.331  -10.359 0.1000000015
8339  -36.395  -83.812  -10.196 0.1000000015
8385  -37.481  -83.696  -14.631 0.1000000015
8396  -37.267  -83.627  -15.052 0.1000000015
8811  -36.700  -82.642  3.622 0.1000000015
8815  -39.781  -82.637  3.035 0.4000000060
8829  -39.310  -83.123  2.822 0.3000000119
8830  -39.799  -82.586  2.777 0.3000000119
8839  -35.038  -82.057  2.655 0.1000000015
8880  -34.111  -82.526  -2.555 0.1000000015
8881  -34.722  -82.363  -2.051 0.1000000015
8920  -39.472  -82.011  -6.442 0.1000000015
8936  -39.051  -81.933  -7.322 0.1000000015
8945  -34.067  -81.796  -9.320 0.1000000015
8949  -37.677  -82.923  -8.325 0.1000000015
8950  -38.211  -83.474  -8.258 0.1000000015
8964  -34.257  -81.959  -9.792 0.1000000015
8981  -34.633  -82.028  -10.443 0.1000000015
8982  -35.322  -82.756  -10.428 0.1000000015
8998  -34.834  -81.727  -10.948 0.1000000015
9516  -36.449  -82.184  3.531 0.1000000015
9532  -40.281  -81.206  1.956 0.3000000119
9542  -38.876  -82.416  2.106 0.2000000030
9543  -39.415  -82.041  2.123 0.2000000030
9545  -40.303  -81.103  1.706 0.3000000119
9557  -39.157  -81.751  1.662 0.2000000030
9568  -36.299  -81.875  -0.519 0.2000000030
9584  -35.731  -81.811  -1.080 0.1000000015
9608  -33.732  -81.354  -4.565 0.1000000015
9609  -34.179  -80.928  -4.705 0.2000000030
9610  -35.766  -80.581  -5.162 0.2000000030
9619  -34.477  -81.244  -5.148 0.2000000030
9633  -40.351  -80.848  -6.492 0.1000000015
9644  -36.351  -81.392  -7.852 0.1000000015
9662  -34.787  -81.865  -8.465 0.1000000015
9679  -33.857  -81.502  -9.538 0.1000000015
9692  -34.455  -81.317  -10.759 0.1000000015
10228  -37.045  -81.380  3.445 0.1000000015
10230  -38.535  -81.501  3.431 0.3000000119
10248  -39.782  -81.141  2.824 0.3000000119
10262  -40.139  -81.120  1.481 0.3000000119
10264  -41.407  -80.012  0.857 0.4000000060
10280  -41.031  -80.152  0.750 0.4000000060
10298  -37.535  -80.612  0.284 0.3000000119
10314  -36.430  -80.607  -0.608 0.2000000030
10329  -33.881  -80.564  -4.000 0.1000000015
10330  -34.222  -80.182  -4.048 0.1000000015
10340  -34.557  -80.396  -4.594 0.2000000030
10342  -36.417  -80.026  -5.186 0.2000000030
10343  -36.813  -79.690  -5.263 0.1000000015
10358  -35.242  -80.553  -5.066 0.2000000030
10359  -36.997  -80.525  -5.216 0.1000000015
10364  -40.965  -80.076  -6.238 0.1000000015
10383  -40.311  -80.798  -6.668 0.1000000015
10385  -41.045  -80.043  -6.434 0.1000000015
10407  -32.880  -80.074  -8.451 0.1000000015
10409  -34.414  -80.414  -7.644 0.1000000015
10415  -40.570  -80.107  -6.966 0.1000000015
10456  -32.954  -79.945  -9.320 0.1000000015
10471  -33.966  -80.511  -10.701 0.1000000015
11066  -40.640  -79.992  0.416 0.4000000060
11068  -42.004  -79.647  0.447 0.4000000060
11069  -42.748  -79.133  0.290 0.4000000060
11087  -40.096  -79.645  -0.020 0.3000000119
11091  -43.003  -79.057  -0.024 0.4000000060
11098  -34.550  -80.033  -2.095 0.1000000015
11109  -34.233  -79.734  -2.789 0.2000000030
11120  -34.136  -80.142  -3.812 0.1000000015
11134  -36.996  -79.413  -5.302 0.2000000030
11145  -36.875  -78.891  -5.279 0.1000000015
11161  -41.237  -79.465  -6.493 0.1000000015
11192  -32.162  -79.038  -8.363 0.1000000015
11771  -39.819  -79.743  2.405 0.3000000119
11785  -41.378  -79.144  1.418 0.3000000119
11795  -42.513  -78.769  0.655 0.4000000060
11807  -39.426  -79.181  -0.486 0.2000000030
11810  -42.440  -78.965  -0.565 0.4000000060
11811  -43.136  -78.642  -0.303 0.4000000060
11817  -35.516  -78.917  -1.772 0.1000000015
11819  -37.437  -79.144  -0.905 0.1000000015
11823  -42.025  -78.525  -1.047 0.4000000060
11825  -43.413  -78.093  -0.772 0.4000000060
11834  -34.984  -78.844  -2.367 0.1000000015
11842  -34.922  -78.684  -3.792 0.2000000030
11852  -35.314  -78.854  -4.361 0.2000000030
11853  -35.773  -78.491  -4.608 0.2000000030
11864  -37.146  -78.333  -5.322 0.2000000030
11868  -40.921  -79.041  -5.751 0.1000000015
11882  -34.467  -77.673  -7.044 0.1000000015
11883  -41.853  -78.403  -6.763 0.1000000015
11894  -32.006  -78.328  -7.767 0.1000000015
11896  -33.892  -78.645  -7.216 0.1000000015
11902  -40.563  -78.881  -7.559 0.1000000015
11904  -41.893  -78.296  -7.303 0.1000000015
11905  -42.206  -78.128  -7.099 0.1000000015
11915  -31.794  -78.533  -8.348 0.1000000015
11917  -39.781  -78.260  -7.974 0.1000000015
11930  -31.720  -78.273  -8.971 0.1000000015
12514  -37.456  -78.019  2.532 0.2000000030
12522  -37.829  -77.366  2.153 0.2000000030
12533  -39.271  -77.351  1.285 0.2000000030
12534  -39.947  -77.418  1.055 0.2000000030
12538  -43.329  -78.313  -0.080 0.4000000060
12546  -43.525  -77.431  -0.260 0.4000000060
12557  -41.406  -77.882  -1.436 0.4000000060
12560  -43.745  -77.733  -0.928 0.4000000060
12568  -34.910  -78.296  -3.185 0.2000000030
12571  -37.025  -77.594  -1.830 0.1000000015
12579  -35.358  -77.895  -3.637 0.2000000030
12580  -35.835  -77.344  -3.639 0.1000000015
12588  -35.557  -78.025  -4.196 0.2000000030
12599  -38.417  -77.691  -5.587 0.1000000015
12616  -33.236  -77.234  -6.932 0.1000000015
12618  -40.350  -77.428  -5.979 0.1000000015
12620  -41.784  -77.825  -6.300 0.1000000015
12643  -38.854  -78.099  -7.930 0.1000000015
12645  -42.401  -77.574  -7.432 0.1000000015
12664  -41.928  -77.414  -8.124 0.1000000015
13313  -38.987  -76.420  0.496 0.2000000030
13322  -37.782  -77.300  -1.879 0.1000000015
13328  -44.290  -77.025  -1.216 0.4000000060
13338  -35.786  -77.416  -2.864 0.1000000015
13355  -36.314  -76.711  -3.449 0.1000000015
13365  -37.294  -76.463  -4.933 0.2000000030
13389  -34.445  -76.531  -7.000 0.1000000015
13390  -40.648  -76.708  -6.162 0.1000000015
13394  -43.247  -76.014  -7.287 0.1000000015
13409  -37.113  -76.796  -7.826 0.1000000015
13424  -40.599  -76.750  -8.561 0.1000000015
13427  -42.713  -76.354  -8.277 0.1000000015
14067  -35.733  -75.223  1.043 0.1000000015
14068  -36.561  -75.524  1.035 0.1000000015
14086  -45.851  -75.110  -1.003 0.5000000000
14093  -45.875  -74.978  -1.181 0.4000000060
14105  -40.025  -75.345  -2.701 0.1000000015
14109  -44.609  -75.462  -1.793 0.4000000060
14119  -38.642  -75.160  -3.516 0.1000000015
14127  -37.030  -76.218  -4.311 0.1000000015
14138  -38.139  -75.855  -5.194 0.2000000030
14151  -32.443  -75.418  -6.705 0.1000000015
14153  -34.069  -75.872  -6.853 0.1000000015
14181  -38.994  -75.791  -8.681 0.1000000015
14690  -29.758  -74.674  12.376 0.1000000015
14737  -28.064  -74.238  10.018 0.1000000015
14836  -28.429  -73.840  3.068 0.1000000015
14914  -42.491  -73.953  -0.710 0.5000000000
14915  -45.703  -74.748  -1.329 0.4000000060
14930  -40.004  -74.875  -3.032 0.1000000015
14932  -41.589  -74.510  -2.701 0.2000000030
14953  -38.842  -74.722  -4.166 0.1000000015
15010  -36.370  -74.207  -8.434 0.1000000015
15011  -37.041  -74.736  -8.452 0.1000000015
15014  -40.058  -75.199  -9.260 0.1000000015
15048  -41.570  -74.163  -10.588 0.1000000015
15626  -27.746  -73.643  8.980 0.1000000015
15722  -32.210  -73.766  0.790 0.1000000015
15729  -35.342  -73.708  0.045 0.1000000015
15739  -42.367  -73.126  -0.393 0.5000000000
15752  -42.053  -73.533  -0.729 0.5000000000
15755  -46.107  -73.402  -1.240 0.5000000000
15756  -46.259  -73.167  -1.044 0.5000000000
15763  -45.831  -73.466  -1.483 0.4000000060
15770  -40.111  -73.797  -4.142 0.1000000015
15772  -41.762  -73.101  -3.380 0.2000000030
15786  -40.034  -73.693  -4.841 0.1000000015
15805  -41.415  -73.141  -5.763 0.1000000015
15821  -31.036  -73.388  -6.637 0.1000000015
15883  -38.951  -73.510  -9.773 0.1000000015
15884  -39.971  -73.880  -9.995 0.1000000015
15885  -40.661  -74.128  -10.194 0.1000000015
16454  -28.517  -72.938  10.127 0.1000000015
16524  -28.216  -71.981  7.234 0.1000000015
16562  -27.747  -73.129  4.834 0.1000000015
16580  -42.201  -72.291  2.413 0.6000000238
16588  -31.067  -73.274  1.343 0.1000000015
16590  -42.702  -72.358  1.827 0.6000000238
16607  -44.453  -72.583  1.018 0.5000000000
16621  -45.848  -72.648  -0.186 0.5000000000
16622  -46.304  -72.573  -0.723 0.5000000000
16626  -35.591  -72.294  -1.213 0.1000000015
16637  -43.097  -72.732  -2.878 0.2000000030
16640  -45.987  -72.670  -1.778 0.5000000000
16666  -41.028  -72.890  -4.602 0.1000000015
16668  -42.577  -71.744  -4.365 0.2000000030
16691  -30.378  -72.763  -6.805 0.1000000015
16708  -29.823  -72.844  -7.265 0.1000000015
16711  -35.390  -73.201  -8.341 0.1000000015
16749  -38.757  -72.684  -10.559 0.1000000015
16760  -37.388  -72.039  -11.369 0.1000000015
17322  -30.578  -71.840  10.016 0.1000000015
17350  -31.081  -71.893  9.401 0.1000000015
17363  -28.933  -71.572  8.034 0.1000000015
17413  -28.325  -71.760  6.072 0.1000000015
17432  -28.539  -71.840  4.620 0.1000000015
17434  -40.195  -71.320  3.683 0.3000000119
17435  -40.426  -71.408  3.651 0.4000000060
17445  -40.139  -71.464  3.423 0.4000000060
17446  -40.638  -71.729  3.117 0.4000000060
17459  -43.972  -71.895  1.533 0.6000000238
17469  -31.459  -71.656  0.608 0.1000000015
17473  -41.385  -72.315  0.949 0.4000000060
17474  -44.451  -71.719  1.273 0.5000000000
17475  -45.061  -71.937  1.002 0.5000000000
17485  -32.931  -71.451  -0.212 0.1000000015
17491  -41.352  -72.326  0.542 0.5000000000
17511  -44.517  -71.758  -2.862 0.3000000119
17524  -44.250  -71.041  -3.714 0.3000000119
17526  -46.055  -71.137  -2.917 0.3000000119
17527  -46.554  -71.128  -2.695 0.3000000119
17535  -42.488  -71.827  -4.940 0.1000000015
17537  -44.040  -70.964  -4.729 0.2000000030
17547  -42.275  -72.063  -5.278 0.1000000015
17548  -42.849  -71.971  -5.428 0.1000000015
17551  -45.824  -70.693  -5.740 0.1000000015
17552  -46.170  -70.382  -5.847 0.1000000015
17565  -32.670  -71.930  -6.584 0.1000000015
17589  -33.869  -71.160  -7.739 0.1000000015
17591  -35.017  -71.785  -8.924 0.1000000015
17605  -35.968  -71.804  -10.052 0.1000000015
18257  -28.911  -71.102  5.388 0.1000000015
18262  -39.572  -70.269  4.426 0.3000000119
18275  -39.969  -71.051  3.887 0.3000000119
18277  -41.259  -71.257  3.427 0.4000000060
18286  -30.287  -70.655  2.266 0.1000000015
18313  -45.780  -71.621  -0.120 0.5000000000
18329  -46.486  -71.376  -0.751 0.5000000000
18347  -45.892  -70.313  -1.137 0.4000000060
18357  -43.231  -69.657  -2.342 0.5000000000
18359  -44.795  -69.990  -1.685 0.4000000060
18375  -44.941  -70.710  -3.876 0.3000000119
18386  -44.343  -70.798  -4.245 0.3000000119
18387  -44.692  -70.706  -4.474 0.2000000030
18397  -45.022  -70.658  -4.957 0.2000000030
18408  -29.840  -71.036  -7.086 0.1000000015
18426  -31.787  -70.394  -6.862 0.1000000015
18427  -32.550  -70.531  -7.106 0.1000000015
18482  -35.886  -70.465  -11.557 0.1000000015
19134  -39.524  -69.416  4.928 0.3000000119
19151  -40.567  -70.585  4.165 0.4000000060
19195  -30.989  -70.249  1.518 0.1000000015
19206  -31.648  -70.309  0.737 0.1000000015
19224  -39.799  -68.905  0.268 0.5000000000
19233  -42.108  -69.587  -2.020 0.5000000000
19234  -46.090  -70.007  -1.540 0.4000000060
19235  -46.347  -70.093  -1.588 0.4000000060
19256  -43.214  -68.787  -3.229 0.5000000000
19278  -39.308  -69.026  -5.746 0.1000000015
19280  -40.718  -69.024  -5.687 0.2000000030
19290  -31.254  -70.144  -6.865 0.1000000015
19297  -45.725  -68.978  -6.801 0.1000000015
19311  -33.445  -70.055  -8.070 0.1000000015
19371  -35.178  -69.495  -10.651 0.1000000015
20052  -38.208  -68.004  6.399 0.2000000030
20089  -37.251  -68.290  4.177 0.3000000119
20108  -39.323  -68.061  2.834 0.5000000000
20135  -37.468  -69.251  1.493 0.3000000119
20163  -42.718  -68.519  -3.340 0.5000000000
20189  -41.012  -67.318  -5.007 0.3000000119
20192  -46.223  -68.183  -4.433 0.3000000119
20193  -46.777  -68.615  -4.775 0.3000000119
20205  -43.860  -67.907  -5.961 0.2000000030
20206  -45.897  -68.155  -5.970 0.2000000030
20219  -45.660  -68.520  -6.481 0.1000000015
20220  -46.092  -68.514  -6.205 0.2000000030
20231  -31.076  -68.855  -7.554 0.1000000015
20234  -37.713  -67.798  -7.172 0.1000000015
20248  -29.441  -68.238  -7.975 0.1000000015
20251  -32.392  -68.775  -8.294 0.1000000015
20252  -33.079  -68.866  -8.631 0.1000000015
20264  -34.029  -68.556  -9.437 0.1000000015
20277  -35.234  -68.646  -10.376 0.1000000015
20959  -37.069  -67.048  7.732 0.2000000030
20960  -37.337  -66.877  7.506 0.2000000030
21033  -39.385  -68.105  3.312 0.5000000000
21048  -36.325  -67.846  2.407 0.1000000015
21075  -40.317  -66.697  -2.753 0.4000000060
21086  -38.971  -66.190  -3.804 0.3000000119
21087  -41.273  -66.540  -3.528 0.5000000000
21101  -37.902  -66.937  -3.991 0.3000000119
21104  -41.065  -66.863  -4.823 0.3000000119
21106  -42.853  -66.968  -4.883 0.4000000060
21121  -36.755  -66.852  -4.630 0.2000000030
21123  -41.237  -67.233  -5.072 0.3000000119
21143  -44.793  -67.953  -6.039 0.2000000030
21144  -45.348  -68.110  -6.144 0.1000000015
21199  -34.918  -67.863  -10.129 0.1000000015
21212  -36.781  -67.865  -11.406 0.1000000015
21855  -33.647  -67.173  10.829 0.1000000015
21976  -38.625  -66.941  5.952 0.2000000030
22076  -39.557  -65.755  -3.652 0.4000000060
22079  -42.179  -66.623  -4.569 0.4000000060
22091  -37.323  -66.562  -3.892 0.2000000030
22109  -35.857  -66.023  -5.105 0.1000000015
22111  -41.848  -66.653  -5.037 0.3000000119
22112  -42.046  -66.545  -4.958 0.3000000119
22148  -34.633  -67.414  -10.035 0.1000000015
22157  -34.066  -66.542  -10.649 0.1000000015
22172  -36.770  -66.797  -11.470 0.1000000015
22180  -34.117  -66.036  -11.941 0.1000000015
22733  -35.994  -65.395  13.297 0.1000000015
22825  -36.561  -66.077  7.993 0.3000000119
22841  -37.698  -65.922  7.012 0.3000000119
22947  -37.871  -65.237  -0.508 0.3000000119
22970  -40.898  -66.024  -3.907 0.5000000000
22971  -41.277  -66.180  -4.173 0.4000000060
22984  -41.275  -66.264  -4.322 0.4000000060
23024  -38.282  -65.242  -8.927 0.1000000015
23057  -37.048  -65.020  -12.079 0.1000000015
23601  -36.197  -64.626  13.156 0.1000000015
23651  -35.467  -65.241  8.727 0.3000000119
23748  -36.323  -64.895  3.653 0.3000000119
23794  -37.469  -63.993  -1.481 0.3000000119
23796  -38.273  -64.594  -1.234 0.3000000119
24483  -36.467  -64.485  13.198 0.1000000015
24492  -34.738  -64.293  12.156 0.1000000015
24493  -35.196  -64.052  12.485 0.1000000015
24643  -35.420  -63.684  2.117 0.4000000060
24696  -36.214  -63.357  -1.453 0.3000000119
24697  -36.791  -63.452  -1.223 0.3000000119
25553  -32.796  -61.628  4.660 0.3000000119
25623  -35.365  -62.634  0.877 0.4000000060
25655  -35.210  -62.561  -1.416 0.2000000030
25656  -35.743  -62.856  -1.225 0.2000000030
26548  -32.982  -60.787  4.116 0.2000000030
26644  -33.942  -61.167  -2.179 0.1000000015
26753  -35.734  -61.849  -13.220 0.1000000015
27654  -34.088  -61.223  -1.825 0.1000000015
27693  -34.833  -59.759  -5.928 0.1000000015
28521  -33.097  -59.371  6.166 0.2000000030
28570  -33.032  -59.773  5.173 0.2000000030
28688  -33.952  -59.038  -4.049 0.1000000015
28733  -35.107  -59.305  -6.189 0.1000000015
29664  -34.830  -58.662  -5.497 0.1000000015
29665  -35.191  -58.341  -5.858 0.1000000015
29707  -35.829  -58.885  -6.841 0.1000000015
132418  -33.050  -89.341  -9.445 0.1000000015
132420  -33.479  -89.003  -9.489 0.1000000015
132421  -32.711  -89.285  -9.618 0.1000000015
132423  -33.654  -88.567  -9.394 0.1000000015
