#!ascii label  , from subject bert vox2ras=TkReg
795
64747  -23.935  -23.396  -15.628 0.4285714328
65771  -23.776  -22.144  -16.572 0.2857142985
65756  -24.395  -22.741  -16.016 0.4285714328
65772  -24.821  -22.013  -16.382 0.4285714328
65773  -25.863  -21.988  -16.245 0.4285714328
66816  -24.158  -21.251  -17.022 0.2857142985
66817  -25.254  -21.351  -16.715 0.4285714328
67975  -25.515  -20.611  -16.989 0.4285714328
67989  -25.197  -19.902  -17.396 0.4285714328
70197  -24.460  -18.928  -18.153 0.4285714328
71246  -25.474  -18.336  -18.146 0.4285714328
71259  -23.975  -18.095  -18.994 0.5714285970
70213  -24.492  -18.381  -18.604 0.5714285970
71260  -25.072  -17.923  -18.737 0.4285714328
71261  -26.064  -17.431  -18.411 0.2857142985
71273  -24.804  -17.216  -19.336 0.7142857313
72218  -25.448  -17.165  -18.924 0.7142857313
72232  -25.895  -16.163  -19.346 0.7142857313
73209  -26.620  -16.239  -19.040 0.4285714328
72231  -25.193  -16.614  -19.494 0.7142857313
72219  -26.144  -16.748  -18.789 0.5714285970
74207  -26.879  -14.981  -20.072 0.5714285970
73222  -25.295  -15.934  -20.021 0.5714285970
73223  -26.373  -15.546  -19.708 0.5714285970
73234  -26.261  -15.020  -20.477 0.5714285970
73233  -25.465  -15.389  -20.786 0.5714285970
74208  -27.577  -14.676  -19.931 0.4285714328
74231  -26.597  -13.856  -21.427 0.5714285970
75220  -27.860  -13.257  -20.790 0.5714285970
74230  -25.707  -14.188  -21.677 0.7142857313
75228  -27.033  -13.148  -21.603 0.7142857313
75229  -27.741  -12.673  -21.283 0.5714285970
74228  -23.670  -14.728  -22.089 0.5714285970
74241  -25.537  -13.450  -22.173 0.8571428657
76232  -27.405  -12.397  -21.758 0.7142857313
76233  -28.106  -12.013  -21.417 0.5714285970
74240  -24.778  -13.774  -22.384 0.5714285970
76244  -27.683  -11.839  -21.920 0.7142857313
75239  -26.152  -12.761  -22.285 0.7142857313
76243  -27.004  -12.025  -22.288 0.7142857313
77214  -27.759  -11.222  -22.292 0.5714285970
76242  -26.211  -11.944  -22.765 0.7142857313
77215  -28.410  -11.004  -21.917 0.5714285970
76241  -25.463  -12.340  -22.900 0.5714285970
77213  -26.869  -11.249  -22.820 0.7142857313
79242  -27.686  -9.774  -23.076 0.7142857313
78254  -28.476  -10.399  -22.298 0.7142857313
77224  -26.444  -11.003  -23.292 0.7142857313
78252  -26.923  -10.631  -23.145 0.7142857313
78265  -27.209  -10.133  -23.216 0.7142857313
79256  -27.983  -9.301  -23.201 0.7142857313
79243  -28.342  -9.593  -22.794 0.5714285970
78264  -26.519  -10.354  -23.603 0.7142857313
76252  -25.038  -12.102  -23.503 0.5714285970
80203  -28.031  -8.678  -23.494 0.5714285970
81177  -28.619  -7.780  -23.624 0.5714285970
78277  -26.077  -10.074  -24.050 0.8571428657
78263  -25.799  -10.613  -23.999 0.8571428657
81176  -27.774  -7.951  -23.836 0.7142857313
81175  -27.250  -8.191  -23.946 0.7142857313
79254  -26.624  -9.529  -23.879 0.8571428657
80202  -27.217  -8.754  -23.817 0.7142857313
82144  -26.967  -6.508  -24.326 0.8571428657
82132  -28.292  -7.279  -23.968 0.5714285970
81188  -27.099  -7.616  -24.116 0.8571428657
80217  -26.859  -8.421  -24.050 0.8571428657
80201  -26.579  -8.961  -24.082 0.8571428657
83120  -26.776  -5.537  -24.430 0.8571428657
84058  -26.458  -4.612  -24.416 0.8571428657
84057  -25.466  -4.611  -24.635 1.0000000000
82143  -26.162  -6.301  -24.490 0.8571428657
85080  -26.059  -3.665  -24.307 1.0000000000
83119  -25.832  -5.531  -24.567 1.0000000000
86110  -25.598  -2.699  -24.283 1.0000000000
87136  -24.218  -1.893  -24.697 0.7142857313
85079  -25.068  -3.652  -24.660 1.0000000000
86109  -24.646  -2.709  -24.690 1.0000000000
90000  -24.583  1.735  -24.302 1.0000000000
90014  -23.900  0.990  -24.664 0.8571428657
90921  -24.044  2.721  -24.293 0.8571428657
93669  -25.568  5.650  -23.094 0.8571428657
92720  -24.858  4.682  -23.433 0.8571428657
92742  -24.474  4.073  -23.570 1.0000000000
95553  -25.718  7.580  -23.241 0.8571428657
94639  -25.141  6.596  -22.907 0.8571428657
96525  -26.306  8.499  -23.489 0.7142857313
95552  -24.685  7.544  -22.934 0.5714285970
96524  -25.257  8.749  -22.960 0.7142857313
97424  -26.160  9.591  -23.336 0.5714285970
96502  -23.641  9.068  -22.658 0.5714285970
96523  -24.127  8.398  -22.900 0.5714285970
97405  -22.706  9.518  -22.383 0.4285714328
98240  -24.295  10.747  -22.457 0.4285714328
99089  -25.335  11.367  -23.263 0.4285714328
98222  -22.580  11.367  -21.747 0.2857142985
99071  -22.402  12.089  -21.419 0.2857142985
98238  -22.191  10.588  -22.044 0.2857142985
74218  -26.760  -14.466  -20.801 0.5714285970
79255  -27.330  -9.503  -23.469 0.7142857313
81189  -27.817  -7.353  -24.010 0.8571428657
82145  -28.073  -6.599  -24.271 0.8571428657
83121  -27.729  -5.590  -24.490 0.8571428657
88106  -24.390  -0.816  -24.591 0.8571428657
100702  -21.599  13.831  -20.578 0.1428571492
66815  -23.032  -21.554  -17.025 0.2857142985
66829  -23.806  -20.706  -17.416 0.2857142985
67974  -24.858  -20.919  -17.085 0.2857142985
69161  -26.386  -19.224  -17.294 0.4285714328
69158  -23.722  -19.702  -17.933 0.2857142985
67988  -24.413  -20.358  -17.450 0.4285714328
70199  -25.829  -18.660  -17.719 0.4285714328
70212  -23.954  -18.763  -18.497 0.5714285970
72230  -24.199  -16.870  -20.024 0.2857142985
73232  -24.507  -15.977  -20.969 0.5714285970
74219  -27.717  -14.029  -20.372 0.4285714328
73243  -24.493  -15.193  -21.520 0.7142857313
73244  -25.242  -14.858  -21.449 0.7142857313
75219  -27.200  -13.775  -21.017 0.5714285970
75227  -26.193  -13.493  -21.830 0.7142857313
75240  -26.902  -12.607  -22.006 0.7142857313
74239  -23.924  -14.138  -22.720 0.5714285970
75238  -24.975  -12.965  -22.678 0.5714285970
77204  -28.762  -11.241  -21.335 0.5714285970
77212  -26.178  -11.461  -23.150 0.7142857313
81187  -25.934  -7.367  -24.510 1.0000000000
83118  -24.876  -5.592  -24.916 1.0000000000
88127  -23.612  -0.490  -25.037 0.7142857313
88107  -25.590  -0.676  -24.179 1.0000000000
89049  -24.942  0.471  -24.390 1.0000000000
89065  -23.361  0.341  -25.220 0.7142857313
92719  -23.847  5.139  -23.703 0.8571428657
91839  -24.953  3.735  -23.549 1.0000000000
90922  -25.122  2.761  -23.722 1.0000000000
97406  -23.869  9.865  -22.413 0.7142857313
95551  -23.658  7.463  -23.158 0.5714285970
96503  -24.435  9.240  -22.737 0.7142857313
96504  -24.959  9.425  -22.758 0.7142857313
97422  -22.341  8.749  -22.598 0.4285714328
99088  -24.665  11.471  -22.895 0.4285714328
98252  -25.778  10.556  -23.204 0.4285714328
99921  -24.961  11.893  -23.282 0.4285714328
99087  -23.967  11.751  -22.338 0.4285714328
72241  -24.057  -16.464  -20.680 0.4285714328
98239  -23.276  10.829  -22.089 0.4285714328
99072  -23.126  12.105  -21.820 0.2857142985
65755  -23.384  -22.819  -16.115 0.4285714328
65757  -25.425  -22.663  -15.852 0.4285714328
69171  -23.865  -19.268  -18.179 0.2857142985
69159  -24.501  -19.349  -17.883 0.4285714328
69160  -25.470  -19.267  -17.543 0.4285714328
70198  -24.915  -18.697  -18.146 0.4285714328
71272  -24.053  -17.490  -19.458 0.2857142985
73221  -24.663  -16.386  -20.247 0.5714285970
74217  -25.928  -14.856  -21.106 0.5714285970
74229  -24.587  -14.454  -21.941 0.7142857313
77203  -28.158  -11.484  -21.802 0.5714285970
78253  -27.594  -10.414  -22.781 0.7142857313
75249  -24.920  -12.508  -23.087 0.7142857313
76253  -25.712  -11.833  -23.210 0.8571428657
77223  -25.732  -11.268  -23.668 0.8571428657
80216  -26.121  -8.547  -24.346 0.8571428657
96522  -23.024  8.331  -22.720 0.5714285970
98241  -25.039  10.649  -22.863 0.4285714328
98221  -21.831  11.320  -21.626 0.2857142985
99906  -22.320  12.945  -21.084 0.2857142985
100714  -21.856  13.765  -21.068 0.1428571492
67987  -23.415  -20.294  -17.709 0.2857142985
89066  -24.033  0.103  -24.768 1.0000000000
97407  -24.690  9.946  -22.622 0.5714285970
101556  -24.604  14.848  -25.127 0.2857142985
102353  -24.069  15.468  -24.613 0.1428571492
100741  -25.319  13.334  -24.358 0.2857142985
101567  -25.078  14.264  -25.536 0.2857142985
101549  -24.513  14.747  -24.189 0.1428571492
102345  -23.436  16.086  -24.141 0.1428571492
99919  -23.566  12.802  -22.318 0.1428571492
99928  -24.878  12.877  -23.432 0.2857142985
100734  -24.580  13.432  -23.213 0.1428571492
100758  -25.317  13.712  -26.298 0.2857142985
98279  -26.707  10.259  -27.457 0.2857142985
99960  -26.399  12.099  -26.369 0.2857142985
102346  -24.021  15.507  -23.657 0.1428571492
99929  -25.460  12.298  -23.797 0.2857142985
98263  -27.454  10.209  -25.006 0.2857142985
99937  -25.945  12.736  -24.824 0.2857142985
96531  -27.956  8.346  -25.774 0.1428571492
99110  -27.488  10.623  -25.409 0.2857142985
99950  -26.569  12.125  -25.414 0.2857142985
101542  -24.417  14.494  -23.139 0.1428571492
99938  -26.381  11.927  -24.506 0.2857142985
94687  -28.086  5.928  -27.332 0.1428571492
95585  -28.114  7.197  -26.359 0.1428571492
97434  -27.710  9.321  -25.304 0.4285714328
98253  -26.467  10.516  -23.682 0.2857142985
93692  -28.132  5.131  -24.373 0.2857142985
95564  -27.510  7.389  -24.247 0.4285714328
97425  -26.793  9.153  -23.753 0.2857142985
91841  -28.540  3.226  -24.849 0.1428571492
94658  -27.995  6.223  -24.541 0.2857142985
96526  -27.140  8.401  -23.959 0.4285714328
94641  -27.207  6.484  -23.655 0.5714285970
95554  -26.705  7.498  -23.626 0.7142857313
90925  -28.225  2.294  -24.423 0.1428571492
91840  -27.941  3.362  -24.145 0.1428571492
92722  -27.037  4.590  -23.360 0.4285714328
90004  -28.368  1.242  -24.997 0.2857142985
90003  -27.788  1.320  -24.100 0.7142857313
90910  -26.657  3.104  -23.518 0.8571428657
92721  -26.039  4.714  -23.215 0.5714285970
88110  -28.335  -0.742  -25.169 0.2857142985
89052  -28.041  0.275  -24.621 0.2857142985
91825  -26.441  3.851  -23.331 0.7142857313
92718  -23.367  5.318  -23.883 0.5714285970
91824  -25.596  3.929  -23.341 0.8571428657
90002  -26.794  1.385  -23.718 0.7142857313
87157  -28.509  -1.827  -25.880 0.1428571492
83137  -24.055  -5.569  -25.618 0.5714285970
84077  -24.568  -4.589  -25.134 0.8571428657
85101  -24.249  -3.585  -25.265 0.8571428657
84076  -23.799  -4.497  -25.821 0.4285714328
86129  -23.878  -2.603  -25.272 0.5714285970
87138  -26.156  -1.698  -24.043 0.8571428657
90001  -25.651  1.509  -23.878 0.8571428657
87140  -28.146  -1.736  -24.717 0.2857142985
89050  -26.188  0.379  -23.891 0.8571428657
90908  -25.398  3.405  -23.486 0.8571428657
86130  -28.610  -2.886  -26.102 0.4285714328
88109  -27.682  -0.707  -24.356 0.7142857313
89051  -27.316  0.315  -23.904 0.7142857313
82162  -23.418  -6.540  -25.815 0.2857142985
87137  -25.070  -1.750  -24.325 0.8571428657
86112  -27.687  -2.707  -24.408 0.4285714328
87139  -27.261  -1.701  -24.106 0.8571428657
88108  -26.738  -0.681  -23.948 0.8571428657
85083  -28.610  -3.699  -25.518 0.4285714328
77233  -23.922  -10.993  -24.884 0.7142857313
78274  -23.734  -10.305  -25.119 0.4285714328
77234  -24.689  -11.016  -24.563 0.7142857313
79271  -25.210  -9.413  -24.540 0.8571428657
80214  -24.237  -8.393  -24.995 0.5714285970
81204  -23.533  -7.474  -25.438 0.5714285970
81203  -22.826  -7.376  -25.679 0.4285714328
80215  -25.071  -8.450  -24.662 0.8571428657
81185  -24.082  -7.693  -25.158 0.5714285970
82142  -25.287  -6.512  -24.694 0.7142857313
82141  -24.278  -6.711  -25.208 0.5714285970
84059  -27.446  -4.630  -24.475 0.7142857313
86111  -26.673  -2.695  -24.104 0.7142857313
84061  -29.194  -4.480  -25.588 0.2857142985
84060  -28.366  -4.610  -24.825 0.4285714328
85082  -28.067  -3.691  -24.649 0.5714285970
75248  -24.473  -12.728  -23.373 0.4285714328
76251  -24.259  -12.292  -23.970 0.4285714328
77232  -23.381  -10.842  -24.950 0.4285714328
79272  -26.006  -9.486  -24.237 0.7142857313
83122  -28.628  -5.529  -24.722 0.2857142985
75237  -24.210  -13.436  -23.138 0.4285714328
75246  -23.161  -13.162  -24.047 0.5714285970
77221  -24.048  -11.689  -24.491 0.5714285970
78276  -25.370  -10.284  -24.359 0.7142857313
82133  -29.105  -6.721  -24.167 0.4285714328
82146  -28.819  -6.172  -24.573 0.4285714328
83123  -29.403  -5.594  -24.701 0.4285714328
73242  -23.489  -15.519  -21.605 0.5714285970
78243  -28.869  -10.657  -21.791 0.4285714328
81167  -29.116  -8.032  -23.225 0.4285714328
80190  -28.460  -8.966  -23.138 0.4285714328
81168  -29.677  -7.682  -22.727 0.4285714328
82126  -29.286  -7.383  -23.473 0.4285714328
70200  -26.742  -18.555  -17.526 0.1428571492
79244  -29.092  -9.644  -22.379 0.4285714328
80182  -29.554  -9.089  -22.201 0.4285714328
80192  -29.755  -8.452  -22.225 0.4285714328
71262  -26.645  -17.149  -18.353 0.1428571492
72220  -27.270  -16.778  -18.384 0.1428571492
73225  -28.156  -15.024  -19.391 0.2857142985
77189  -30.088  -11.887  -19.656 0.2857142985
79202  -31.061  -10.027  -20.174 0.2857142985
78233  -29.844  -10.678  -20.681 0.2857142985
75221  -28.661  -12.969  -20.249 0.4285714328
79221  -30.675  -9.692  -20.684 0.2857142985
77196  -29.127  -11.524  -20.700 0.2857142985
80175  -30.569  -9.122  -21.127 0.2857142985
79232  -30.115  -9.671  -21.279 0.4285714328
71248  -27.074  -17.675  -17.874 0.1428571492
72205  -27.734  -17.273  -17.877 0.1428571492
71247  -26.027  -18.057  -18.003 0.1428571492
72221  -28.221  -16.334  -18.431 0.2857142985
73211  -28.326  -15.650  -18.888 0.2857142985
75203  -29.961  -14.070  -18.792 0.2857142985
75214  -30.512  -13.006  -18.963 0.2857142985
76217  -29.391  -12.761  -19.770 0.2857142985
75212  -29.021  -13.505  -19.667 0.2857142985
76218  -30.148  -12.472  -19.408 0.2857142985
73198  -30.270  -15.980  -17.788 0.2857142985
72207  -29.170  -16.547  -17.931 0.2857142985
74197  -28.780  -15.071  -18.965 0.2857142985
72222  -28.795  -16.072  -18.437 0.2857142985
74198  -29.524  -14.705  -18.739 0.2857142985
66818  -26.231  -21.290  -16.563 0.2857142985
69140  -25.999  -19.865  -17.047 0.2857142985
69163  -27.887  -19.184  -16.935 0.1428571492
64748  -24.939  -23.309  -15.434 0.2857142985
63725  -24.428  -23.980  -15.123 0.2857142985
67976  -26.577  -20.547  -16.721 0.2857142985
63726  -25.442  -24.001  -15.062 0.1428571492
63707  -23.879  -24.596  -14.785 0.2857142985
72206  -28.291  -16.969  -17.892 0.1428571492
73197  -29.764  -16.247  -17.908 0.2857142985
77197  -29.880  -11.394  -20.175 0.2857142985
76234  -28.658  -11.878  -20.911 0.4285714328
77205  -29.380  -11.016  -20.814 0.4285714328
78245  -30.128  -10.197  -20.876 0.2857142985
81150  -30.668  -8.457  -21.182 0.2857142985
78275  -24.529  -10.252  -24.771 0.7142857313
80204  -28.687  -8.446  -23.270 0.4285714328
84062  -29.920  -4.801  -25.266 0.2857142985
91837  -23.498  3.637  -24.298 0.7142857313
94638  -24.151  6.610  -23.288 0.4285714328
99098  -26.630  11.238  -24.129 0.2857142985
92743  -27.755  4.386  -23.912 0.4285714328
93671  -27.598  5.421  -23.706 0.4285714328
102338  -23.927  15.661  -22.743 0.1428571492
95573  -27.976  7.256  -25.211 0.1428571492
99949  -25.914  12.827  -25.820 0.2857142985
64749  -25.980  -23.387  -15.483 0.1428571492
65774  -26.863  -21.920  -16.146 0.1428571492
69141  -26.935  -19.829  -16.890 0.1428571492
70201  -27.813  -18.581  -17.269 0.1428571492
71228  -28.982  -17.893  -17.104 0.1428571492
71251  -29.589  -17.067  -17.478 0.1428571492
73224  -27.465  -15.326  -19.523 0.2857142985
74210  -29.373  -13.989  -19.172 0.2857142985
77190  -30.801  -11.682  -19.401 0.2857142985
75247  -23.855  -13.054  -23.846 0.5714285970
74220  -28.367  -13.632  -20.137 0.2857142985
77220  -23.091  -11.517  -24.700 0.2857142985
80176  -31.081  -8.821  -20.613 0.2857142985
79283  -23.132  -8.911  -25.303 0.4285714328
79270  -24.267  -9.361  -24.961 0.5714285970
83136  -23.093  -5.400  -26.327 0.2857142985
81160  -30.346  -7.848  -21.740 0.2857142985
82118  -30.348  -6.717  -22.184 0.1428571492
82127  -29.767  -6.589  -23.388 0.4285714328
83110  -30.039  -5.674  -24.097 0.1428571492
90923  -26.257  2.387  -23.571 0.8571428657
88128  -28.474  -0.761  -26.225 0.1428571492
90924  -27.332  2.484  -23.776 0.5714285970
89053  -28.289  0.236  -25.649 0.1428571492
100727  -24.020  13.653  -22.529 0.1428571492
90936  -28.580  2.239  -25.407 0.1428571492
92744  -28.275  4.195  -24.563 0.1428571492
96529  -27.648  8.366  -24.783 0.2857142985
94659  -28.282  5.549  -24.841 0.2857142985
93709  -28.490  4.824  -25.684 0.1428571492
94682  -28.346  6.078  -26.589 0.1428571492
98272  -27.404  10.257  -26.676 0.2857142985
97453  -27.333  9.464  -27.095 0.2857142985
97452  -26.815  9.250  -27.585 0.1428571492
96554  -27.207  8.533  -27.472 0.1428571492
65759  -27.645  -22.564  -15.792 0.1428571492
77198  -30.600  -11.083  -19.939 0.2857142985
95600  -27.271  6.926  -28.100 0.1428571492
98298  -26.252  10.005  -27.880 0.2857142985
64746  -22.969  -23.467  -15.782 0.2857142985
65758  -26.491  -22.659  -15.806 0.1428571492
73210  -27.395  -15.991  -19.014 0.2857142985
76224  -28.328  -12.488  -20.819 0.4285714328
77222  -24.848  -11.603  -24.126 0.5714285970
77235  -25.312  -11.000  -24.218 0.7142857313
85081  -27.116  -3.675  -24.268 0.7142857313
93668  -24.517  5.753  -23.346 0.5714285970
94640  -26.198  6.584  -23.248 0.7142857313
97430  -26.824  9.837  -23.827 0.2857142985
74209  -28.548  -14.319  -19.525 0.2857142985
78255  -29.170  -10.202  -22.001 0.4285714328
90909  -25.914  3.215  -23.394 0.8571428657
99920  -24.501  12.516  -22.993 0.2857142985
99097  -26.004  11.300  -23.644 0.2857142985
101557  -25.031  14.143  -24.719 0.2857142985
101550  -24.868  13.979  -23.912 0.2857142985
100747  -25.469  13.520  -25.257 0.2857142985
101543  -24.709  13.793  -23.485 0.1428571492
99127  -27.206  10.959  -26.508 0.2857142985
99109  -27.213  11.227  -25.018 0.2857142985
98262  -27.075  10.441  -24.285 0.2857142985
98268  -27.654  10.132  -25.758 0.2857142985
97431  -27.289  9.404  -24.384 0.2857142985
99930  -26.129  11.695  -24.023 0.2857142985
96540  -27.735  8.417  -26.780 0.1428571492
94681  -28.011  6.619  -27.164 0.1428571492
95574  -28.236  6.673  -25.663 0.1428571492
95596  -27.536  7.462  -27.533 0.1428571492
97440  -27.761  9.354  -26.258 0.1428571492
93693  -28.418  4.949  -25.026 0.1428571492
92754  -28.533  4.096  -25.329 0.1428571492
94675  -28.397  5.837  -25.537 0.2857142985
93670  -26.670  5.591  -23.231 0.7142857313
91826  -27.234  3.623  -23.633 0.5714285970
85100  -23.434  -3.478  -25.876 0.4285714328
86113  -28.426  -2.770  -25.143 0.5714285970
79284  -23.725  -8.936  -25.185 0.4285714328
80236  -23.602  -8.276  -25.225 0.5714285970
80235  -22.988  -8.161  -25.388 0.4285714328
80234  -22.362  -8.085  -25.429 0.2857142985
81186  -24.778  -7.529  -24.805 0.7142857313
76250  -23.513  -12.439  -24.314 0.5714285970
83124  -29.968  -5.226  -24.735 0.2857142985
78244  -29.494  -10.419  -21.342 0.4285714328
80191  -29.126  -8.758  -22.790 0.4285714328
79231  -29.617  -9.667  -21.844 0.4285714328
76226  -29.671  -12.109  -19.821 0.2857142985
78234  -30.495  -10.543  -20.348 0.2857142985
76225  -29.078  -12.153  -20.334 0.2857142985
80183  -30.103  -8.904  -21.673 0.4285714328
70177  -28.629  -18.322  -17.050 0.1428571492
71249  -28.285  -17.740  -17.454 0.1428571492
75213  -29.881  -13.379  -19.220 0.2857142985
71250  -29.048  -17.295  -17.462 0.1428571492
73212  -29.385  -15.708  -18.385 0.2857142985
73213  -30.302  -15.290  -18.166 0.2857142985
63708  -24.903  -24.643  -14.723 0.1428571492
63727  -26.417  -24.065  -15.071 0.1428571492
83109  -29.555  -6.087  -24.294 0.2857142985
65775  -27.660  -21.784  -16.136 0.1428571492
92740  -23.063  4.718  -24.195 0.5714285970
90920  -23.006  2.678  -24.886 0.4285714328
90919  -22.454  3.171  -25.133 0.4285714328
90935  -22.623  2.108  -25.338 0.4285714328
92741  -23.936  4.313  -23.749 0.4285714328
88126  -22.977  -0.580  -25.640 0.4285714328
89064  -22.551  0.533  -25.931 0.4285714328
90013  -23.065  1.460  -25.200 0.5714285970
89999  -23.685  1.908  -24.605 0.5714285970
79203  -31.607  -9.705  -19.669 0.1428571492
79222  -31.200  -9.459  -20.259 0.1428571492
80158  -31.478  -9.023  -20.030 0.1428571492
71271  -22.914  -17.767  -19.693 0.2857142985
79180  -33.349  -9.965  -18.466 0.1428571492
78222  -32.509  -10.388  -18.695 0.1428571492
79205  -33.526  -9.144  -18.704 0.1428571492
79204  -32.526  -9.599  -18.901 0.1428571492
79206  -34.454  -9.007  -18.818 0.1428571492
71258  -23.385  -18.310  -19.072 0.2857142985
77178  -31.267  -12.295  -18.792 0.1428571492
78192  -32.262  -11.043  -18.666 0.1428571492
78195  -34.876  -10.313  -18.348 0.1428571492
78193  -33.088  -10.754  -18.362 0.1428571492
78235  -36.400  -9.980  -20.519 0.1428571492
78223  -35.795  -9.526  -19.327 0.1428571492
79223  -36.156  -9.140  -20.314 0.1428571492
70211  -22.686  -18.554  -19.044 0.2857142985
74200  -31.201  -14.554  -17.839 0.1428571492
75205  -31.664  -13.601  -17.894 0.1428571492
76209  -31.120  -12.949  -18.569 0.1428571492
77151  -33.842  -12.184  -17.588 0.1428571492
76211  -32.664  -12.655  -17.781 0.1428571492
77182  -34.723  -11.083  -18.010 0.1428571492
77180  -32.821  -11.859  -18.101 0.1428571492
77183  -35.523  -10.993  -18.391 0.1428571492
77192  -36.456  -10.817  -19.867 0.1428571492
77199  -36.441  -10.855  -20.867 0.1428571492
69170  -23.243  -19.220  -18.384 0.2857142985
69169  -22.338  -19.252  -18.562 0.2857142985
67994  -22.164  -19.783  -18.316 0.2857142985
74189  -31.801  -14.988  -17.379 0.1428571492
75195  -31.967  -14.407  -17.462 0.1428571492
75206  -32.373  -13.178  -17.688 0.1428571492
76205  -35.463  -12.404  -17.853 0.1428571492
76213  -36.339  -11.837  -19.499 0.1428571492
76212  -35.965  -11.953  -18.556 0.1428571492
78246  -35.941  -10.330  -22.006 0.1428571492
77207  -36.108  -10.880  -21.613 0.1428571492
73199  -31.234  -15.618  -17.379 0.1428571492
74190  -32.623  -15.016  -17.061 0.1428571492
73200  -32.022  -15.374  -17.155 0.1428571492
75198  -34.704  -13.631  -17.246 0.1428571492
75199  -35.516  -13.360  -17.672 0.1428571492
75197  -33.746  -13.813  -17.121 0.1428571492
76220  -36.414  -11.738  -20.444 0.1428571492
75208  -36.275  -12.806  -19.202 0.1428571492
76236  -35.906  -11.453  -21.844 0.1428571492
76227  -36.208  -11.606  -21.278 0.1428571492
72191  -31.228  -16.797  -16.864 0.1428571492
73186  -33.474  -16.004  -16.552 0.1428571492
73184  -31.790  -16.263  -16.868 0.1428571492
74191  -33.561  -14.637  -16.928 0.1428571492
74173  -33.014  -15.559  -16.761 0.1428571492
73215  -35.936  -15.205  -18.482 0.1428571492
74193  -35.476  -14.407  -17.596 0.1428571492
74201  -35.994  -14.042  -18.278 0.1428571492
74202  -36.244  -13.719  -18.995 0.1428571492
75215  -36.254  -12.636  -20.113 0.1428571492
75207  -36.017  -13.043  -18.358 0.1428571492
72194  -34.228  -16.694  -16.285 0.1428571492
72193  -33.236  -16.717  -16.299 0.1428571492
72192  -32.285  -16.802  -16.516 0.1428571492
72210  -35.430  -16.652  -17.530 0.1428571492
72195  -35.030  -16.740  -16.780 0.1428571492
73202  -35.335  -15.548  -17.551 0.1428571492
74212  -36.161  -13.605  -19.913 0.1428571492
73216  -36.160  -14.496  -18.950 0.1428571492
73187  -34.368  -15.900  -16.664 0.1428571492
74192  -34.610  -14.642  -17.030 0.1428571492
76203  -33.878  -12.986  -17.331 0.1428571492
75204  -30.665  -13.729  -18.516 0.1428571492
78256  -35.699  -10.038  -22.721 0.1428571492
78197  -36.204  -10.433  -19.320 0.1428571492
78220  -31.171  -10.664  -19.715 0.1428571492
80159  -32.025  -8.796  -19.563 0.1428571492
69157  -22.887  -19.766  -18.129 0.2857142985
75223  -36.031  -12.498  -21.064 0.1428571492
77206  -35.752  -10.910  -22.245 0.1428571492
78257  -36.011  -9.738  -22.106 0.1428571492
78247  -36.269  -10.031  -21.435 0.1428571492
79207  -35.301  -9.150  -19.165 0.1428571492
79233  -36.304  -9.210  -21.050 0.1428571492
93667  -23.622  5.827  -23.761 0.4285714328
97470  -25.373  9.363  -28.544 0.1428571492
98278  -26.145  10.763  -27.761 0.1428571492
74199  -30.425  -14.575  -18.376 0.1428571492
72208  -30.174  -16.742  -17.437 0.1428571492
73214  -30.813  -15.025  -17.990 0.1428571492
77191  -31.592  -11.122  -19.146 0.1428571492
78221  -31.931  -10.417  -19.125 0.1428571492
79179  -32.851  -10.166  -18.569 0.1428571492
79181  -34.192  -9.739  -18.461 0.1428571492
78194  -34.005  -10.506  -18.170 0.1428571492
79182  -34.936  -9.631  -18.671 0.1428571492
80160  -32.888  -8.505  -19.165 0.1428571492
80161  -33.861  -8.306  -19.037 0.1428571492
76210  -31.956  -12.621  -18.246 0.1428571492
77179  -31.777  -11.771  -18.734 0.1428571492
78196  -35.728  -10.069  -18.874 0.1428571492
77184  -36.146  -11.015  -19.018 0.1428571492
77181  -33.840  -11.341  -17.891 0.1428571492
78224  -36.187  -9.842  -19.661 0.1428571492
77150  -33.235  -12.552  -17.607 0.1428571492
77152  -34.671  -11.865  -17.715 0.1428571492
76202  -33.076  -13.175  -17.442 0.1428571492
77153  -35.326  -11.636  -18.024 0.1428571492
75196  -32.689  -13.958  -17.329 0.1428571492
76204  -34.709  -12.715  -17.472 0.1428571492
72209  -30.721  -16.272  -17.358 0.1428571492
74174  -33.537  -15.361  -16.728 0.1428571492
73185  -32.450  -15.902  -16.798 0.1428571492
74175  -34.191  -15.182  -16.801 0.1428571492
74211  -35.870  -14.413  -20.115 0.1428571492
73201  -34.760  -15.454  -16.971 0.1428571492
73188  -35.028  -16.055  -17.084 0.1428571492
62712  -22.168  -25.227  -14.855 0.1428571492
63723  -22.535  -24.097  -15.561 0.1428571492
62724  -21.407  -24.800  -15.383 0.1428571492
63724  -23.458  -24.060  -15.361 0.1428571492
64745  -22.029  -23.489  -15.880 0.1428571492
65754  -22.415  -22.876  -16.136 0.1428571492
65770  -22.750  -22.259  -16.572 0.1428571492
66814  -22.062  -21.818  -17.147 0.1428571492
66827  -22.261  -21.110  -17.603 0.1428571492
66828  -23.192  -20.878  -17.448 0.1428571492
66813  -21.126  -21.996  -17.150 0.1428571492
66826  -21.312  -21.300  -17.600 0.1428571492
67986  -22.444  -20.351  -17.950 0.1428571492
69155  -20.543  -19.708  -18.281 0.1428571492
69167  -20.729  -19.146  -18.573 0.1428571492
70210  -21.661  -18.731  -18.965 0.1428571492
70220  -21.737  -18.170  -19.452 0.2857142985
70221  -22.279  -18.065  -19.555 0.1428571492
71270  -21.829  -17.742  -19.976 0.2857142985
72240  -23.202  -16.705  -20.832 0.2857142985
74238  -22.959  -14.394  -22.842 0.4285714328
75236  -23.421  -13.725  -23.489 0.4285714328
86128  -23.160  -2.468  -25.818 0.2857142985
87155  -22.782  -1.596  -26.038 0.2857142985
87156  -23.498  -1.505  -25.215 0.2857142985
91863  -21.045  3.193  -26.460 0.2857142985
91850  -21.440  3.463  -25.878 0.2857142985
91836  -22.659  3.732  -24.788 0.2857142985
92739  -21.885  4.500  -24.925 0.4285714328
71269  -21.055  -17.774  -19.872 0.1428571492
72229  -23.409  -17.188  -20.083 0.1428571492
65753  -21.563  -22.998  -16.253 0.1428571492
70209  -20.877  -18.747  -18.850 0.1428571492
70219  -20.988  -18.207  -19.278 0.1428571492
71278  -21.102  -17.608  -20.717 0.2857142985
71280  -22.747  -17.170  -20.439 0.2857142985
71279  -22.007  -17.386  -20.665 0.2857142985
71286  -21.846  -17.047  -21.359 0.2857142985
72239  -22.385  -16.975  -21.003 0.2857142985
74227  -22.924  -14.961  -22.153 0.4285714328
74237  -22.074  -14.387  -22.832 0.2857142985
84096  -23.114  -4.352  -26.279 0.2857142985
86127  -22.539  -2.484  -26.340 0.2857142985
87154  -22.249  -1.789  -26.597 0.2857142985
88125  -22.262  -0.747  -26.532 0.2857142985
90011  -21.809  1.906  -26.090 0.2857142985
90025  -20.556  1.511  -26.881 0.2857142985
90934  -22.134  2.646  -25.583 0.2857142985
72249  -22.228  -16.469  -21.581 0.2857142985
85099  -22.858  -3.116  -26.183 0.2857142985
85120  -22.287  -3.397  -26.532 0.2857142985
89085  -21.742  0.362  -26.665 0.2857142985
90026  -21.328  1.492  -26.639 0.2857142985
90012  -22.348  1.643  -25.734 0.2857142985
87170  -21.202  -1.397  -27.581 0.2857142985
88141  -20.971  -0.620  -27.620 0.2857142985
88142  -21.538  -0.597  -27.265 0.2857142985
72250  -22.981  -16.098  -21.451 0.4285714328
90027  -21.948  1.190  -26.233 0.2857142985
69168  -21.407  -19.435  -18.548 0.1428571492
67993  -21.742  -20.029  -18.284 0.1428571492
62725  -22.139  -24.614  -15.354 0.1428571492
65769  -21.805  -22.449  -16.631 0.1428571492
67985  -21.423  -20.508  -18.075 0.1428571492
67984  -20.409  -20.676  -17.761 0.1428571492
69156  -21.268  -19.965  -18.380 0.1428571492
73251  -22.415  -14.909  -22.499 0.4285714328
90933  -21.448  2.553  -26.287 0.2857142985
73241  -22.427  -15.528  -21.937 0.4285714328
89101  -20.746  -0.257  -27.480 0.2857142985
100789  -22.995  13.348  -28.769 0.1428571492
99969  -24.527  12.830  -27.934 0.1428571492
99970  -25.376  12.361  -27.624 0.1428571492
99131  -25.689  11.337  -27.890 0.1428571492
101593  -22.130  14.317  -29.063 0.1428571492
102360  -22.814  16.167  -26.991 0.1428571492
76249  -22.693  -12.516  -24.186 0.2857142985
99144  -25.057  10.965  -28.419 0.1428571492
99980  -23.071  12.378  -29.190 0.1428571492
99132  -26.316  11.124  -27.485 0.1428571492
99982  -24.844  11.890  -28.332 0.1428571492
99120  -27.077  11.531  -26.036 0.1428571492
100772  -25.060  13.309  -27.267 0.1428571492
99971  -26.049  11.828  -27.182 0.1428571492
101575  -23.532  14.627  -27.605 0.1428571492
102368  -23.166  15.471  -27.246 0.1428571492
101576  -24.177  14.495  -27.083 0.1428571492
101566  -24.477  14.770  -26.229 0.1428571492
102362  -24.076  15.412  -25.471 0.1428571492
99959  -25.702  12.702  -26.768 0.1428571492
100790  -23.815  13.245  -28.191 0.1428571492
101594  -22.913  14.452  -28.343 0.1428571492
99981  -23.817  12.361  -28.606 0.1428571492
100771  -24.199  13.787  -27.593 0.1428571492
86143  -21.187  -2.393  -27.274 0.1428571492
86144  -21.876  -2.509  -26.766 0.1428571492
89083  -20.212  0.668  -27.128 0.1428571492
90010  -18.476  1.372  -25.597 0.1428571492
90023  -19.161  1.523  -26.379 0.1428571492
84095  -22.557  -4.242  -26.530 0.1428571492
90024  -19.847  1.558  -26.797 0.1428571492
91860  -18.994  3.459  -26.355 0.1428571492
92762  -18.751  4.304  -25.995 0.2857142985
79269  -23.388  -9.623  -25.255 0.2857142985
79268  -22.604  -9.548  -25.292 0.1428571492
83135  -22.105  -5.782  -26.587 0.1428571492
83146  -22.372  -4.927  -26.696 0.1428571492
84094  -21.912  -4.231  -26.756 0.1428571492
85102  -28.837  -3.553  -26.580 0.1428571492
86161  -20.800  -1.801  -27.462 0.1428571492
90946  -20.837  2.481  -26.692 0.1428571492
92751  -20.393  4.325  -26.290 0.1428571492
92764  -19.915  4.211  -26.580 0.1428571492
93717  -19.589  4.786  -26.230 0.2857142985
93689  -21.299  5.349  -24.861 0.2857142985
96520  -20.847  8.699  -23.217 0.2857142985
96519  -19.595  8.519  -23.376 0.2857142985
97421  -21.719  9.072  -22.688 0.2857142985
99069  -20.717  11.504  -21.093 0.1428571492
93707  -20.077  5.185  -25.809 0.2857142985
94657  -21.529  5.981  -24.351 0.2857142985
94637  -23.238  6.578  -23.599 0.2857142985
94635  -21.026  6.700  -24.043 0.2857142985
95548  -20.312  7.626  -23.730 0.2857142985
95550  -22.614  7.391  -23.295 0.2857142985
95549  -21.473  7.463  -23.441 0.2857142985
96500  -20.017  9.240  -22.678 0.2857142985
99907  -22.680  12.897  -21.587 0.1428571492
95547  -19.187  7.683  -24.160 0.1428571492
93716  -19.100  4.788  -26.089 0.2857142985
97404  -21.567  9.877  -22.412 0.1428571492
96501  -20.608  9.361  -22.826 0.2857142985
98237  -21.214  10.606  -21.925 0.1428571492
97402  -19.613  10.100  -22.226 0.1428571492
91835  -17.565  3.769  -24.465 0.2857142985
96499  -18.913  9.060  -22.468 0.1428571492
99059  -20.555  11.581  -20.368 0.1428571492
91821  -16.382  3.767  -21.668 0.1428571492
82161  -22.543  -6.545  -26.117 0.1428571492
84093  -21.153  -4.291  -26.870 0.1428571492
87169  -20.076  -1.734  -26.650 0.1428571492
87181  -19.864  -0.869  -26.927 0.1428571492
88153  -20.093  -0.540  -27.205 0.1428571492
89081  -18.904  0.577  -26.215 0.1428571492
91848  -18.351  3.562  -25.611 0.1428571492
91862  -20.428  3.460  -26.631 0.1428571492
92750  -18.146  4.582  -25.303 0.2857142985
93688  -20.539  5.572  -25.188 0.1428571492
94655  -19.837  6.141  -25.129 0.1428571492
94656  -20.700  6.084  -24.666 0.2857142985
94634  -20.011  6.811  -24.362 0.1428571492
97401  -18.912  10.074  -21.651 0.1428571492
98236  -20.258  10.948  -21.979 0.1428571492
99068  -19.883  11.207  -21.089 0.1428571492
84078  -29.498  -3.879  -26.721 0.1428571492
99070  -21.667  12.021  -21.093 0.1428571492
96521  -21.970  8.218  -22.886 0.2857142985
97420  -21.061  9.458  -22.837 0.2857142985
98220  -21.005  11.259  -21.526 0.1428571492
93691  -23.081  5.446  -23.986 0.2857142985
81202  -22.060  -7.359  -25.676 0.1428571492
93666  -22.943  5.901  -23.915 0.2857142985
83147  -22.799  -4.742  -26.506 0.1428571492
84063  -30.428  -4.741  -24.660 0.1428571492
93690  -22.333  5.473  -24.339 0.2857142985
91849  -20.872  3.795  -26.251 0.1428571492
92753  -21.549  3.968  -25.393 0.1428571492
92752  -21.019  4.394  -25.657 0.1428571492
85119  -21.507  -3.387  -26.886 0.1428571492
87183  -20.708  -1.242  -27.514 0.1428571492
89099  -19.936  0.049  -27.205 0.1428571492
86142  -20.469  -2.172  -26.930 0.1428571492
85118  -20.635  -3.384  -26.674 0.1428571492
89082  -19.532  0.542  -26.802 0.1428571492
90943  -18.710  2.519  -26.030 0.1428571492
90944  -19.422  2.523  -26.577 0.1428571492
91861  -19.699  3.434  -26.684 0.1428571492
83145  -21.616  -5.047  -26.803 0.1428571492
93706  -19.084  5.476  -25.874 0.2857142985
92738  -21.246  4.824  -25.198 0.2857142985
99060  -21.370  12.185  -20.481 0.1428571492
94636  -22.191  6.429  -23.821 0.2857142985
100715  -22.423  13.757  -21.500 0.1428571492
97403  -20.592  9.977  -22.464 0.2857142985
94673  -19.368  5.828  -25.554 0.1428571492
99086  -20.200  11.244  -21.507 0.1428571492
72228  -19.936  -17.241  -20.220 0.1428571492
71285  -21.391  -17.273  -21.271 0.1428571492
72248  -21.241  -16.769  -21.890 0.1428571492
73230  -19.515  -15.687  -20.562 0.1428571492
73238  -19.917  -15.654  -21.318 0.1428571492
74225  -19.952  -14.750  -21.695 0.1428571492
72247  -20.392  -16.541  -21.518 0.1428571492
74226  -20.610  -14.671  -22.263 0.1428571492
73239  -20.590  -15.721  -22.058 0.1428571492
75226  -20.790  -13.774  -22.455 0.1428571492
73250  -21.812  -15.132  -22.490 0.1428571492
75225  -20.067  -13.825  -22.036 0.1428571492
75235  -22.391  -13.457  -23.496 0.1428571492
78262  -22.440  -11.084  -24.723 0.1428571492
72236  -19.653  -16.545  -20.373 0.1428571492
78273  -22.823  -10.477  -25.058 0.1428571492
72237  -20.251  -17.119  -20.888 0.1428571492
71277  -20.494  -17.540  -20.301 0.1428571492
73240  -21.566  -15.875  -22.173 0.1428571492
72246  -19.876  -16.364  -21.006 0.1428571492
74216  -19.369  -14.692  -20.816 0.1428571492
73249  -21.141  -15.249  -22.444 0.1428571492
74236  -21.321  -14.525  -22.606 0.1428571492
75234  -21.535  -13.687  -22.841 0.1428571492
75218  -19.465  -13.783  -21.382 0.1428571492
72227  -19.411  -16.870  -19.588 0.1428571492
65752  -21.175  -23.063  -16.331 0.1428571492
72238  -20.826  -17.213  -21.395 0.1428571492
73231  -23.658  -16.209  -21.178 0.4285714328
76219  -30.755  -12.475  -19.022 0.2857142985
82134  -29.629  -6.277  -24.024 0.2857142985
85121  -22.858  -3.724  -26.300 0.2857142985
86160  -20.561  -1.627  -27.300 0.1428571492
87168  -19.556  -1.248  -26.347 0.1428571492
87171  -21.748  -1.585  -27.103 0.2857142985
87182  -20.221  -1.272  -27.088 0.1428571492
88154  -20.528  -0.668  -27.443 0.1428571492
89084  -20.979  0.354  -27.311 0.2857142985
89100  -20.419  -0.062  -27.368 0.2857142985
90945  -20.138  2.519  -26.772 0.1428571492
91838  -24.318  3.543  -23.847 1.0000000000
91851  -22.008  3.580  -25.266 0.2857142985
92763  -19.341  4.204  -26.402 0.2857142985
93705  -18.650  5.006  -25.757 0.2857142985
93708  -20.826  5.071  -25.359 0.2857142985
93718  -19.998  4.677  -26.322 0.2857142985
94672  -19.043  5.914  -25.584 0.1428571492
94674  -28.175  6.510  -25.222 0.1428571492
95586  -28.330  6.467  -26.037 0.1428571492
97423  -25.356  9.815  -22.888 0.7142857313
98219  -20.504  11.235  -21.537 0.1428571492
98271  -27.089  10.726  -26.938 0.2857142985
98280  -27.211  10.023  -27.123 0.2857142985
99085  -19.869  11.193  -21.641 0.1428571492
99121  -27.445  10.837  -25.906 0.2857142985
99126  -26.757  11.271  -26.898 0.1428571492
100725  -22.610  14.106  -21.632 0.1428571492
100735  -24.979  13.284  -23.696 0.2857142985
100757  -24.712  14.070  -26.942 0.1428571492
