#!ascii label  , from subject bert vox2ras=TkReg
281
74207  -26.879  -14.981  -20.072 0.0000000000
76251  -24.259  -12.292  -23.970 0.0000000000
90935  -22.623  2.108  -25.338 0.0000000000
86109  -24.646  -2.709  -24.690 0.0000000000
81188  -27.099  -7.616  -24.116 0.0000000000
78243  -28.869  -10.657  -21.791 0.0000000000
92739  -21.885  4.500  -24.925 0.0000000000
83119  -25.832  -5.531  -24.567 0.0000000000
81185  -24.082  -7.693  -25.158 0.0000000000
74241  -25.537  -13.450  -22.173 0.0000000000
77212  -26.178  -11.461  -23.150 0.0000000000
75229  -27.741  -12.673  -21.283 0.0000000000
70212  -23.954  -18.763  -18.497 0.0000000000
73242  -23.489  -15.519  -21.605 0.0000000000
97406  -23.869  9.865  -22.413 0.0000000000
96523  -24.127  8.398  -22.900 0.0000000000
94639  -25.141  6.596  -22.907 0.0000000000
91824  -25.596  3.929  -23.341 0.0000000000
90001  -25.651  1.509  -23.878 0.0000000000
88127  -23.612  -0.490  -25.037 0.0000000000
88108  -26.738  -0.681  -23.948 0.0000000000
86112  -27.687  -2.707  -24.408 0.0000000000
83122  -28.628  -5.529  -24.722 0.0000000000
82133  -29.105  -6.721  -24.167 0.0000000000
79271  -25.210  -9.413  -24.540 0.0000000000
79256  -27.983  -9.301  -23.201 0.0000000000
82162  -23.418  -6.540  -25.815 0.0000000000
81203  -22.826  -7.376  -25.679 0.0000000000
74230  -25.707  -14.188  -21.677 0.0000000000
75227  -26.193  -13.493  -21.830 0.0000000000
75219  -27.200  -13.775  -21.017 0.0000000000
65772  -24.821  -22.013  -16.382 0.0000000000
66817  -25.254  -21.351  -16.715 0.0000000000
67975  -25.515  -20.611  -16.989 0.0000000000
74228  -23.670  -14.728  -22.089 0.0000000000
73241  -22.427  -15.528  -21.937 0.0000000000
95552  -24.685  7.544  -22.934 0.0000000000
90919  -22.454  3.171  -25.133 0.0000000000
92741  -23.936  4.313  -23.749 0.0000000000
90921  -24.044  2.721  -24.293 0.0000000000
90909  -25.914  3.215  -23.394 0.0000000000
90000  -24.583  1.735  -24.302 0.0000000000
87136  -24.218  -1.893  -24.697 0.0000000000
88107  -25.590  -0.676  -24.179 0.0000000000
87137  -25.070  -1.750  -24.325 0.0000000000
87139  -27.261  -1.701  -24.106 0.0000000000
86110  -25.598  -2.699  -24.283 0.0000000000
82143  -26.162  -6.301  -24.490 0.0000000000
83120  -26.776  -5.537  -24.430 0.0000000000
82145  -28.073  -6.599  -24.271 0.0000000000
82146  -28.819  -6.172  -24.573 0.0000000000
82132  -28.292  -7.279  -23.968 0.0000000000
77232  -23.381  -10.842  -24.950 0.0000000000
78275  -24.529  -10.252  -24.771 0.0000000000
77234  -24.689  -11.016  -24.563 0.0000000000
77214  -27.759  -11.222  -22.292 0.0000000000
78265  -27.209  -10.133  -23.216 0.0000000000
79243  -28.342  -9.593  -22.794 0.0000000000
80191  -29.126  -8.758  -22.790 0.0000000000
79231  -29.617  -9.667  -21.844 0.0000000000
71246  -25.474  -18.336  -18.146 0.0000000000
71259  -23.975  -18.095  -18.994 0.0000000000
71260  -25.072  -17.923  -18.737 0.0000000000
72231  -25.193  -16.614  -19.494 0.0000000000
84076  -23.799  -4.497  -25.821 0.0000000000
85079  -25.068  -3.652  -24.660 0.0000000000
83118  -24.876  -5.592  -24.916 0.0000000000
82142  -25.287  -6.512  -24.694 0.0000000000
81187  -25.934  -7.367  -24.510 0.0000000000
75248  -24.473  -12.728  -23.373 0.0000000000
76252  -25.038  -12.102  -23.503 0.0000000000
76241  -25.463  -12.340  -22.900 0.0000000000
76243  -27.004  -12.025  -22.288 0.0000000000
76233  -28.106  -12.013  -21.417 0.0000000000
69160  -25.470  -19.267  -17.543 0.0000000000
75246  -23.161  -13.162  -24.047 0.0000000000
74239  -23.924  -14.138  -22.720 0.0000000000
74229  -24.587  -14.454  -21.941 0.0000000000
73233  -25.465  -15.389  -20.786 0.0000000000
99921  -24.961  11.893  -23.282 0.0000000000
97422  -22.341  8.749  -22.598 0.0000000000
96503  -24.435  9.240  -22.737 0.0000000000
97425  -26.793  9.153  -23.753 0.0000000000
95554  -26.705  7.498  -23.626 0.0000000000
94641  -27.207  6.484  -23.655 0.0000000000
92718  -23.367  5.318  -23.883 0.0000000000
93669  -25.568  5.650  -23.094 0.0000000000
93671  -27.598  5.421  -23.706 0.0000000000
92743  -27.755  4.386  -23.912 0.0000000000
90924  -27.332  2.484  -23.776 0.0000000000
90003  -27.788  1.320  -24.100 0.0000000000
89065  -23.361  0.341  -25.220 0.0000000000
89049  -24.942  0.471  -24.390 0.0000000000
89050  -26.188  0.379  -23.891 0.0000000000
89052  -28.041  0.275  -24.621 0.0000000000
88109  -27.682  -0.707  -24.356 0.0000000000
85083  -28.610  -3.699  -25.518 0.0000000000
84058  -26.458  -4.612  -24.416 0.0000000000
85082  -28.067  -3.691  -24.649 0.0000000000
79284  -23.725  -8.936  -25.185 0.0000000000
80215  -25.071  -8.450  -24.662 0.0000000000
80216  -26.121  -8.547  -24.346 0.0000000000
78263  -25.799  -10.613  -23.999 0.0000000000
79254  -26.624  -9.529  -23.879 0.0000000000
81175  -27.250  -8.191  -23.946 0.0000000000
81177  -28.619  -7.780  -23.624 0.0000000000
81168  -29.677  -7.682  -22.727 0.0000000000
72241  -24.057  -16.464  -20.680 0.0000000000
73222  -25.295  -15.934  -20.021 0.0000000000
73223  -26.373  -15.546  -19.708 0.0000000000
74218  -26.760  -14.466  -20.801 0.0000000000
74231  -26.597  -13.856  -21.427 0.0000000000
74219  -27.717  -14.029  -20.372 0.0000000000
74208  -27.577  -14.676  -19.931 0.0000000000
65773  -25.863  -21.988  -16.245 0.0000000000
90920  -23.006  2.678  -24.886 0.0000000000
91837  -23.498  3.637  -24.298 0.0000000000
89999  -23.685  1.908  -24.605 0.0000000000
86129  -23.878  -2.603  -25.272 0.0000000000
82144  -26.967  -6.508  -24.326 0.0000000000
81189  -27.817  -7.353  -24.010 0.0000000000
77221  -24.048  -11.689  -24.491 0.0000000000
77233  -23.922  -10.993  -24.884 0.0000000000
77215  -28.410  -11.004  -21.917 0.0000000000
78254  -28.476  -10.399  -22.298 0.0000000000
79244  -29.092  -9.644  -22.379 0.0000000000
78255  -29.170  -10.202  -22.001 0.0000000000
79232  -30.115  -9.671  -21.279 0.0000000000
78244  -29.494  -10.419  -21.342 0.0000000000
84077  -24.568  -4.589  -25.134 0.0000000000
83137  -24.055  -5.569  -25.618 0.0000000000
82141  -24.278  -6.711  -25.208 0.0000000000
81186  -24.778  -7.529  -24.805 0.0000000000
75238  -24.975  -12.965  -22.678 0.0000000000
75249  -24.920  -12.508  -23.087 0.0000000000
75228  -27.033  -13.148  -21.603 0.0000000000
75240  -26.902  -12.607  -22.006 0.0000000000
76232  -27.405  -12.397  -21.758 0.0000000000
76244  -27.683  -11.839  -21.920 0.0000000000
76234  -28.658  -11.878  -20.911 0.0000000000
76224  -28.328  -12.488  -20.819 0.0000000000
65756  -24.395  -22.741  -16.016 0.0000000000
65755  -23.384  -22.819  -16.115 0.0000000000
67989  -25.197  -19.902  -17.396 0.0000000000
69161  -26.386  -19.224  -17.294 0.0000000000
75236  -23.421  -13.725  -23.489 0.0000000000
73243  -24.493  -15.193  -21.520 0.0000000000
73244  -25.242  -14.858  -21.449 0.0000000000
98239  -23.276  10.829  -22.089 0.0000000000
99088  -24.665  11.471  -22.895 0.0000000000
98240  -24.295  10.747  -22.457 0.0000000000
99089  -25.335  11.367  -23.263 0.0000000000
98241  -25.039  10.649  -22.863 0.0000000000
96522  -23.024  8.331  -22.720 0.0000000000
96504  -24.959  9.425  -22.758 0.0000000000
96524  -25.257  8.749  -22.960 0.0000000000
97424  -26.160  9.591  -23.336 0.0000000000
95553  -25.718  7.580  -23.241 0.0000000000
94640  -26.198  6.584  -23.248 0.0000000000
92740  -23.063  4.718  -24.195 0.0000000000
92742  -24.474  4.073  -23.570 0.0000000000
92720  -24.858  4.682  -23.433 0.0000000000
93670  -26.670  5.591  -23.231 0.0000000000
92721  -26.039  4.714  -23.215 0.0000000000
92722  -27.037  4.590  -23.360 0.0000000000
91825  -26.441  3.851  -23.331 0.0000000000
90923  -26.257  2.387  -23.571 0.0000000000
90910  -26.657  3.104  -23.518 0.0000000000
90002  -26.794  1.385  -23.718 0.0000000000
88126  -22.977  -0.580  -25.640 0.0000000000
90014  -23.900  0.990  -24.664 0.0000000000
89066  -24.033  0.103  -24.768 0.0000000000
89051  -27.316  0.315  -23.904 0.0000000000
86113  -28.426  -2.770  -25.143 0.0000000000
84057  -25.466  -4.611  -24.635 0.0000000000
85080  -26.059  -3.665  -24.307 0.0000000000
83121  -27.729  -5.590  -24.490 0.0000000000
84059  -27.446  -4.630  -24.475 0.0000000000
84060  -28.366  -4.610  -24.825 0.0000000000
82127  -29.767  -6.589  -23.388 0.0000000000
79283  -23.132  -8.911  -25.303 0.0000000000
79270  -24.267  -9.361  -24.961 0.0000000000
79272  -26.006  -9.486  -24.237 0.0000000000
76253  -25.712  -11.833  -23.210 0.0000000000
77223  -25.732  -11.268  -23.668 0.0000000000
77224  -26.444  -11.003  -23.292 0.0000000000
79242  -27.686  -9.774  -23.076 0.0000000000
79255  -27.330  -9.503  -23.469 0.0000000000
80202  -27.217  -8.754  -23.817 0.0000000000
80203  -28.031  -8.678  -23.494 0.0000000000
81176  -27.774  -7.951  -23.836 0.0000000000
80192  -29.755  -8.452  -22.225 0.0000000000
81167  -29.116  -8.032  -23.225 0.0000000000
72219  -26.144  -16.748  -18.789 0.0000000000
72232  -25.895  -16.163  -19.346 0.0000000000
73209  -26.620  -16.239  -19.040 0.0000000000
81204  -23.533  -7.474  -25.438 0.0000000000
75220  -27.860  -13.257  -20.790 0.0000000000
65757  -25.425  -22.663  -15.852 0.0000000000
67988  -24.413  -20.358  -17.450 0.0000000000
74238  -22.959  -14.394  -22.842 0.0000000000
73251  -22.415  -14.909  -22.499 0.0000000000
74227  -22.924  -14.961  -22.153 0.0000000000
97405  -22.706  9.518  -22.383 0.0000000000
95551  -23.658  7.463  -23.158 0.0000000000
94638  -24.151  6.610  -23.288 0.0000000000
91839  -24.953  3.735  -23.549 0.0000000000
90908  -25.398  3.405  -23.486 0.0000000000
90922  -25.122  2.761  -23.722 0.0000000000
88106  -24.390  -0.816  -24.591 0.0000000000
87138  -26.156  -1.698  -24.043 0.0000000000
86111  -26.673  -2.695  -24.104 0.0000000000
78274  -23.734  -10.305  -25.119 0.0000000000
78276  -25.370  -10.284  -24.359 0.0000000000
77213  -26.869  -11.249  -22.820 0.0000000000
78252  -26.923  -10.631  -23.145 0.0000000000
78253  -27.594  -10.414  -22.781 0.0000000000
80190  -28.460  -8.966  -23.138 0.0000000000
80182  -29.554  -9.089  -22.201 0.0000000000
81150  -30.668  -8.457  -21.182 0.0000000000
80183  -30.103  -8.904  -21.673 0.0000000000
70213  -24.492  -18.381  -18.604 0.0000000000
71273  -24.804  -17.216  -19.336 0.0000000000
72230  -24.199  -16.870  -20.024 0.0000000000
72218  -25.448  -17.165  -18.924 0.0000000000
85100  -23.434  -3.478  -25.876 0.0000000000
85101  -24.249  -3.585  -25.265 0.0000000000
76242  -26.211  -11.944  -22.765 0.0000000000
75239  -26.152  -12.761  -22.285 0.0000000000
77203  -28.158  -11.484  -21.802 0.0000000000
77204  -28.762  -11.241  -21.335 0.0000000000
77205  -29.380  -11.016  -20.814 0.0000000000
75221  -28.661  -12.969  -20.249 0.0000000000
64747  -23.935  -23.396  -15.628 0.0000000000
69171  -23.865  -19.268  -18.179 0.0000000000
69159  -24.501  -19.349  -17.883 0.0000000000
70197  -24.460  -18.928  -18.153 0.0000000000
70198  -24.915  -18.697  -18.146 0.0000000000
70199  -25.829  -18.660  -17.719 0.0000000000
76250  -23.513  -12.439  -24.314 0.0000000000
75247  -23.855  -13.054  -23.846 0.0000000000
75237  -24.210  -13.436  -23.138 0.0000000000
74240  -24.778  -13.774  -22.384 0.0000000000
74217  -25.928  -14.856  -21.106 0.0000000000
73234  -26.261  -15.020  -20.477 0.0000000000
99087  -23.967  11.751  -22.338 0.0000000000
96502  -23.641  9.068  -22.658 0.0000000000
97407  -24.690  9.946  -22.622 0.0000000000
98252  -25.778  10.556  -23.204 0.0000000000
96525  -26.306  8.499  -23.489 0.0000000000
96526  -27.140  8.401  -23.959 0.0000000000
95564  -27.510  7.389  -24.247 0.0000000000
93667  -23.622  5.827  -23.761 0.0000000000
93668  -24.517  5.753  -23.346 0.0000000000
92719  -23.847  5.139  -23.703 0.0000000000
94658  -27.995  6.223  -24.541 0.0000000000
91826  -27.234  3.623  -23.633 0.0000000000
89064  -22.551  0.533  -25.931 0.0000000000
90013  -23.065  1.460  -25.200 0.0000000000
87140  -28.146  -1.736  -24.717 0.0000000000
87157  -28.509  -1.827  -25.880 0.0000000000
86130  -28.610  -2.886  -26.102 0.0000000000
85081  -27.116  -3.675  -24.268 0.0000000000
83123  -29.403  -5.594  -24.701 0.0000000000
80235  -22.988  -8.161  -25.388 0.0000000000
80236  -23.602  -8.276  -25.225 0.0000000000
80214  -24.237  -8.393  -24.995 0.0000000000
80217  -26.859  -8.421  -24.050 0.0000000000
77222  -24.848  -11.603  -24.126 0.0000000000
77235  -25.312  -11.000  -24.218 0.0000000000
78264  -26.519  -10.354  -23.603 0.0000000000
78277  -26.077  -10.074  -24.050 0.0000000000
80201  -26.579  -8.961  -24.082 0.0000000000
82126  -29.286  -7.383  -23.473 0.0000000000
80204  -28.687  -8.446  -23.270 0.0000000000
72250  -22.981  -16.098  -21.451 0.0000000000
73232  -24.507  -15.977  -20.969 0.0000000000
73221  -24.663  -16.386  -20.247 0.0000000000
73231  -23.658  -16.209  -21.178 0.0000000000
91838  -24.318  3.543  -23.847 0.0000000000
97423  -25.356  9.815  -22.888 0.0000000000
