#!ascii label  , from subject bert vox2ras=TkReg
1506
45023  8.226  -42.925  58.916 0.0000000000
70341  38.339  -18.442  35.123 0.0000000000
54498  25.071  -33.402  52.067 0.0000000000
54456  34.655  -33.840  54.699 0.0000000000
50576  19.380  -38.179  50.769 0.0000000000
51456  14.285  -37.365  60.852 0.0000000000
76482  44.856  -12.100  28.579 0.0000000000
77419  45.369  -11.135  37.586 0.0000000000
61203  34.072  -27.376  45.471 0.0000000000
79597  47.879  -9.587  21.300 0.0000000000
52429  23.664  -36.811  56.284 0.0000000000
48228  10.833  -39.739  60.005 0.0000000000
77476  44.626  -11.910  32.475 0.0000000000
76431  40.950  -13.643  32.607 0.0000000000
70268  37.959  -19.183  39.753 0.0000000000
72329  42.721  -16.981  40.018 0.0000000000
67044  34.622  -21.599  39.081 0.0000000000
54577  30.603  -34.541  48.526 0.0000000000
52466  29.631  -35.757  53.316 0.0000000000
47187  19.997  -40.752  56.645 0.0000000000
47094  18.251  -40.069  61.924 0.0000000000
50506  16.327  -39.029  55.540 0.0000000000
48338  12.951  -39.177  54.547 0.0000000000
53486  22.589  -35.267  51.098 0.0000000000
77533  49.399  -10.975  28.221 0.0000000000
77471  50.203  -10.682  32.419 0.0000000000
73385  42.174  -15.452  35.423 0.0000000000
65886  35.419  -23.135  46.397 0.0000000000
56940  35.569  -31.346  49.836 0.0000000000
77583  46.613  -12.111  24.061 0.0000000000
76536  51.576  -12.580  24.175 0.0000000000
74474  53.303  -14.352  21.184 0.0000000000
49358  22.148  -39.591  59.666 0.0000000000
47142  9.561  -41.319  59.480 0.0000000000
48193  9.362  -39.916  63.353 0.0000000000
47102  7.719  -41.207  62.880 0.0000000000
75371  39.757  -13.455  30.378 0.0000000000
70215  37.622  -18.529  43.154 0.0000000000
71301  39.547  -17.357  42.518 0.0000000000
42990  2.108  -44.731  59.399 0.0000000000
67097  34.503  -21.919  36.638 0.0000000000
55694  25.144  -32.901  49.580 0.0000000000
54559  27.438  -34.638  49.925 0.0000000000
54496  26.417  -34.549  52.326 0.0000000000
49455  19.832  -39.095  53.292 0.0000000000
48318  18.139  -40.277  55.915 0.0000000000
50546  17.263  -39.456  52.531 0.0000000000
51547  20.964  -37.168  50.442 0.0000000000
50518  21.258  -38.313  53.983 0.0000000000
50432  16.721  -38.320  61.157 0.0000000000
77553  46.976  -11.339  27.936 0.0000000000
77503  49.664  -11.143  30.535 0.0000000000
77505  47.408  -11.765  30.526 0.0000000000
78491  44.540  -11.152  34.627 0.0000000000
79517  47.325  -9.516  35.292 0.0000000000
72406  37.104  -16.741  33.335 0.0000000000
73402  38.884  -15.334  33.679 0.0000000000
72387  39.605  -16.957  34.829 0.0000000000
64016  32.799  -24.964  42.578 0.0000000000
65921  33.591  -23.628  43.164 0.0000000000
63990  34.502  -24.688  45.713 0.0000000000
53478  32.704  -34.313  51.363 0.0000000000
54555  33.282  -33.203  49.686 0.0000000000
55649  34.688  -32.802  52.875 0.0000000000
76517  43.442  -12.902  26.500 0.0000000000
77586  43.790  -10.831  24.859 0.0000000000
75430  45.424  -13.356  26.844 0.0000000000
75427  48.665  -13.280  26.409 0.0000000000
76586  50.508  -12.580  19.367 0.0000000000
77620  50.246  -12.013  20.799 0.0000000000
76554  52.740  -12.723  22.626 0.0000000000
77595  49.547  -11.583  22.009 0.0000000000
53430  24.321  -35.439  53.986 0.0000000000
54441  25.708  -35.424  54.550 0.0000000000
53360  25.274  -36.286  57.373 0.0000000000
50436  12.672  -38.277  60.058 0.0000000000
51395  13.101  -36.955  64.354 0.0000000000
50378  10.942  -37.996  64.419 0.0000000000
75399  42.258  -13.440  28.440 0.0000000000
77507  45.273  -11.851  30.601 0.0000000000
76454  42.664  -13.142  30.679 0.0000000000
77465  42.362  -13.077  32.867 0.0000000000
76403  42.700  -12.747  34.596 0.0000000000
69315  38.568  -19.739  36.790 0.0000000000
70309  40.930  -18.563  36.992 0.0000000000
71333  40.230  -17.769  39.923 0.0000000000
59274  33.233  -29.323  44.466 0.0000000000
55609  36.038  -32.659  56.187 0.0000000000
44042  6.486  -44.676  57.870 0.0000000000
46018  5.657  -42.605  62.047 0.0000000000
44007  3.936  -43.954  60.474 0.0000000000
69348  36.040  -19.653  34.330 0.0000000000
68156  36.248  -20.947  36.532 0.0000000000
68117  36.061  -20.520  39.654 0.0000000000
69239  36.044  -20.096  42.505 0.0000000000
53559  28.657  -34.550  47.923 0.0000000000
53500  30.566  -35.045  50.477 0.0000000000
52463  32.281  -35.624  53.864 0.0000000000
53393  28.008  -36.043  55.946 0.0000000000
53391  30.450  -35.664  56.195 0.0000000000
47136  21.324  -41.130  59.831 0.0000000000
45993  19.840  -41.791  62.016 0.0000000000
46042  18.617  -41.016  59.345 0.0000000000
49376  16.928  -39.439  58.447 0.0000000000
50467  15.411  -38.122  58.470 0.0000000000
50548  15.418  -38.920  52.110 0.0000000000
50523  14.980  -39.139  54.835 0.0000000000
50483  13.691  -38.106  57.385 0.0000000000
48282  11.793  -39.401  57.285 0.0000000000
47175  10.457  -40.702  57.424 0.0000000000
46108  9.298  -42.325  56.112 0.0000000000
56966  23.737  -32.167  49.802 0.0000000000
55697  21.798  -32.606  49.144 0.0000000000
55669  23.513  -33.920  51.291 0.0000000000
51509  22.865  -36.590  53.887 0.0000000000
49401  21.841  -38.660  56.742 0.0000000000
76426  51.441  -12.799  33.326 0.0000000000
77459  48.209  -10.740  33.052 0.0000000000
74415  38.203  -14.262  31.627 0.0000000000
75319  41.352  -14.083  34.238 0.0000000000
75300  43.642  -13.705  36.378 0.0000000000
72358  42.976  -17.282  37.190 0.0000000000
74337  44.842  -14.627  38.080 0.0000000000
67046  32.766  -22.797  39.288 0.0000000000
67007  34.744  -22.037  43.313 0.0000000000
68042  36.515  -21.045  46.134 0.0000000000
56989  34.146  -31.396  46.853 0.0000000000
58123  35.216  -29.775  47.303 0.0000000000
56884  36.694  -31.182  53.624 0.0000000000
58066  37.596  -29.759  50.897 0.0000000000
60221  36.046  -27.444  48.275 0.0000000000
63965  36.473  -24.638  48.587 0.0000000000
65867  37.453  -22.671  49.144 0.0000000000
78577  47.139  -10.967  22.792 0.0000000000
76539  48.634  -12.600  24.019 0.0000000000
76514  51.210  -12.311  26.196 0.0000000000
48208  22.636  -40.401  60.670 0.0000000000
46048  8.696  -42.387  59.440 0.0000000000
47117  8.491  -41.359  61.676 0.0000000000
46035  7.789  -42.439  60.707 0.0000000000
70200  37.425  -18.881  44.308 0.0000000000
70199  38.148  -18.116  43.713 0.0000000000
41980  2.139  -46.196  57.922 0.0000000000
55680  24.945  -32.828  50.516 0.0000000000
54518  26.118  -33.762  51.428 0.0000000000
54497  25.704  -33.937  52.272 0.0000000000
49493  18.907  -39.102  52.072 0.0000000000
49475  18.275  -39.449  52.844 0.0000000000
50562  18.428  -38.973  51.581 0.0000000000
51560  20.928  -36.708  49.356 0.0000000000
50591  20.195  -37.597  50.060 0.0000000000
50544  20.255  -38.325  52.255 0.0000000000
50434  15.365  -37.555  60.474 0.0000000000
51437  15.204  -37.050  62.208 0.0000000000
77554  45.862  -11.465  28.247 0.0000000000
78532  47.421  -10.904  29.079 0.0000000000
78534  45.722  -11.179  29.238 0.0000000000
78466  44.953  -10.791  36.448 0.0000000000
79507  45.988  -9.869  36.331 0.0000000000
71425  37.564  -17.161  33.961 0.0000000000
72397  38.544  -16.745  34.242 0.0000000000
71400  39.526  -17.704  35.160 0.0000000000
61228  32.926  -27.440  43.631 0.0000000000
63077  33.342  -25.672  43.796 0.0000000000
64005  33.482  -24.833  43.847 0.0000000000
63070  33.966  -25.869  45.137 0.0000000000
53441  33.867  -34.389  53.429 0.0000000000
54494  33.947  -33.469  52.254 0.0000000000
54473  34.332  -33.772  53.468 0.0000000000
75413  44.237  -13.257  27.546 0.0000000000
75446  44.218  -13.124  26.464 0.0000000000
75412  45.030  -13.081  27.559 0.0000000000
76498  46.463  -12.153  27.832 0.0000000000
77621  49.291  -11.219  20.411 0.0000000000
78612  48.680  -10.761  21.146 0.0000000000
77608  49.894  -11.707  21.358 0.0000000000
78603  48.090  -10.399  21.529 0.0000000000
52454  24.005  -36.024  55.043 0.0000000000
53416  24.446  -35.877  55.399 0.0000000000
52428  24.063  -36.534  56.708 0.0000000000
49343  11.486  -39.152  60.270 0.0000000000
50395  11.790  -38.388  62.324 0.0000000000
49301  11.273  -38.941  61.980 0.0000000000
49293  8.116  -39.309  65.315 0.0000000000
49283  8.786  -38.817  65.752 0.0000000000
75417  41.007  -13.452  28.040 0.0000000000
75386  42.824  -13.276  29.141 0.0000000000
75388  40.995  -13.491  29.358 0.0000000000
76441  40.727  -13.540  31.809 0.0000000000
76440  41.829  -13.385  31.489 0.0000000000
76430  41.580  -13.458  32.242 0.0000000000
76413  42.353  -12.954  33.685 0.0000000000
76414  41.847  -13.392  33.592 0.0000000000
68132  38.484  -19.890  38.057 0.0000000000
69289  39.864  -19.159  38.310 0.0000000000
70267  38.582  -18.940  39.500 0.0000000000
76502  41.950  -13.046  27.162 0.0000000000
44019  5.390  -44.519  59.633 0.0000000000
44034  5.045  -44.955  59.011 0.0000000000
68205  34.511  -20.388  33.307 0.0000000000
68170  36.232  -20.581  35.353 0.0000000000
68171  35.246  -21.291  35.157 0.0000000000
67066  34.184  -21.904  38.348 0.0000000000
67064  35.658  -21.237  38.249 0.0000000000
68118  35.080  -21.228  39.639 0.0000000000
69248  36.035  -19.950  41.542 0.0000000000
68104  35.567  -20.490  40.977 0.0000000000
53561  26.935  -34.289  47.330 0.0000000000
53483  28.368  -35.034  51.119 0.0000000000
53502  28.697  -34.975  50.357 0.0000000000
52495  29.518  -35.436  51.615 0.0000000000
53461  31.334  -35.568  52.173 0.0000000000
52465  30.527  -35.836  53.521 0.0000000000
53395  26.066  -35.722  55.883 0.0000000000
53412  27.099  -35.817  55.041 0.0000000000
53374  27.712  -36.252  56.648 0.0000000000
53354  30.586  -35.957  57.797 0.0000000000
53370  32.107  -35.255  57.280 0.0000000000
46071  20.825  -41.035  57.842 0.0000000000
46040  20.109  -41.560  59.399 0.0000000000
46073  19.305  -41.253  57.750 0.0000000000
50505  16.844  -39.282  55.520 0.0000000000
49389  17.141  -39.632  57.567 0.0000000000
49390  16.551  -39.252  57.531 0.0000000000
50466  15.831  -38.559  58.449 0.0000000000
50480  15.660  -38.348  57.429 0.0000000000
50564  16.171  -38.920  51.137 0.0000000000
49460  13.903  -39.056  52.955 0.0000000000
49459  14.555  -39.082  53.286 0.0000000000
49441  13.895  -39.142  53.992 0.0000000000
50497  14.176  -38.405  56.305 0.0000000000
49404  13.148  -38.529  56.542 0.0000000000
49392  12.514  -38.780  57.275 0.0000000000
48299  12.236  -39.167  56.365 0.0000000000
46096  9.532  -41.826  56.699 0.0000000000
56980  23.740  -31.860  48.747 0.0000000000
56981  22.878  -31.478  48.494 0.0000000000
53523  21.730  -34.489  49.782 0.0000000000
54542  22.300  -33.987  50.363 0.0000000000
55683  22.824  -32.945  50.298 0.0000000000
54520  23.001  -34.614  51.073 0.0000000000
53448  23.706  -35.314  52.906 0.0000000000
52483  22.728  -35.999  51.992 0.0000000000
48334  20.730  -39.429  54.997 0.0000000000
49436  21.619  -38.546  55.142 0.0000000000
48296  21.164  -39.687  56.472 0.0000000000
47171  21.380  -40.540  57.995 0.0000000000
46011  18.508  -40.813  61.048 0.0000000000
44987  4.328  -42.297  62.451 0.0000000000
45985  5.104  -41.391  63.523 0.0000000000
77516  50.519  -11.306  29.666 0.0000000000
77485  49.935  -10.974  31.551 0.0000000000
77484  50.775  -11.315  31.852 0.0000000000
77470  50.836  -11.110  32.822 0.0000000000
78511  50.791  -10.799  33.546 0.0000000000
77490  44.454  -12.051  31.524 0.0000000000
76438  46.105  -11.978  31.775 0.0000000000
77475  45.717  -11.821  32.536 0.0000000000
79515  49.609  -9.234  35.159 0.0000000000
73394  40.299  -15.383  34.340 0.0000000000
74377  40.013  -14.512  33.719 0.0000000000
74366  41.987  -14.519  35.071 0.0000000000
75309  42.593  -13.664  35.323 0.0000000000
74357  43.225  -14.564  36.198 0.0000000000
70278  41.896  -18.038  38.748 0.0000000000
71364  41.896  -18.212  37.457 0.0000000000
71362  43.053  -17.479  38.481 0.0000000000
65962  32.458  -23.168  39.888 0.0000000000
65908  34.374  -23.288  44.535 0.0000000000
65930  34.228  -22.631  43.186 0.0000000000
66988  35.041  -22.320  45.045 0.0000000000
66999  35.552  -21.590  44.558 0.0000000000
66975  36.148  -21.912  46.432 0.0000000000
54612  29.970  -33.840  46.566 0.0000000000
54596  31.954  -33.454  47.186 0.0000000000
55691  34.325  -32.058  49.303 0.0000000000
55703  33.736  -32.308  47.507 0.0000000000
56960  34.628  -31.630  48.615 0.0000000000
58124  34.757  -30.293  47.051 0.0000000000
58087  35.867  -30.474  48.877 0.0000000000
56862  36.751  -31.251  54.777 0.0000000000
60179  37.947  -28.206  50.813 0.0000000000
60205  37.055  -28.140  49.580 0.0000000000
61137  37.324  -27.290  49.846 0.0000000000
62106  36.594  -26.309  48.794 0.0000000000
62097  37.734  -26.432  50.162 0.0000000000
76542  45.182  -12.165  24.906 0.0000000000
77590  46.653  -11.405  23.439 0.0000000000
76550  48.122  -12.123  23.485 0.0000000000
76540  47.430  -12.573  24.272 0.0000000000
76496  48.943  -12.068  27.339 0.0000000000
76515  50.023  -12.265  26.744 0.0000000000
77568  50.468  -11.871  26.966 0.0000000000
77549  51.400  -11.740  27.633 0.0000000000
75479  51.864  -13.383  20.439 0.0000000000
76546  52.109  -12.514  23.442 0.0000000000
76534  52.765  -12.387  24.808 0.0000000000
76535  52.213  -12.480  24.523 0.0000000000
50464  23.076  -38.089  57.937 0.0000000000
51478  23.709  -37.423  58.166 0.0000000000
49356  23.502  -38.508  59.332 0.0000000000
48249  9.872  -40.641  59.901 0.0000000000
48201  10.258  -39.877  62.111 0.0000000000
48212  9.749  -40.407  61.682 0.0000000000
47083  8.244  -40.749  63.124 0.0000000000
48196  7.027  -40.204  64.551 0.0000000000
75372  38.915  -13.433  30.464 0.0000000000
76443  39.123  -13.665  31.445 0.0000000000
70241  37.732  -18.627  41.279 0.0000000000
71321  38.862  -17.928  40.962 0.0000000000
70214  38.291  -17.984  42.738 0.0000000000
71282  39.510  -17.423  44.413 0.0000000000
43004  4.254  -45.288  58.581 0.0000000000
41972  2.779  -45.793  58.396 0.0000000000
43007  1.826  -45.249  59.016 0.0000000000
67135  34.200  -21.831  34.817 0.0000000000
67067  33.243  -22.397  38.375 0.0000000000
54579  26.595  -34.316  48.550 0.0000000000
54561  25.779  -33.698  49.514 0.0000000000
53484  27.567  -34.791  51.231 0.0000000000
53444  27.884  -35.346  52.700 0.0000000000
47213  19.767  -40.240  55.370 0.0000000000
47202  18.736  -40.624  56.213 0.0000000000
48351  18.611  -39.692  54.030 0.0000000000
49438  17.402  -39.453  54.766 0.0000000000
50519  16.843  -39.209  54.655 0.0000000000
48339  12.156  -39.610  53.848 0.0000000000
48367  11.883  -39.807  51.776 0.0000000000
52515  21.381  -35.800  49.260 0.0000000000
51534  21.655  -36.925  51.181 0.0000000000
51525  22.252  -36.728  52.283 0.0000000000
50543  20.923  -37.936  52.517 0.0000000000
49454  20.538  -38.849  53.756 0.0000000000
49317  17.587  -38.975  61.296 0.0000000000
77534  48.533  -10.880  27.917 0.0000000000
77517  49.260  -10.949  29.342 0.0000000000
78531  48.356  -10.822  28.933 0.0000000000
77504  48.563  -11.418  30.451 0.0000000000
77486  48.922  -11.345  31.459 0.0000000000
78505  44.729  -11.233  34.093 0.0000000000
78503  46.285  -10.675  33.955 0.0000000000
78490  45.474  -10.593  34.774 0.0000000000
79505  47.761  -9.111  36.111 0.0000000000
73413  37.890  -15.182  32.867 0.0000000000
72405  38.260  -16.201  33.710 0.0000000000
72396  39.346  -16.398  34.376 0.0000000000
72385  41.723  -16.621  35.628 0.0000000000
72311  43.570  -16.320  40.770 0.0000000000
64938  32.232  -24.210  41.205 0.0000000000
65942  32.730  -23.301  41.488 0.0000000000
64918  33.334  -24.205  43.213 0.0000000000
64909  34.014  -23.958  44.472 0.0000000000
64900  34.733  -23.864  45.779 0.0000000000
54537  31.758  -34.546  50.021 0.0000000000
54556  32.696  -33.634  49.191 0.0000000000
54535  33.030  -33.557  50.187 0.0000000000
55679  33.655  -32.973  50.387 0.0000000000
55663  35.183  -31.862  51.711 0.0000000000
77580  42.495  -11.214  25.816 0.0000000000
78568  43.077  -10.749  25.230 0.0000000000
77579  43.593  -11.616  25.397 0.0000000000
76529  45.123  -12.735  25.519 0.0000000000
76528  45.673  -12.930  25.429 0.0000000000
75453  47.155  -13.197  25.122 0.0000000000
75428  47.571  -13.382  26.644 0.0000000000
76497  47.662  -12.104  27.639 0.0000000000
77629  49.532  -10.888  19.077 0.0000000000
76576  50.620  -12.484  20.348 0.0000000000
76574  51.955  -12.957  21.079 0.0000000000
76565  52.385  -12.822  21.665 0.0000000000
77593  51.212  -12.077  21.930 0.0000000000
76556  50.872  -12.159  22.544 0.0000000000
76557  49.936  -11.996  22.568 0.0000000000
54478  24.853  -34.591  52.930 0.0000000000
54477  25.208  -34.367  52.779 0.0000000000
54459  25.136  -35.047  53.757 0.0000000000
53396  25.422  -35.704  55.906 0.0000000000
53359  25.475  -36.385  57.371 0.0000000000
50435  13.391  -37.885  59.972 0.0000000000
51421  13.701  -37.210  62.562 0.0000000000
51422  12.949  -37.580  62.235 0.0000000000
51396  12.291  -37.404  64.178 0.0000000000
49298  9.902  -39.298  63.766 0.0000000000
50372  10.242  -37.971  65.779 0.0000000000
75397  43.989  -13.155  28.263 0.0000000000
77538  44.572  -12.065  29.224 0.0000000000
76471  43.550  -12.828  29.725 0.0000000000
77523  43.669  -12.634  30.125 0.0000000000
77491  43.502  -12.489  31.520 0.0000000000
76455  41.428  -13.337  30.776 0.0000000000
77492  42.811  -13.147  31.625 0.0000000000
77477  43.573  -12.223  32.361 0.0000000000
77450  43.890  -11.667  34.317 0.0000000000
77441  43.676  -11.854  35.142 0.0000000000
77429  44.238  -11.595  36.152 0.0000000000
69329  38.345  -19.387  36.025 0.0000000000
70324  39.810  -18.618  36.094 0.0000000000
69314  39.415  -19.338  36.831 0.0000000000
70280  40.523  -18.701  38.658 0.0000000000
71332  41.386  -17.725  39.571 0.0000000000
71320  39.488  -17.768  40.645 0.0000000000
72296  40.912  -16.777  41.306 0.0000000000
72295  41.606  -16.462  41.481 0.0000000000
60255  33.504  -28.397  44.874 0.0000000000
55621  35.239  -33.136  55.308 0.0000000000
77581  41.717  -10.618  25.899 0.0000000000
77570  42.277  -12.000  26.297 0.0000000000
75433  43.120  -13.212  27.116 0.0000000000
81498  47.792  -7.044  20.236 0.0000000000
81482  47.273  -7.115  21.042 0.0000000000
45032  7.265  -43.715  58.788 0.0000000000
45009  7.294  -43.051  60.125 0.0000000000
45010  6.439  -43.567  60.451 0.0000000000
45011  5.456  -43.535  60.874 0.0000000000
44999  2.908  -42.499  61.638 0.0000000000
44021  3.387  -44.437  59.904 0.0000000000
71416  36.547  -18.228  34.045 0.0000000000
70356  35.638  -18.765  33.522 0.0000000000
70343  36.552  -18.815  34.374 0.0000000000
69330  37.516  -19.723  35.737 0.0000000000
68155  37.231  -20.399  36.675 0.0000000000
68141  37.474  -20.406  37.647 0.0000000000
67096  35.417  -21.465  36.737 0.0000000000
68142  36.478  -20.881  37.567 0.0000000000
69277  36.865  -19.834  39.846 0.0000000000
69247  36.650  -19.493  41.152 0.0000000000
69238  36.504  -19.451  42.034 0.0000000000
69219  36.931  -19.374  44.491 0.0000000000
54578  29.813  -34.603  48.335 0.0000000000
53540  27.962  -34.677  48.508 0.0000000000
53520  29.156  -34.909  49.619 0.0000000000
53537  30.466  -34.781  49.232 0.0000000000
53499  31.582  -34.783  50.448 0.0000000000
53460  32.067  -35.328  52.355 0.0000000000
53425  33.405  -34.997  54.637 0.0000000000
54476  25.968  -35.044  53.205 0.0000000000
53427  27.155  -35.659  54.109 0.0000000000
52453  29.013  -35.639  54.023 0.0000000000
53373  28.813  -36.077  56.826 0.0000000000
53392  29.181  -35.783  56.141 0.0000000000
52439  30.128  -35.825  54.964 0.0000000000
52437  31.775  -35.675  55.415 0.0000000000
52435  32.843  -35.229  55.502 0.0000000000
53387  33.994  -34.662  56.553 0.0000000000
47122  21.420  -41.190  60.530 0.0000000000
46009  20.151  -41.792  61.240 0.0000000000
46028  18.946  -41.218  60.266 0.0000000000
46029  18.474  -40.791  60.038 0.0000000000
47174  18.084  -40.480  57.537 0.0000000000
48265  18.031  -40.223  58.913 0.0000000000
48226  17.688  -39.522  60.243 0.0000000000
49340  16.861  -38.861  60.505 0.0000000000
50449  15.790  -38.245  59.507 0.0000000000
50450  15.231  -37.756  59.700 0.0000000000
50563  17.245  -39.113  51.337 0.0000000000
50547  16.215  -39.273  52.312 0.0000000000
50521  15.756  -39.074  54.493 0.0000000000
50549  14.835  -38.504  51.927 0.0000000000
50535  15.043  -38.974  53.038 0.0000000000
50508  15.376  -38.892  55.533 0.0000000000
50496  14.919  -38.290  56.390 0.0000000000
50482  14.482  -37.961  57.347 0.0000000000
50452  13.721  -37.834  59.174 0.0000000000
50453  12.947  -38.012  59.136 0.0000000000
49379  12.030  -38.890  58.226 0.0000000000
48267  11.425  -39.537  58.271 0.0000000000
48321  11.347  -40.063  55.384 0.0000000000
48283  11.084  -40.044  57.322 0.0000000000
48268  10.766  -40.143  58.331 0.0000000000
47176  9.838  -41.294  57.511 0.0000000000
46079  9.261  -41.866  57.540 0.0000000000
46080  8.759  -42.532  57.607 0.0000000000
45053  8.048  -43.451  56.870 0.0000000000
44053  7.034  -44.326  56.908 0.0000000000
55706  24.571  -32.487  48.636 0.0000000000
55695  24.395  -32.431  49.644 0.0000000000
55681  24.173  -32.649  50.492 0.0000000000
56968  22.553  -31.706  49.063 0.0000000000
55682  23.641  -32.707  50.639 0.0000000000
55651  24.342  -33.452  51.878 0.0000000000
54499  24.010  -34.382  52.332 0.0000000000
53431  23.769  -35.704  53.674 0.0000000000
51503  22.964  -36.836  54.818 0.0000000000
51517  22.282  -37.039  53.349 0.0000000000
51504  22.397  -37.429  55.190 0.0000000000
51488  22.537  -37.802  56.574 0.0000000000
49388  22.000  -38.763  57.594 0.0000000000
48244  21.785  -40.486  59.906 0.0000000000
46017  6.503  -42.398  62.024 0.0000000000
47086  5.607  -40.798  64.096 0.0000000000
77502  50.619  -11.390  30.796 0.0000000000
77520  45.952  -11.511  29.775 0.0000000000
76436  47.158  -11.977  31.219 0.0000000000
78514  49.073  -10.398  32.940 0.0000000000
78502  47.461  -10.345  33.775 0.0000000000
78501  48.753  -10.135  33.469 0.0000000000
78499  50.605  -10.193  33.925 0.0000000000
75363  38.386  -13.975  31.303 0.0000000000
75355  38.955  -14.024  32.057 0.0000000000
74390  38.334  -14.801  32.971 0.0000000000
74388  39.920  -14.192  33.065 0.0000000000
75345  40.592  -13.865  32.999 0.0000000000
75318  41.990  -13.695  34.567 0.0000000000
76389  43.275  -12.690  35.535 0.0000000000
76379  44.027  -12.662  36.438 0.0000000000
71381  41.086  -18.194  36.471 0.0000000000
72372  42.052  -17.205  36.159 0.0000000000
72371  42.809  -16.729  36.456 0.0000000000
72343  44.535  -16.509  38.974 0.0000000000
72356  44.466  -16.147  38.182 0.0000000000
73364  43.961  -15.588  37.099 0.0000000000
74348  44.412  -14.639  37.339 0.0000000000
76371  44.987  -12.759  38.112 0.0000000000
67068  32.352  -23.004  38.233 0.0000000000
67045  33.734  -22.080  39.243 0.0000000000
67024  33.279  -22.495  41.371 0.0000000000
67014  34.158  -22.129  42.222 0.0000000000
68095  34.861  -21.197  41.570 0.0000000000
68085  35.640  -20.778  42.958 0.0000000000
69221  36.156  -20.526  43.975 0.0000000000
68056  37.093  -20.053  46.016 0.0000000000
54595  32.631  -33.222  47.504 0.0000000000
58159  33.586  -30.268  45.207 0.0000000000
59240  34.273  -29.569  46.127 0.0000000000
60243  34.511  -28.257  46.211 0.0000000000
55620  35.560  -32.347  54.805 0.0000000000
56885  35.911  -31.565  53.035 0.0000000000
56922  36.459  -31.160  51.224 0.0000000000
58033  37.606  -30.650  52.291 0.0000000000
58068  36.210  -30.699  49.759 0.0000000000
59198  36.320  -29.364  48.855 0.0000000000
60222  35.827  -28.190  47.865 0.0000000000
61190  34.863  -27.208  46.618 0.0000000000
62125  35.438  -26.336  47.265 0.0000000000
63973  35.563  -24.663  47.365 0.0000000000
64881  35.746  -23.744  47.467 0.0000000000
63021  38.368  -25.451  50.526 0.0000000000
64866  37.132  -23.854  49.291 0.0000000000
65877  36.075  -22.924  47.787 0.0000000000
66964  36.660  -22.105  47.575 0.0000000000
80570  46.778  -7.902  21.898 0.0000000000
78604  47.505  -9.705  21.788 0.0000000000
77597  47.700  -11.033  22.375 0.0000000000
76549  49.182  -12.202  23.218 0.0000000000
75450  50.238  -12.740  24.100 0.0000000000
75441  49.030  -13.341  25.459 0.0000000000
75440  50.046  -13.040  25.120 0.0000000000
76527  51.542  -12.544  25.205 0.0000000000
77576  52.227  -12.199  26.184 0.0000000000
47093  21.835  -41.307  61.720 0.0000000000
48199  21.993  -41.123  61.593 0.0000000000
46034  8.494  -42.160  60.309 0.0000000000
46049  8.039  -42.726  59.805 0.0000000000
70189  37.776  -18.929  45.358 0.0000000000
70188  38.205  -18.288  44.742 0.0000000000
55666  24.722  -32.984  51.299 0.0000000000
54519  25.393  -33.268  51.391 0.0000000000
50561  19.679  -38.442  51.665 0.0000000000
51455  15.149  -37.282  61.031 0.0000000000
51454  15.769  -37.257  61.733 0.0000000000
77555  45.333  -11.751  28.429 0.0000000000
78556  46.141  -11.003  28.379 0.0000000000
78458  45.288  -10.824  37.149 0.0000000000
78465  45.607  -10.231  36.726 0.0000000000
78457  45.934  -10.505  37.680 0.0000000000
71415  37.148  -18.035  34.246 0.0000000000
71414  38.421  -17.550  34.590 0.0000000000
71401  38.799  -18.101  35.091 0.0000000000
61218  33.705  -27.093  44.863 0.0000000000
62165  33.142  -26.554  43.730 0.0000000000
62158  33.542  -26.468  44.373 0.0000000000
62146  34.235  -26.489  45.554 0.0000000000
53424  34.002  -34.492  54.115 0.0000000000
76500  44.638  -12.856  28.091 0.0000000000
76499  45.313  -12.260  28.094 0.0000000000
78613  48.470  -10.161  20.740 0.0000000000
78602  48.525  -10.872  21.447 0.0000000000
52441  24.009  -36.269  55.905 0.0000000000
49319  11.217  -39.123  61.205 0.0000000000
49344  10.827  -39.588  60.794 0.0000000000
76485  40.278  -13.146  28.048 0.0000000000
75400  41.375  -13.472  28.568 0.0000000000
75401  40.437  -13.365  28.511 0.0000000000
75361  39.987  -13.800  31.948 0.0000000000
76421  41.682  -13.396  33.058 0.0000000000
76422  41.083  -13.619  32.950 0.0000000000
69291  38.224  -19.762  38.754 0.0000000000
70282  38.814  -19.199  38.984 0.0000000000
43003  5.169  -45.133  58.321 0.0000000000
68188  34.630  -21.048  34.059 0.0000000000
67065  35.069  -21.537  38.290 0.0000000000
68105  34.987  -21.133  40.494 0.0000000000
52481  28.568  -35.420  52.356 0.0000000000
53462  28.838  -35.326  51.727 0.0000000000
52480  29.387  -35.592  52.376 0.0000000000
52479  30.297  -35.750  52.674 0.0000000000
53375  26.675  -36.201  56.548 0.0000000000
53394  26.893  -35.983  55.863 0.0000000000
53357  27.373  -36.398  57.249 0.0000000000
46091  20.392  -40.908  57.295 0.0000000000
46072  20.067  -41.320  57.826 0.0000000000
46092  19.762  -41.065  57.253 0.0000000000
50493  16.433  -39.119  56.496 0.0000000000
50479  16.048  -38.816  57.451 0.0000000000
50494  15.953  -38.680  56.477 0.0000000000
48353  13.028  -39.183  53.178 0.0000000000
49422  13.960  -38.989  55.383 0.0000000000
48319  12.800  -38.980  55.706 0.0000000000
53504  22.036  -34.889  50.497 0.0000000000
53465  23.094  -35.321  51.780 0.0000000000
53466  22.717  -35.676  51.545 0.0000000000
47200  20.299  -40.163  55.939 0.0000000000
48315  21.000  -39.517  55.784 0.0000000000
47186  20.937  -40.339  56.956 0.0000000000
47172  20.992  -40.686  57.526 0.0000000000
46002  3.523  -41.642  63.127 0.0000000000
77532  50.468  -11.245  28.504 0.0000000000
78512  50.430  -10.398  33.171 0.0000000000
73386  41.193  -15.493  34.834 0.0000000000
73393  40.913  -14.939  34.485 0.0000000000
74358  42.641  -14.523  35.667 0.0000000000
73377  42.810  -15.477  35.972 0.0000000000
71347  42.197  -17.838  38.911 0.0000000000
71330  42.925  -17.225  39.606 0.0000000000
65950  32.069  -23.501  40.088 0.0000000000
65895  35.084  -22.923  45.639 0.0000000000
65907  34.781  -22.725  44.782 0.0000000000
66987  35.556  -21.899  45.276 0.0000000000
65894  35.622  -22.576  46.110 0.0000000000
54597  30.821  -34.013  47.424 0.0000000000
56941  34.835  -31.792  49.532 0.0000000000
56959  35.231  -31.259  49.062 0.0000000000
58088  35.209  -30.910  48.471 0.0000000000
60178  38.462  -28.262  51.428 0.0000000000
60192  37.533  -28.127  50.196 0.0000000000
61126  37.824  -27.421  50.421 0.0000000000
62090  38.067  -26.962  50.603 0.0000000000
77584  45.713  -11.703  24.210 0.0000000000
78572  45.162  -10.924  24.042 0.0000000000
77591  45.838  -10.943  23.631 0.0000000000
76551  47.286  -11.975  23.615 0.0000000000
77551  49.445  -11.467  27.488 0.0000000000
77569  49.942  -11.808  27.174 0.0000000000
77550  50.455  -11.517  27.533 0.0000000000
75478  52.411  -13.711  20.828 0.0000000000
74489  52.996  -14.401  20.762 0.0000000000
74473  53.569  -14.533  21.551 0.0000000000
76545  52.702  -12.640  23.760 0.0000000000
49375  22.309  -38.875  58.589 0.0000000000
49374  23.184  -38.486  58.752 0.0000000000
49357  22.858  -39.086  59.453 0.0000000000
48230  9.811  -40.505  60.795 0.0000000000
47128  9.392  -41.094  60.348 0.0000000000
47118  7.960  -41.428  62.261 0.0000000000
47101  8.384  -40.971  62.481 0.0000000000
47084  7.686  -40.756  63.579 0.0000000000
48195  7.630  -40.259  64.232 0.0000000000
75373  38.184  -13.584  30.540 0.0000000000
76458  38.757  -13.556  31.056 0.0000000000
70229  37.889  -18.270  42.154 0.0000000000
41984  3.528  -45.964  56.679 0.0000000000
41973  2.044  -45.757  58.613 0.0000000000
41974  1.236  -45.752  58.792 0.0000000000
55705  25.164  -33.259  48.620 0.0000000000
54517  26.929  -34.190  51.395 0.0000000000
53464  27.272  -34.851  52.110 0.0000000000
48350  19.646  -39.547  54.045 0.0000000000
48336  19.021  -40.280  54.957 0.0000000000
49476  17.415  -39.464  53.214 0.0000000000
48352  17.941  -39.520  54.224 0.0000000000
49457  17.523  -39.410  53.856 0.0000000000
50532  16.858  -39.304  53.714 0.0000000000
51546  21.473  -36.372  50.196 0.0000000000
51535  20.966  -37.438  51.040 0.0000000000
49473  20.367  -38.566  52.922 0.0000000000
48349  20.435  -39.350  54.389 0.0000000000
49318  17.215  -38.531  61.493 0.0000000000
49300  17.346  -38.383  62.242 0.0000000000
77535  47.682  -10.925  27.981 0.0000000000
78540  48.621  -10.773  28.410 0.0000000000
78541  47.913  -10.782  28.432 0.0000000000
77519  46.930  -11.408  29.761 0.0000000000
77518  47.995  -11.181  29.674 0.0000000000
77487  47.913  -11.782  31.315 0.0000000000
79506  46.611  -9.613  36.006 0.0000000000
72417  36.404  -16.484  32.651 0.0000000000
72416  37.451  -15.905  33.015 0.0000000000
71413  39.227  -17.145  34.742 0.0000000000
72386  40.354  -16.603  34.997 0.0000000000
64939  31.713  -24.569  40.696 0.0000000000
64937  32.698  -24.185  42.071 0.0000000000
64927  32.984  -24.332  42.739 0.0000000000
63063  33.895  -25.264  44.987 0.0000000000
63998  33.792  -24.709  44.463 0.0000000000
63991  34.095  -24.660  45.079 0.0000000000
64901  34.401  -23.952  45.106 0.0000000000
63983  34.845  -24.659  46.478 0.0000000000
54516  32.605  -34.248  51.046 0.0000000000
54536  32.310  -34.247  50.376 0.0000000000
54515  33.204  -33.768  51.260 0.0000000000
54514  33.828  -33.178  51.518 0.0000000000
55664  34.461  -32.485  51.384 0.0000000000
55648  35.175  -32.022  52.439 0.0000000000
76531  43.036  -12.036  26.106 0.0000000000
76530  43.857  -12.727  26.020 0.0000000000
75445  44.823  -13.122  26.247 0.0000000000
75444  45.822  -13.294  25.841 0.0000000000
75443  46.890  -13.509  25.911 0.0000000000
75429  46.454  -13.497  26.801 0.0000000000
77552  48.199  -11.395  27.695 0.0000000000
76577  50.060  -12.085  20.084 0.0000000000
76575  51.277  -12.767  20.707 0.0000000000
77619  50.769  -12.330  20.857 0.0000000000
76566  51.664  -12.401  21.525 0.0000000000
77607  50.825  -12.158  21.351 0.0000000000
77594  50.433  -11.905  21.940 0.0000000000
54460  24.773  -34.991  53.513 0.0000000000
53429  24.867  -35.211  54.048 0.0000000000
53397  24.864  -35.891  56.048 0.0000000000
53377  25.191  -36.121  56.681 0.0000000000
53376  25.825  -36.061  56.595 0.0000000000
50414  13.091  -37.794  60.758 0.0000000000
51440  12.881  -37.769  61.460 0.0000000000
50383  11.666  -38.105  63.151 0.0000000000
51408  12.143  -37.679  63.468 0.0000000000
50377  11.599  -37.816  63.930 0.0000000000
51387  11.690  -37.584  65.454 0.0000000000
50371  10.991  -37.805  65.266 0.0000000000
49303  10.097  -39.622  62.946 0.0000000000
75398  43.148  -13.370  28.325 0.0000000000
76484  43.647  -13.070  28.911 0.0000000000
76472  42.321  -13.240  29.957 0.0000000000
76453  43.366  -12.865  30.309 0.0000000000
77509  43.424  -12.717  30.697 0.0000000000
77510  42.855  -13.152  31.070 0.0000000000
75389  40.072  -13.495  29.540 0.0000000000
75370  40.674  -13.451  30.208 0.0000000000
77479  42.224  -13.274  32.374 0.0000000000
77493  42.165  -13.392  31.861 0.0000000000
77478  42.881  -12.886  32.349 0.0000000000
77463  43.690  -11.873  33.281 0.0000000000
77464  42.802  -12.553  33.120 0.0000000000
77442  43.189  -12.046  34.668 0.0000000000
76402  43.148  -12.266  35.028 0.0000000000
77440  44.093  -11.507  35.552 0.0000000000
77430  43.843  -11.963  35.668 0.0000000000
69328  39.033  -19.204  36.216 0.0000000000
70266  39.637  -18.336  39.603 0.0000000000
70265  40.758  -18.138  39.317 0.0000000000
70264  41.218  -18.011  39.250 0.0000000000
71311  38.959  -17.787  41.459 0.0000000000
71310  39.626  -17.448  41.565 0.0000000000
71309  40.249  -17.004  41.840 0.0000000000
72285  40.851  -16.636  42.185 0.0000000000
72313  41.349  -16.804  40.825 0.0000000000
72294  42.725  -15.998  41.762 0.0000000000
59289  32.928  -28.825  43.903 0.0000000000
60273  33.100  -28.283  44.140 0.0000000000
77571  41.432  -11.444  26.267 0.0000000000
76501  42.446  -13.076  27.094 0.0000000000
75415  42.599  -13.280  27.503 0.0000000000
75414  43.462  -13.314  27.588 0.0000000000
80580  47.768  -7.870  20.802 0.0000000000
44041  6.926  -44.223  57.765 0.0000000000
45025  6.961  -43.701  59.480 0.0000000000
44032  6.698  -44.139  58.613 0.0000000000
44006  4.894  -43.993  60.308 0.0000000000
44005  5.704  -44.024  60.204 0.0000000000
45012  4.486  -43.399  61.062 0.0000000000
45013  3.484  -43.163  61.044 0.0000000000
43005  3.274  -45.287  58.795 0.0000000000
42988  3.646  -44.896  59.262 0.0000000000
42989  2.908  -44.825  59.382 0.0000000000
71426  36.397  -17.697  33.496 0.0000000000
71427  35.300  -18.127  32.947 0.0000000000
69363  35.074  -19.802  33.421 0.0000000000
70357  34.783  -18.913  32.869 0.0000000000
69362  35.656  -19.441  33.850 0.0000000000
70344  35.993  -19.000  34.026 0.0000000000
69346  37.092  -19.517  35.297 0.0000000000
69347  36.579  -19.596  34.986 0.0000000000
68169  36.838  -20.358  35.925 0.0000000000
67117  34.415  -21.926  35.598 0.0000000000
67116  35.084  -21.640  36.003 0.0000000000
68135  36.110  -20.961  38.492 0.0000000000
68143  35.980  -21.099  37.967 0.0000000000
68134  36.901  -20.532  38.511 0.0000000000
69261  36.884  -19.520  40.464 0.0000000000
69278  36.357  -20.019  39.974 0.0000000000
69230  36.498  -19.574  43.040 0.0000000000
70216  36.930  -19.084  43.574 0.0000000000
53571  28.355  -34.355  47.260 0.0000000000
54599  28.835  -34.357  47.349 0.0000000000
54560  26.902  -34.261  49.335 0.0000000000
53522  27.481  -34.582  48.912 0.0000000000
53521  28.007  -34.810  49.474 0.0000000000
53501  29.618  -35.072  50.398 0.0000000000
53519  30.082  -34.892  49.746 0.0000000000
52477  31.900  -35.678  53.163 0.0000000000
53443  32.405  -35.473  53.142 0.0000000000
53442  33.177  -34.967  53.271 0.0000000000
52462  32.846  -35.339  54.343 0.0000000000
54458  25.510  -35.126  53.836 0.0000000000
54457  25.886  -35.347  54.255 0.0000000000
53426  28.004  -35.468  53.697 0.0000000000
53411  28.415  -35.743  54.941 0.0000000000
53371  31.026  -35.738  57.230 0.0000000000
53372  29.922  -35.914  57.017 0.0000000000
53410  29.627  -35.745  55.463 0.0000000000
53409  30.265  -35.711  55.513 0.0000000000
52438  30.893  -35.750  55.310 0.0000000000
52427  31.315  -35.617  55.918 0.0000000000
52425  32.243  -35.420  56.023 0.0000000000
53407  33.177  -35.044  55.698 0.0000000000
46008  20.959  -41.684  61.187 0.0000000000
46026  20.672  -41.528  60.277 0.0000000000
46041  19.280  -41.387  59.407 0.0000000000
46027  19.713  -41.554  60.340 0.0000000000
47189  18.414  -40.602  56.822 0.0000000000
48297  17.899  -40.269  56.866 0.0000000000
48266  17.629  -39.956  58.447 0.0000000000
48246  17.355  -39.551  59.299 0.0000000000
48245  17.896  -39.956  59.397 0.0000000000
48227  17.151  -39.324  59.879 0.0000000000
49359  16.743  -39.214  59.363 0.0000000000
50468  14.841  -37.832  58.407 0.0000000000
50533  16.254  -39.208  53.497 0.0000000000
50534  15.601  -39.112  53.323 0.0000000000
50550  14.344  -38.350  51.785 0.0000000000
49440  14.715  -39.144  54.536 0.0000000000
49458  14.976  -39.075  53.903 0.0000000000
50522  15.242  -39.100  54.411 0.0000000000
50469  14.094  -37.884  58.317 0.0000000000
50470  13.321  -37.976  58.290 0.0000000000
49362  11.727  -39.059  59.164 0.0000000000
47223  11.556  -39.979  53.289 0.0000000000
48320  11.938  -39.644  55.132 0.0000000000
47190  10.696  -40.615  56.410 0.0000000000
47204  10.869  -40.555  55.363 0.0000000000
47159  10.155  -40.763  58.367 0.0000000000
47191  10.015  -41.183  56.550 0.0000000000
46097  8.995  -42.358  56.758 0.0000000000
45068  8.196  -43.496  56.080 0.0000000000
44065  7.629  -43.946  56.382 0.0000000000
44052  7.635  -43.831  57.074 0.0000000000
56969  22.002  -31.730  48.931 0.0000000000
55696  22.372  -32.162  49.461 0.0000000000
54541  22.922  -33.849  50.724 0.0000000000
55668  23.797  -33.312  51.235 0.0000000000
55652  24.141  -33.963  52.090 0.0000000000
55653  23.834  -34.176  51.944 0.0000000000
52468  23.357  -36.029  53.396 0.0000000000
52455  23.578  -36.150  54.339 0.0000000000
50542  21.657  -37.523  52.868 0.0000000000
50530  21.763  -37.734  53.729 0.0000000000
49418  21.636  -38.711  55.867 0.0000000000
50504  22.008  -38.034  55.540 0.0000000000
51497  22.534  -37.663  56.019 0.0000000000
50491  22.111  -38.078  56.343 0.0000000000
50478  22.463  -38.053  57.163 0.0000000000
47153  21.526  -40.846  59.056 0.0000000000
48264  21.821  -39.952  58.903 0.0000000000
45992  20.619  -42.086  61.866 0.0000000000
51406  13.812  -36.888  63.591 0.0000000000
51405  14.677  -36.869  63.835 0.0000000000
51394  14.009  -36.834  64.526 0.0000000000
44996  6.030  -42.980  61.356 0.0000000000
44995  6.959  -42.757  61.093 0.0000000000
47087  4.521  -40.814  64.152 0.0000000000
47069  6.086  -40.393  64.696 0.0000000000
47070  5.122  -40.403  64.855 0.0000000000
77483  51.199  -12.199  32.464 0.0000000000
77521  45.104  -11.556  29.664 0.0000000000
77474  46.721  -11.708  32.619 0.0000000000
76427  47.121  -11.933  31.866 0.0000000000
77473  47.916  -11.422  32.327 0.0000000000
78489  46.606  -9.964  34.799 0.0000000000
78488  47.930  -9.705  34.415 0.0000000000
78487  49.142  -9.629  34.369 0.0000000000
78486  50.135  -9.718  34.482 0.0000000000
78500  49.835  -9.973  33.678 0.0000000000
74416  37.541  -14.484  31.152 0.0000000000
75364  37.709  -14.181  30.793 0.0000000000
75356  38.462  -14.140  31.814 0.0000000000
73403  38.376  -15.258  33.316 0.0000000000
74376  40.845  -14.499  34.170 0.0000000000
75333  40.434  -14.073  33.340 0.0000000000
75332  41.180  -13.812  33.674 0.0000000000
75308  43.053  -13.658  35.955 0.0000000000
76380  43.492  -13.157  36.061 0.0000000000
70310  40.165  -18.916  36.883 0.0000000000
70323  40.601  -18.460  36.422 0.0000000000
71379  42.615  -17.529  36.974 0.0000000000
71380  41.850  -17.877  36.701 0.0000000000
73349  44.946  -15.555  38.437 0.0000000000
73363  44.459  -15.587  37.752 0.0000000000
67034  33.509  -22.278  40.256 0.0000000000
65932  33.118  -23.587  42.505 0.0000000000
65941  33.168  -22.876  42.060 0.0000000000
67023  34.157  -21.810  41.012 0.0000000000
68086  35.025  -21.339  42.596 0.0000000000
68058  36.211  -21.114  45.494 0.0000000000
68068  36.065  -21.046  44.520 0.0000000000
68067  36.400  -20.477  44.983 0.0000000000
69209  36.615  -20.057  45.015 0.0000000000
68041  36.944  -20.656  46.320 0.0000000000
54575  32.593  -33.506  48.082 0.0000000000
55693  33.058  -33.212  48.544 0.0000000000
56976  34.184  -31.769  47.513 0.0000000000
55714  33.515  -32.094  46.434 0.0000000000
57001  33.649  -31.349  45.752 0.0000000000
58141  34.531  -29.910  46.412 0.0000000000
59239  34.647  -29.305  46.448 0.0000000000
59255  34.207  -28.953  46.009 0.0000000000
60232  34.819  -28.771  46.650 0.0000000000
56863  35.981  -31.620  54.200 0.0000000000
56904  35.854  -31.629  51.958 0.0000000000
56903  36.770  -31.129  52.384 0.0000000000
58049  38.069  -29.964  51.816 0.0000000000
58050  37.302  -30.594  51.442 0.0000000000
58067  36.886  -30.337  50.306 0.0000000000
58086  36.492  -30.064  49.418 0.0000000000
59197  36.896  -29.218  49.535 0.0000000000
60206  36.419  -28.176  48.796 0.0000000000
61164  35.775  -27.041  47.752 0.0000000000
62136  34.975  -26.382  46.754 0.0000000000
61163  35.992  -26.799  48.174 0.0000000000
63030  36.803  -25.492  48.991 0.0000000000
63039  35.851  -25.451  47.906 0.0000000000
63038  36.312  -25.452  48.425 0.0000000000
63966  35.931  -24.611  48.061 0.0000000000
63016  38.925  -25.543  51.279 0.0000000000
63947  38.609  -24.612  50.754 0.0000000000
64865  37.622  -23.817  49.821 0.0000000000
65859  37.389  -23.230  49.370 0.0000000000
65869  36.428  -23.241  48.364 0.0000000000
65868  36.937  -22.988  48.765 0.0000000000
66954  36.880  -22.464  48.256 0.0000000000
78574  43.335  -9.959  24.786 0.0000000000
78590  46.556  -9.765  22.578 0.0000000000
79585  46.987  -9.479  22.178 0.0000000000
78589  47.289  -10.334  22.249 0.0000000000
77588  48.535  -11.820  22.856 0.0000000000
76538  49.607  -12.601  23.818 0.0000000000
76537  50.045  -12.584  23.759 0.0000000000
75442  47.926  -13.339  25.734 0.0000000000
75426  49.713  -13.041  26.143 0.0000000000
75425  50.676  -12.729  25.749 0.0000000000
75439  50.908  -12.749  24.716 0.0000000000
76526  52.057  -12.273  25.730 0.0000000000
76513  51.660  -12.220  26.150 0.0000000000
77566  52.182  -12.204  26.859 0.0000000000
76594  50.837  -11.949  18.454 0.0000000000
75493  51.093  -13.092  19.162 0.0000000000
49316  22.264  -40.432  60.554 0.0000000000
47143  9.090  -41.776  59.920 0.0000000000
47129  8.831  -41.524  60.759 0.0000000000
46015  8.226  -41.859  61.036 0.0000000000
45998  7.569  -41.609  62.459 0.0000000000
54540  25.648  -33.345  50.496 0.0000000000
49474  19.514  -38.969  52.568 0.0000000000
48364  19.086  -39.492  53.298 0.0000000000
50545  18.072  -39.317  52.200 0.0000000000
50575  20.340  -37.769  50.934 0.0000000000
50560  20.785  -37.777  51.656 0.0000000000
50433  16.024  -37.883  60.807 0.0000000000
50413  16.310  -37.561  62.072 0.0000000000
51436  15.847  -37.191  62.614 0.0000000000
51418  15.819  -37.317  63.430 0.0000000000
78542  46.916  -10.860  28.451 0.0000000000
78555  46.291  -11.107  28.301 0.0000000000
78533  46.452  -11.022  29.173 0.0000000000
78476  44.632  -10.891  35.515 0.0000000000
78475  45.692  -10.089  35.740 0.0000000000
79496  46.242  -9.827  36.877 0.0000000000
71424  38.183  -16.896  34.158 0.0000000000
63078  32.902  -25.730  43.165 0.0000000000
64006  33.129  -24.925  43.228 0.0000000000
63071  33.702  -25.599  44.518 0.0000000000
63062  34.297  -25.554  45.543 0.0000000000
54495  33.398  -34.198  52.325 0.0000000000
54474  33.781  -34.187  52.929 0.0000000000
75432  43.688  -13.177  26.810 0.0000000000
75431  44.560  -13.268  26.900 0.0000000000
75411  45.972  -13.009  27.590 0.0000000000
77609  49.019  -11.177  21.489 0.0000000000
77610  48.432  -10.928  21.698 0.0000000000
53398  24.391  -36.232  56.351 0.0000000000
53378  24.695  -36.304  56.824 0.0000000000
50437  12.112  -38.585  60.503 0.0000000000
50415  12.485  -38.163  60.996 0.0000000000
50416  11.822  -38.622  61.313 0.0000000000
49296  11.211  -38.706  62.835 0.0000000000
48182  8.301  -39.722  64.565 0.0000000000
49292  8.874  -39.025  64.909 0.0000000000
75387  41.890  -13.414  29.259 0.0000000000
76456  40.297  -13.450  31.026 0.0000000000
76420  42.304  -13.064  33.229 0.0000000000
68140  38.230  -20.038  37.597 0.0000000000
69302  38.913  -19.739  37.571 0.0000000000
69290  38.802  -19.558  38.519 0.0000000000
70281  39.361  -18.970  38.908 0.0000000000
71300  40.114  -16.918  42.836 0.0000000000
75416  41.640  -13.391  27.817 0.0000000000
44033  5.885  -44.759  58.702 0.0000000000
44020  4.377  -44.673  59.668 0.0000000000
69349  35.465  -20.109  33.981 0.0000000000
68186  36.166  -20.100  34.772 0.0000000000
68187  35.680  -20.511  34.554 0.0000000000
68157  35.679  -21.241  35.939 0.0000000000
67078  34.791  -21.768  37.519 0.0000000000
67043  35.439  -21.204  38.917 0.0000000000
69262  36.293  -19.912  40.505 0.0000000000
53560  27.793  -34.472  47.677 0.0000000000
53503  27.852  -34.831  50.431 0.0000000000
53482  29.175  -35.213  51.053 0.0000000000
53481  30.031  -35.335  51.115 0.0000000000
53480  31.126  -35.322  51.433 0.0000000000
52494  30.198  -35.566  51.877 0.0000000000
52478  31.208  -35.732  52.815 0.0000000000
52464  31.385  -35.806  53.728 0.0000000000
53413  26.106  -35.633  54.963 0.0000000000
53390  31.526  -35.559  56.543 0.0000000000
46039  20.906  -41.342  59.261 0.0000000000
46053  20.456  -41.394  58.541 0.0000000000
46054  19.649  -41.446  58.563 0.0000000000
46055  18.872  -41.224  58.519 0.0000000000
49420  17.362  -39.727  55.605 0.0000000000
49402  17.348  -39.859  56.629 0.0000000000
49403  16.857  -39.408  56.874 0.0000000000
49377  16.281  -39.055  58.451 0.0000000000
49477  14.202  -38.739  52.350 0.0000000000
49421  14.538  -39.108  55.173 0.0000000000
50509  14.746  -38.945  55.448 0.0000000000
50510  14.321  -38.765  55.751 0.0000000000
49391  13.009  -38.242  57.533 0.0000000000
49405  12.634  -38.800  56.629 0.0000000000
47205  10.181  -41.098  55.584 0.0000000000
46107  9.697  -41.876  55.704 0.0000000000
56991  23.113  -31.282  47.506 0.0000000000
54562  21.743  -33.623  49.521 0.0000000000
55684  22.138  -33.245  49.862 0.0000000000
54500  23.614  -34.610  52.004 0.0000000000
52482  23.125  -35.916  52.561 0.0000000000
51516  22.799  -36.441  52.985 0.0000000000
49437  21.067  -38.764  54.583 0.0000000000
49419  21.240  -39.009  55.245 0.0000000000
48314  21.463  -39.204  56.365 0.0000000000
48295  21.563  -39.464  57.059 0.0000000000
47185  21.462  -39.993  57.468 0.0000000000
44986  4.889  -42.465  62.332 0.0000000000
46000  5.680  -41.957  62.724 0.0000000000
46001  4.515  -41.863  62.887 0.0000000000
45986  4.178  -41.349  63.557 0.0000000000
77469  51.038  -11.654  33.591 0.0000000000
77508  44.266  -12.035  30.614 0.0000000000
77489  45.670  -11.974  31.578 0.0000000000
76429  45.950  -11.972  31.995 0.0000000000
79516  48.469  -9.243  35.202 0.0000000000
73395  39.458  -15.369  33.983 0.0000000000
74378  39.320  -14.915  33.681 0.0000000000
74367  41.369  -14.499  34.561 0.0000000000
70295  41.591  -18.446  38.063 0.0000000000
70308  41.459  -18.459  37.376 0.0000000000
71363  42.511  -17.840  37.753 0.0000000000
74336  45.391  -14.614  38.771 0.0000000000
67047  32.176  -23.164  38.737 0.0000000000
67035  32.926  -22.806  40.437 0.0000000000
65920  33.995  -23.287  43.710 0.0000000000
65931  33.663  -22.950  42.676 0.0000000000
65919  34.496  -22.636  44.011 0.0000000000
67000  35.083  -21.965  44.354 0.0000000000
68078  35.309  -21.410  43.520 0.0000000000
55692  33.700  -32.624  48.941 0.0000000000
56961  34.135  -31.916  48.060 0.0000000000
56975  34.517  -31.306  47.584 0.0000000000
56988  34.488  -30.959  47.075 0.0000000000
58107  34.893  -30.872  47.935 0.0000000000
58106  35.405  -30.188  47.862 0.0000000000
56839  36.206  -31.823  55.238 0.0000000000
56838  37.078  -31.658  55.965 0.0000000000
56883  37.415  -30.818  54.206 0.0000000000
59182  37.656  -28.911  50.546 0.0000000000
59196  37.296  -28.774  50.014 0.0000000000
61148  36.800  -27.227  49.165 0.0000000000
61149  36.322  -27.035  48.586 0.0000000000
62105  37.084  -26.376  49.442 0.0000000000
63029  37.286  -25.499  49.617 0.0000000000
77585  44.589  -11.419  24.673 0.0000000000
78573  44.386  -10.347  24.262 0.0000000000
78578  46.386  -10.469  23.018 0.0000000000
76516  49.168  -12.716  26.820 0.0000000000
76495  49.631  -11.852  27.247 0.0000000000
77567  51.540  -12.123  26.589 0.0000000000
76585  50.942  -12.957  19.883 0.0000000000
75492  51.552  -13.469  19.581 0.0000000000
75491  52.151  -14.041  19.762 0.0000000000
74506  52.659  -14.526  19.931 0.0000000000
76555  51.838  -12.301  22.408 0.0000000000
76544  53.233  -12.982  24.055 0.0000000000
50477  23.019  -37.733  57.339 0.0000000000
51479  23.441  -37.419  57.516 0.0000000000
50463  23.531  -37.977  58.523 0.0000000000
49337  22.632  -39.753  60.214 0.0000000000
48229  10.244  -39.994  60.330 0.0000000000
48211  10.259  -39.940  61.232 0.0000000000
48202  9.593  -40.198  62.530 0.0000000000
47116  9.206  -40.901  61.219 0.0000000000
48203  8.872  -40.485  62.896 0.0000000000
48194  8.475  -40.226  63.719 0.0000000000
48183  7.494  -39.796  64.883 0.0000000000
48173  6.431  -39.608  65.893 0.0000000000
75390  39.205  -13.379  29.730 0.0000000000
76457  39.426  -13.469  31.068 0.0000000000
76442  39.820  -13.686  31.575 0.0000000000
70254  37.917  -18.873  40.282 0.0000000000
70253  38.711  -18.274  40.445 0.0000000000
70240  38.419  -18.110  41.376 0.0000000000
70228  38.478  -17.928  41.992 0.0000000000
71302  38.966  -17.711  42.241 0.0000000000
71293  38.882  -17.732  43.141 0.0000000000
71292  39.494  -17.377  43.477 0.0000000000
43017  4.900  -45.544  57.626 0.0000000000
41978  3.985  -45.795  57.576 0.0000000000
41971  3.499  -45.698  58.208 0.0000000000
43006  2.498  -45.255  58.921 0.0000000000
41979  3.056  -46.013  57.585 0.0000000000
42991  1.238  -44.829  59.415 0.0000000000
67079  33.811  -22.141  37.485 0.0000000000
54538  27.171  -34.425  50.469 0.0000000000
54539  26.432  -33.910  50.450 0.0000000000
53463  28.068  -35.141  51.876 0.0000000000
52467  28.732  -35.568  53.092 0.0000000000
47201  19.381  -40.581  55.907 0.0000000000
48317  18.780  -40.517  55.704 0.0000000000
48337  18.044  -39.831  54.877 0.0000000000
50520  16.270  -39.099  54.578 0.0000000000
49478  13.526  -38.841  52.030 0.0000000000
48354  12.129  -39.697  52.766 0.0000000000
52514  21.663  -35.475  49.891 0.0000000000
52505  21.992  -35.817  50.710 0.0000000000
52496  22.352  -36.065  51.457 0.0000000000
50559  21.501  -37.422  52.083 0.0000000000
50531  21.065  -38.134  53.296 0.0000000000
47212  20.119  -40.041  55.366 0.0000000000
78530  48.917  -10.798  28.705 0.0000000000
77472  49.098  -10.743  32.435 0.0000000000
77462  44.769  -11.508  33.535 0.0000000000
77461  45.982  -11.371  33.364 0.0000000000
78504  45.244  -10.987  34.013 0.0000000000
79518  46.701  -9.684  35.370 0.0000000000
73414  37.093  -15.322  32.159 0.0000000000
72415  37.976  -15.611  33.262 0.0000000000
72404  38.970  -15.807  33.980 0.0000000000
72395  40.145  -16.083  34.546 0.0000000000
73387  40.525  -15.912  34.616 0.0000000000
72384  42.428  -16.092  35.801 0.0000000000
72312  42.396  -16.741  40.511 0.0000000000
72328  43.313  -16.929  39.773 0.0000000000
64946  31.822  -23.985  40.459 0.0000000000
65943  32.301  -23.606  40.779 0.0000000000
64917  33.684  -24.077  43.816 0.0000000000
65896  34.676  -23.338  45.145 0.0000000000
64892  35.092  -23.742  46.482 0.0000000000
54557  31.586  -34.431  49.404 0.0000000000
54576  31.725  -33.976  48.295 0.0000000000
55678  34.314  -32.315  49.998 0.0000000000
56924  34.905  -31.900  50.366 0.0000000000
56923  35.527  -31.688  50.983 0.0000000000
77578  44.455  -12.153  25.281 0.0000000000
76541  46.083  -12.760  24.898 0.0000000000
75454  46.467  -13.252  25.421 0.0000000000
75410  47.097  -12.963  27.478 0.0000000000
75409  48.215  -12.788  27.129 0.0000000000
76587  49.946  -11.776  19.275 0.0000000000
77630  49.015  -10.517  19.698 0.0000000000
75470  53.115  -13.616  21.634 0.0000000000
76547  51.245  -12.438  23.310 0.0000000000
55634  24.774  -33.644  52.189 0.0000000000
54442  25.414  -35.331  54.438 0.0000000000
53415  25.001  -35.502  54.874 0.0000000000
53414  25.603  -35.569  55.114 0.0000000000
52418  23.763  -36.726  57.189 0.0000000000
52410  24.145  -36.775  57.852 0.0000000000
53361  24.539  -36.493  57.394 0.0000000000
52399  24.653  -36.883  58.465 0.0000000000
52408  25.109  -36.466  57.730 0.0000000000
50577  18.304  -38.456  50.573 0.0000000000
51457  13.705  -37.630  60.628 0.0000000000
51438  14.410  -37.146  61.823 0.0000000000
51439  13.582  -37.475  61.473 0.0000000000
51407  12.896  -37.333  63.315 0.0000000000
50382  12.290  -37.829  62.727 0.0000000000
51386  12.396  -37.217  65.134 0.0000000000
49302  10.727  -39.290  62.488 0.0000000000
49297  10.574  -38.989  63.306 0.0000000000
49290  10.424  -38.654  64.123 0.0000000000
49291  9.708  -38.911  64.570 0.0000000000
50379  10.290  -38.283  64.933 0.0000000000
77537  45.120  -11.560  28.854 0.0000000000
76483  44.489  -12.421  28.817 0.0000000000
76470  44.286  -12.359  29.423 0.0000000000
77522  44.268  -12.195  29.779 0.0000000000
76473  41.477  -13.402  29.948 0.0000000000
76439  42.455  -13.302  31.355 0.0000000000
77449  44.463  -11.380  34.165 0.0000000000
77451  42.967  -12.144  33.974 0.0000000000
78477  44.184  -11.370  35.173 0.0000000000
70326  38.114  -19.019  35.470 0.0000000000
70325  38.880  -18.680  35.547 0.0000000000
70297  40.381  -18.949  37.431 0.0000000000
69301  39.733  -19.350  37.632 0.0000000000
69300  40.249  -19.081  37.869 0.0000000000
70296  40.821  -18.811  37.790 0.0000000000
70279  41.493  -18.145  38.903 0.0000000000
71348  41.703  -17.919  39.122 0.0000000000
71318  41.717  -17.080  40.222 0.0000000000
70252  39.320  -17.990  40.129 0.0000000000
71334  39.640  -17.898  40.029 0.0000000000
71319  40.632  -17.203  40.725 0.0000000000
72314  40.940  -16.876  40.920 0.0000000000
61219  33.381  -27.423  44.381 0.0000000000
61204  33.681  -27.718  45.058 0.0000000000
54439  34.911  -33.906  55.899 0.0000000000
55610  35.451  -33.302  55.970 0.0000000000
76519  41.634  -12.432  26.709 0.0000000000
76518  42.785  -12.828  26.681 0.0000000000
79608  47.660  -8.341  21.202 0.0000000000
45031  7.735  -43.465  58.348 0.0000000000
45024  7.616  -43.290  59.259 0.0000000000
44018  6.213  -44.157  59.528 0.0000000000
44997  5.096  -42.931  61.585 0.0000000000
44998  4.037  -42.636  61.896 0.0000000000
46021  2.280  -41.942  62.223 0.0000000000
72407  36.532  -17.003  33.144 0.0000000000
70355  36.209  -18.481  33.920 0.0000000000
70342  37.464  -18.830  34.978 0.0000000000
69316  37.926  -19.903  36.436 0.0000000000
69331  36.837  -19.946  35.467 0.0000000000
68154  37.908  -20.144  37.018 0.0000000000
68133  37.902  -20.019  38.497 0.0000000000
68115  37.701  -19.939  38.956 0.0000000000
68172  34.666  -21.582  34.875 0.0000000000
67095  35.859  -21.218  36.990 0.0000000000
67077  35.670  -21.300  37.558 0.0000000000
68116  37.222  -20.075  39.112 0.0000000000
69260  37.439  -19.321  40.038 0.0000000000
69246  37.248  -19.121  40.785 0.0000000000
70242  36.977  -19.027  41.519 0.0000000000
70230  37.077  -18.836  42.398 0.0000000000
70201  36.917  -19.277  44.170 0.0000000000
69208  37.031  -19.589  45.176 0.0000000000
54613  28.758  -34.054  46.633 0.0000000000
54598  29.591  -34.353  47.620 0.0000000000
53542  26.486  -34.402  48.035 0.0000000000
53541  27.158  -34.446  48.337 0.0000000000
53539  28.799  -34.784  48.788 0.0000000000
53558  29.315  -34.641  48.310 0.0000000000
54558  30.932  -34.704  49.214 0.0000000000
53517  31.484  -34.652  49.900 0.0000000000
53479  32.185  -34.705  51.184 0.0000000000
53459  32.788  -34.536  51.964 0.0000000000
54475  26.336  -35.005  52.810 0.0000000000
53428  26.371  -35.486  54.245 0.0000000000
53446  26.514  -35.393  53.675 0.0000000000
53445  26.878  -35.263  53.055 0.0000000000
52440  29.404  -35.752  54.745 0.0000000000
52452  29.897  -35.833  54.176 0.0000000000
52451  30.737  -35.843  54.397 0.0000000000
52450  31.583  -35.790  54.604 0.0000000000
52426  31.945  -35.518  56.008 0.0000000000
52449  32.337  -35.588  54.845 0.0000000000
52448  32.860  -35.274  55.119 0.0000000000
53406  34.094  -34.554  55.278 0.0000000000
45991  21.429  -41.819  61.903 0.0000000000
46010  19.284  -41.465  61.320 0.0000000000
47111  18.065  -40.059  60.906 0.0000000000
47188  19.135  -40.925  56.850 0.0000000000
47173  18.614  -40.927  57.641 0.0000000000
47154  18.211  -40.611  58.467 0.0000000000
48281  17.625  -40.088  57.500 0.0000000000
47137  18.226  -40.488  59.382 0.0000000000
47123  18.173  -40.257  60.163 0.0000000000
49339  17.515  -39.207  60.806 0.0000000000
49360  16.211  -38.742  59.429 0.0000000000
49341  16.205  -38.406  60.084 0.0000000000
51467  15.132  -37.474  60.363 0.0000000000
51468  14.750  -37.475  60.213 0.0000000000
50536  14.630  -38.769  52.433 0.0000000000
50507  15.854  -38.875  55.540 0.0000000000
50495  15.515  -38.381  56.452 0.0000000000
50481  15.194  -37.962  57.387 0.0000000000
50451  14.472  -37.716  59.303 0.0000000000
51469  14.089  -37.681  60.039 0.0000000000
49378  12.702  -38.409  58.271 0.0000000000
49361  12.377  -38.576  59.123 0.0000000000
48247  11.112  -39.646  59.238 0.0000000000
48300  11.393  -39.895  56.181 0.0000000000
47203  11.271  -40.235  54.856 0.0000000000
48248  10.383  -40.214  59.326 0.0000000000
47141  9.918  -40.866  59.115 0.0000000000
47160  9.615  -41.466  58.475 0.0000000000
46061  9.015  -41.955  58.228 0.0000000000
46062  8.736  -42.469  58.544 0.0000000000
45030  8.254  -42.945  58.044 0.0000000000
45052  8.512  -42.953  56.760 0.0000000000
45039  8.281  -43.042  57.363 0.0000000000
45040  7.923  -43.443  57.558 0.0000000000
44040  7.424  -43.883  57.649 0.0000000000
43040  6.710  -44.755  56.325 0.0000000000
43028  6.434  -44.926  56.950 0.0000000000
56990  24.134  -31.941  47.617 0.0000000000
56967  23.163  -31.860  49.349 0.0000000000
56948  23.279  -32.194  50.128 0.0000000000
56947  23.685  -32.415  50.261 0.0000000000
55667  24.186  -32.985  51.277 0.0000000000
55650  24.594  -33.201  51.809 0.0000000000
55635  24.669  -34.016  52.388 0.0000000000
55636  24.549  -34.280  52.557 0.0000000000
54479  24.396  -34.677  52.872 0.0000000000
54480  23.981  -34.743  52.670 0.0000000000
53447  24.140  -35.003  53.120 0.0000000000
52442  23.577  -36.518  55.378 0.0000000000
51496  23.114  -37.195  55.708 0.0000000000
50517  21.823  -38.027  54.623 0.0000000000
51510  22.315  -37.233  54.290 0.0000000000
51487  23.114  -37.484  56.716 0.0000000000
50465  22.490  -38.460  57.812 0.0000000000
48280  21.772  -39.578  57.947 0.0000000000
48225  21.836  -40.757  60.623 0.0000000000
51420  14.530  -36.973  62.880 0.0000000000
46016  7.556  -41.937  61.761 0.0000000000
45999  6.919  -41.684  62.818 0.0000000000
45984  6.146  -41.366  63.490 0.0000000000
45983  6.757  -41.255  63.437 0.0000000000
47068  6.627  -40.321  64.586 0.0000000000
48185  5.773  -39.978  65.377 0.0000000000
78544  45.394  -11.163  29.086 0.0000000000
77488  46.224  -11.966  31.181 0.0000000000
76451  46.767  -11.979  30.967 0.0000000000
78513  49.603  -10.344  32.993 0.0000000000
77460  47.122  -11.120  33.239 0.0000000000
77458  48.786  -10.486  32.954 0.0000000000
75374  37.492  -13.810  30.416 0.0000000000
75362  39.364  -13.836  31.833 0.0000000000
75354  40.005  -13.940  32.360 0.0000000000
74404  38.241  -14.511  32.232 0.0000000000
74389  39.035  -14.635  33.184 0.0000000000
74403  39.354  -14.152  32.612 0.0000000000
74402  39.991  -14.087  32.744 0.0000000000
75344  41.116  -13.635  33.187 0.0000000000
75331  42.064  -13.350  34.017 0.0000000000
76390  42.661  -13.176  35.007 0.0000000000
76388  43.849  -12.205  35.931 0.0000000000
77420  44.838  -11.671  37.170 0.0000000000
71399  40.840  -17.709  35.910 0.0000000000
71398  41.632  -17.387  36.070 0.0000000000
72344  43.595  -17.128  38.834 0.0000000000
72357  43.700  -16.754  37.704 0.0000000000
72370  43.523  -16.191  36.906 0.0000000000
73376  43.416  -15.544  36.501 0.0000000000
74349  43.863  -14.619  36.695 0.0000000000
75299  44.202  -13.668  37.003 0.0000000000
75290  45.140  -13.670  38.457 0.0000000000
75291  44.694  -13.686  37.735 0.0000000000
76372  44.617  -12.766  37.374 0.0000000000
77411  44.973  -12.195  37.747 0.0000000000
77410  45.556  -11.634  38.268 0.0000000000
67033  34.367  -21.748  39.987 0.0000000000
65949  32.581  -23.194  40.631 0.0000000000
67025  32.855  -22.896  41.023 0.0000000000
67015  33.488  -22.560  42.086 0.0000000000
68094  35.493  -20.600  42.026 0.0000000000
68077  35.850  -20.950  43.731 0.0000000000
69231  36.109  -20.277  43.417 0.0000000000
69220  36.525  -19.890  44.252 0.0000000000
55704  33.120  -32.988  47.911 0.0000000000
55715  32.789  -32.805  46.888 0.0000000000
58142  34.165  -30.362  46.215 0.0000000000
59256  33.820  -29.310  45.521 0.0000000000
60254  33.955  -28.337  45.542 0.0000000000
55633  34.879  -32.948  54.151 0.0000000000
55632  35.295  -32.154  53.597 0.0000000000
56939  36.147  -31.083  50.414 0.0000000000
56902  37.477  -30.813  53.161 0.0000000000
58032  38.105  -30.283  52.788 0.0000000000
59212  35.920  -29.395  48.201 0.0000000000
60207  36.121  -28.777  48.463 0.0000000000
59225  35.541  -29.213  47.424 0.0000000000
60231  35.072  -28.234  46.942 0.0000000000
60242  34.725  -27.744  46.484 0.0000000000
61191  34.513  -27.249  46.078 0.0000000000
62137  34.606  -26.404  46.136 0.0000000000
63053  35.065  -25.566  46.884 0.0000000000
62114  35.797  -26.236  47.791 0.0000000000
63046  35.506  -25.537  47.351 0.0000000000
63982  35.185  -24.957  47.020 0.0000000000
63974  35.168  -24.390  46.894 0.0000000000
64882  35.382  -23.985  47.014 0.0000000000
64891  35.476  -23.487  46.846 0.0000000000
62089  38.489  -26.495  50.860 0.0000000000
63022  37.788  -25.429  50.108 0.0000000000
63955  37.431  -24.638  49.724 0.0000000000
63956  36.954  -24.657  49.171 0.0000000000
64873  36.649  -23.850  48.747 0.0000000000
64874  36.135  -23.803  48.234 0.0000000000
65885  35.773  -22.880  46.906 0.0000000000
66965  36.167  -22.469  47.177 0.0000000000
66974  36.806  -21.275  46.770 0.0000000000
66963  37.466  -21.117  47.387 0.0000000000
66973  37.148  -20.833  46.790 0.0000000000
80569  47.281  -7.854  21.413 0.0000000000
79598  47.291  -8.758  21.742 0.0000000000
78588  47.998  -10.832  21.953 0.0000000000
77596  48.541  -11.309  22.221 0.0000000000
77589  47.702  -11.533  22.951 0.0000000000
76558  49.156  -11.803  22.529 0.0000000000
76548  50.285  -12.398  23.382 0.0000000000
75449  50.921  -12.598  23.916 0.0000000000
75452  48.238  -13.028  24.849 0.0000000000
75451  49.301  -12.980  24.527 0.0000000000
41981  1.709  -46.017  58.366 0.0000000000
43027  6.800  -44.700  56.749 0.0000000000
44031  7.204  -43.882  58.225 0.0000000000
44054  6.789  -44.559  57.378 0.0000000000
46019  3.918  -42.083  62.550 0.0000000000
46047  9.128  -41.889  59.015 0.0000000000
46052  21.097  -41.097  58.446 0.0000000000
46070  21.142  -40.931  58.067 0.0000000000
46090  20.775  -40.744  57.395 0.0000000000
47085  6.747  -40.717  63.998 0.0000000000
47100  9.046  -40.702  62.079 0.0000000000
47103  7.174  -41.139  63.353 0.0000000000
47155  17.862  -40.295  57.984 0.0000000000
47199  20.830  -39.913  56.279 0.0000000000
48181  9.128  -39.555  64.179 0.0000000000
48184  6.651  -39.906  65.055 0.0000000000
48190  21.875  -40.991  61.859 0.0000000000
48298  12.687  -38.832  56.313 0.0000000000
48316  20.448  -39.844  55.357 0.0000000000
48335  20.040  -39.895  54.864 0.0000000000
48365  18.524  -39.487  53.440 0.0000000000
49320  10.792  -39.485  61.650 0.0000000000
49342  12.085  -38.737  59.833 0.0000000000
49373  23.567  -38.175  58.890 0.0000000000
49439  15.037  -39.119  54.281 0.0000000000
49456  18.157  -39.488  53.660 0.0000000000
49494  18.424  -39.246  52.112 0.0000000000
50370  11.655  -37.635  64.755 0.0000000000
50384  11.062  -38.367  63.631 0.0000000000
50394  12.352  -38.027  61.845 0.0000000000
50412  16.793  -38.045  61.723 0.0000000000
50492  16.905  -39.449  56.205 0.0000000000
51404  15.351  -37.161  63.970 0.0000000000
51419  15.296  -37.014  63.193 0.0000000000
51524  22.737  -36.265  52.445 0.0000000000
51559  21.429  -36.108  49.663 0.0000000000
52409  24.751  -36.546  57.866 0.0000000000
52411  23.765  -37.072  57.705 0.0000000000
52419  23.779  -36.930  57.174 0.0000000000
52436  32.482  -35.392  55.683 0.0000000000
52493  30.841  -35.660  52.172 0.0000000000
53379  24.284  -36.506  57.056 0.0000000000
53389  32.289  -35.348  56.347 0.0000000000
53485  22.924  -35.090  51.275 0.0000000000
53498  32.053  -34.603  50.647 0.0000000000
53518  30.971  -34.805  49.765 0.0000000000
53538  29.745  -34.768  48.934 0.0000000000
54440  25.950  -35.465  54.598 0.0000000000
54521  22.496  -34.682  50.713 0.0000000000
55665  33.771  -33.080  51.148 0.0000000000
56949  22.790  -32.056  49.743 0.0000000000
58125  34.440  -30.787  46.769 0.0000000000
59183  37.304  -29.432  50.234 0.0000000000
59226  34.981  -29.263  46.993 0.0000000000
61125  38.258  -27.467  50.952 0.0000000000
61177  35.358  -27.236  47.179 0.0000000000
62096  38.094  -25.961  50.388 0.0000000000
62113  36.142  -26.221  48.290 0.0000000000
62157  33.852  -26.478  45.002 0.0000000000
63054  34.688  -25.537  46.270 0.0000000000
63948  37.984  -24.615  50.204 0.0000000000
65876  36.560  -22.734  48.167 0.0000000000
67076  36.066  -21.093  37.156 0.0000000000
68057  36.677  -20.416  45.588 0.0000000000
68069  35.575  -21.431  44.128 0.0000000000
69275  38.542  -19.351  39.063 0.0000000000
69276  37.943  -19.638  39.227 0.0000000000
69288  40.380  -18.973  38.164 0.0000000000
70294  41.975  -18.118  38.474 0.0000000000
71317  42.182  -17.014  40.156 0.0000000000
71331  42.441  -17.261  39.796 0.0000000000
71346  42.964  -17.388  39.247 0.0000000000
75457  50.770  -12.475  23.569 0.0000000000
75458  50.563  -12.537  23.730 0.0000000000
75509  51.168  -12.695  18.646 0.0000000000
76428  46.348  -11.950  32.056 0.0000000000
76437  46.477  -11.990  31.462 0.0000000000
76452  46.444  -11.976  31.057 0.0000000000
77506  46.325  -11.867  30.647 0.0000000000
77536  45.741  -11.262  28.523 0.0000000000
77577  51.959  -12.174  26.127 0.0000000000
78474  46.372  -9.801  35.463 0.0000000000
78492  44.071  -11.518  34.858 0.0000000000
78543  45.895  -11.017  28.696 0.0000000000
81483  46.723  -7.133  21.591 0.0000000000
