#!ascii label  , from subject bert vox2ras=TkReg
1113
61990  6.097  -27.706  65.782 0.0000000000
47336  4.409  -40.494  45.302 0.0000000000
52379  1.530  -35.545  60.334 0.0000000000
56853  4.276  -31.300  55.312 0.0000000000
61158  3.747  -27.002  49.348 0.0000000000
55507  3.456  -32.606  64.364 0.0000000000
59069  3.568  -29.629  61.623 0.0000000000
57858  9.435  -29.781  64.662 0.0000000000
53310  6.134  -33.941  63.866 0.0000000000
49325  3.039  -38.229  61.191 0.0000000000
60142  1.003  -28.511  55.290 0.0000000000
58061  4.483  -29.815  51.644 0.0000000000
63929  -0.170  -24.673  53.108 0.0000000000
49425  -0.493  -38.403  55.104 0.0000000000
52499  2.319  -36.242  52.805 0.0000000000
54398  3.041  -33.578  58.530 0.0000000000
57955  -0.042  -30.250  58.811 0.0000000000
53554  5.282  -35.255  49.599 0.0000000000
54624  6.420  -32.722  45.770 0.0000000000
59282  3.209  -29.831  44.675 0.0000000000
64896  2.693  -23.642  46.509 0.0000000000
59018  4.480  -29.724  66.323 0.0000000000
62010  4.383  -28.287  64.891 0.0000000000
59005  7.592  -29.106  66.212 0.0000000000
55499  7.127  -31.287  64.668 0.0000000000
56664  5.478  -30.668  65.933 0.0000000000
52346  4.375  -33.742  64.945 0.0000000000
62074  0.123  -27.059  54.345 0.0000000000
52414  -0.767  -36.534  57.957 0.0000000000
53383  0.125  -34.693  57.087 0.0000000000
54381  1.227  -34.316  59.089 0.0000000000
61073  2.701  -27.670  60.611 0.0000000000
59082  1.641  -29.607  60.470 0.0000000000
49310  1.506  -37.128  60.986 0.0000000000
48255  1.793  -38.551  58.951 0.0000000000
49366  0.414  -37.791  58.600 0.0000000000
48304  -0.219  -39.294  56.208 0.0000000000
54468  4.192  -33.426  55.026 0.0000000000
53534  4.041  -35.928  51.188 0.0000000000
55660  5.573  -32.825  52.808 0.0000000000
58102  4.294  -28.621  51.184 0.0000000000
58119  6.779  -29.810  49.403 0.0000000000
59250  6.107  -29.352  47.415 0.0000000000
57017  4.283  -31.434  44.757 0.0000000000
60251  4.362  -27.828  45.965 0.0000000000
53315  2.499  -34.457  62.076 0.0000000000
55529  2.098  -33.248  61.588 0.0000000000
57900  3.500  -31.208  63.608 0.0000000000
62028  4.012  -27.686  62.100 0.0000000000
56688  11.047  -29.717  63.495 0.0000000000
55553  9.913  -31.354  60.338 0.0000000000
55516  8.859  -31.549  62.642 0.0000000000
52360  7.779  -34.123  62.379 0.0000000000
50386  4.549  -36.104  62.381 0.0000000000
51415  3.102  -35.843  62.816 0.0000000000
56856  1.672  -30.540  55.112 0.0000000000
56896  4.002  -30.730  53.450 0.0000000000
58027  1.810  -29.261  54.012 0.0000000000
60173  1.583  -28.235  52.506 0.0000000000
62093  1.712  -26.343  51.180 0.0000000000
63778  8.812  -26.417  64.991 0.0000000000
56704  14.694  -28.624  61.488 0.0000000000
60082  15.053  -27.036  63.696 0.0000000000
60062  11.761  -27.943  65.364 0.0000000000
61980  9.963  -26.914  66.002 0.0000000000
46141  -0.457  -40.791  52.705 0.0000000000
49514  0.652  -38.990  51.320 0.0000000000
51512  0.231  -36.913  53.857 0.0000000000
54453  1.903  -34.714  55.388 0.0000000000
56828  5.101  -32.097  57.449 0.0000000000
55540  3.814  -31.541  61.317 0.0000000000
57936  3.729  -30.485  59.155 0.0000000000
57972  2.442  -30.946  57.380 0.0000000000
59102  0.419  -29.474  56.961 0.0000000000
49538  2.364  -38.887  49.961 0.0000000000
49535  4.275  -38.403  48.563 0.0000000000
50628  5.815  -37.942  47.006 0.0000000000
56931  6.389  -31.573  51.569 0.0000000000
53568  6.792  -34.325  48.021 0.0000000000
51607  5.333  -36.716  45.190 0.0000000000
52568  4.066  -35.354  44.663 0.0000000000
54657  2.245  -33.456  44.456 0.0000000000
65840  0.466  -22.351  52.706 0.0000000000
63952  1.850  -24.281  50.430 0.0000000000
65863  2.205  -22.358  49.327 0.0000000000
63977  3.312  -24.907  48.002 0.0000000000
62153  2.291  -26.406  45.263 0.0000000000
61028  5.054  -28.538  66.677 0.0000000000
61996  5.063  -27.887  65.375 0.0000000000
62854  5.729  -27.459  65.351 0.0000000000
61021  7.001  -28.230  66.370 0.0000000000
57841  6.190  -29.776  66.760 0.0000000000
59008  5.371  -29.389  68.018 0.0000000000
57844  4.729  -29.725  67.032 0.0000000000
46237  2.750  -41.553  44.274 0.0000000000
48472  2.984  -39.538  44.437 0.0000000000
51473  0.024  -36.511  58.793 0.0000000000
53365  -0.202  -35.041  58.138 0.0000000000
53332  1.251  -34.837  59.876 0.0000000000
56778  11.323  -30.298  59.116 0.0000000000
50404  1.574  -36.468  60.875 0.0000000000
49329  1.497  -37.108  60.197 0.0000000000
50440  0.683  -36.989  59.207 0.0000000000
50458  -0.276  -37.439  58.417 0.0000000000
55616  5.076  -32.514  55.433 0.0000000000
54488  5.050  -33.520  53.135 0.0000000000
56874  5.210  -32.226  54.594 0.0000000000
60215  4.047  -27.552  50.183 0.0000000000
59221  5.608  -28.601  49.129 0.0000000000
60228  4.748  -27.564  48.998 0.0000000000
60240  5.499  -27.932  47.160 0.0000000000
61172  4.775  -27.090  47.933 0.0000000000
54347  3.180  -33.375  63.371 0.0000000000
55518  2.824  -32.865  62.849 0.0000000000
56692  3.133  -32.327  63.936 0.0000000000
61060  4.186  -28.569  63.388 0.0000000000
62031  4.050  -26.977  61.452 0.0000000000
56668  10.319  -29.559  64.386 0.0000000000
56709  9.656  -30.808  63.100 0.0000000000
56676  9.287  -30.494  64.043 0.0000000000
54341  6.527  -32.770  64.519 0.0000000000
53307  7.780  -33.307  63.275 0.0000000000
52353  6.972  -34.039  63.121 0.0000000000
51398  5.437  -34.676  63.216 0.0000000000
53305  4.225  -33.616  64.694 0.0000000000
51390  4.229  -34.604  63.793 0.0000000000
52352  3.634  -34.176  63.634 0.0000000000
52364  2.560  -35.134  62.307 0.0000000000
58006  1.399  -29.453  55.353 0.0000000000
56880  1.651  -29.603  54.766 0.0000000000
59139  1.357  -28.803  54.516 0.0000000000
63930  -0.168  -25.292  53.731 0.0000000000
61122  1.027  -27.846  53.092 0.0000000000
62086  0.897  -26.791  52.409 0.0000000000
61120  1.398  -27.233  51.891 0.0000000000
63938  0.198  -24.875  52.319 0.0000000000
57854  12.135  -28.338  64.626 0.0000000000
47228  -0.547  -39.975  53.429 0.0000000000
49463  -0.145  -38.037  53.430 0.0000000000
50526  -0.183  -37.440  53.998 0.0000000000
54418  1.735  -34.148  57.241 0.0000000000
53401  1.318  -34.867  55.741 0.0000000000
54417  2.806  -33.764  57.513 0.0000000000
54433  3.598  -33.556  56.744 0.0000000000
54415  4.516  -33.089  57.904 0.0000000000
55527  3.047  -32.060  62.241 0.0000000000
55541  3.269  -32.122  61.606 0.0000000000
56746  3.768  -31.176  61.691 0.0000000000
57924  0.808  -29.835  60.167 0.0000000000
57922  2.571  -30.000  60.281 0.0000000000
57938  1.686  -30.364  59.414 0.0000000000
57952  3.068  -30.672  58.381 0.0000000000
57954  0.891  -30.602  58.558 0.0000000000
57974  0.259  -30.404  57.467 0.0000000000
59094  -0.092  -29.597  58.081 0.0000000000
54366  9.286  -32.665  60.153 0.0000000000
54376  9.738  -32.179  59.665 0.0000000000
48214  3.875  -38.093  60.323 0.0000000000
48253  3.750  -38.131  58.838 0.0000000000
48234  3.141  -38.298  59.626 0.0000000000
47168  1.433  -38.964  57.547 0.0000000000
47166  2.158  -39.403  57.802 0.0000000000
49409  -0.502  -38.497  56.119 0.0000000000
47220  -0.623  -40.172  54.427 0.0000000000
51542  1.449  -37.974  52.017 0.0000000000
49513  1.185  -38.794  50.829 0.0000000000
52523  2.198  -37.372  51.025 0.0000000000
52520  4.777  -35.924  50.161 0.0000000000
51580  3.792  -37.201  49.469 0.0000000000
51579  4.523  -36.631  48.793 0.0000000000
50610  4.882  -37.912  48.189 0.0000000000
51594  5.432  -36.228  47.879 0.0000000000
56916  3.986  -30.177  52.732 0.0000000000
56915  4.871  -30.675  52.515 0.0000000000
58059  5.660  -30.352  51.639 0.0000000000
55722  7.241  -31.560  47.336 0.0000000000
54590  7.341  -32.514  48.815 0.0000000000
54607  7.304  -33.421  47.417 0.0000000000
52556  6.646  -35.638  46.660 0.0000000000
53591  6.411  -34.540  45.389 0.0000000000
51612  4.656  -36.315  44.801 0.0000000000
53596  5.497  -34.387  44.880 0.0000000000
58170  3.798  -30.448  44.780 0.0000000000
55760  3.669  -32.631  44.519 0.0000000000
57033  2.545  -31.609  44.278 0.0000000000
65847  1.060  -22.176  52.081 0.0000000000
64856  1.253  -23.132  51.683 0.0000000000
65855  1.415  -22.118  51.081 0.0000000000
66968  2.532  -21.751  47.673 0.0000000000
65881  2.534  -22.567  48.003 0.0000000000
64877  2.650  -23.336  48.671 0.0000000000
63978  3.049  -24.437  47.285 0.0000000000
62142  3.391  -26.026  46.436 0.0000000000
63058  2.790  -25.345  46.041 0.0000000000
56673  3.813  -31.509  65.047 0.0000000000
57870  3.499  -30.955  64.935 0.0000000000
61039  4.459  -28.756  65.685 0.0000000000
57849  8.128  -29.833  65.405 0.0000000000
56670  8.503  -30.373  64.645 0.0000000000
57850  7.279  -29.941  65.680 0.0000000000
55500  6.289  -31.778  65.044 0.0000000000
53294  5.814  -33.231  64.937 0.0000000000
52348  5.147  -34.247  64.480 0.0000000000
54336  4.911  -33.096  65.399 0.0000000000
55496  4.425  -31.757  65.357 0.0000000000
62991  0.047  -25.887  55.698 0.0000000000
61101  0.474  -27.869  54.911 0.0000000000
62990  -0.055  -25.035  55.205 0.0000000000
63918  -0.138  -24.520  54.721 0.0000000000
64825  -0.321  -23.765  54.417 0.0000000000
51491  -0.791  -36.946  56.785 0.0000000000
51500  -0.509  -36.806  55.705 0.0000000000
53384  -0.554  -35.461  57.230 0.0000000000
53364  0.523  -34.658  58.112 0.0000000000
54380  2.215  -33.583  59.506 0.0000000000
59070  2.881  -29.098  61.230 0.0000000000
59068  3.412  -29.890  61.194 0.0000000000
60109  1.806  -28.705  60.839 0.0000000000
60114  0.564  -28.934  60.101 0.0000000000
60118  0.207  -28.876  59.492 0.0000000000
60123  0.253  -28.980  58.609 0.0000000000
49308  1.994  -37.696  61.733 0.0000000000
48216  2.557  -38.259  60.439 0.0000000000
48218  1.935  -37.666  60.353 0.0000000000
48257  1.351  -38.011  58.607 0.0000000000
48272  0.675  -38.564  57.679 0.0000000000
47181  0.660  -39.557  56.685 0.0000000000
49382  -0.019  -38.408  57.892 0.0000000000
50487  -0.720  -37.773  57.689 0.0000000000
54491  2.792  -34.742  53.713 0.0000000000
53513  3.263  -35.969  52.134 0.0000000000
54511  3.783  -34.439  53.017 0.0000000000
54532  4.770  -34.444  51.736 0.0000000000
54551  5.173  -34.466  50.909 0.0000000000
58081  4.326  -29.274  51.538 0.0000000000
58078  5.554  -29.714  51.177 0.0000000000
59204  5.790  -29.094  50.181 0.0000000000
59235  6.511  -29.578  48.954 0.0000000000
56997  6.769  -31.133  46.768 0.0000000000
55735  5.924  -32.230  45.575 0.0000000000
58155  5.770  -30.229  46.292 0.0000000000
59266  4.692  -29.339  45.639 0.0000000000
59267  3.828  -29.381  45.033 0.0000000000
66983  2.808  -22.125  46.835 0.0000000000
64897  2.408  -24.119  45.866 0.0000000000
65915  2.601  -23.347  45.347 0.0000000000
52368  1.864  -35.413  61.360 0.0000000000
53321  1.770  -34.510  61.202 0.0000000000
54351  2.404  -33.926  62.045 0.0000000000
56730  2.976  -32.370  63.010 0.0000000000
57909  3.875  -30.820  62.577 0.0000000000
59055  3.811  -30.378  64.340 0.0000000000
59064  4.097  -30.151  63.141 0.0000000000
60103  3.961  -29.137  62.594 0.0000000000
61067  2.998  -27.945  61.255 0.0000000000
56707  11.272  -29.691  62.563 0.0000000000
56745  10.689  -30.247  61.067 0.0000000000
56727  10.495  -30.251  62.019 0.0000000000
55510  8.239  -32.009  63.189 0.0000000000
53317  8.363  -33.495  62.069 0.0000000000
53320  8.290  -34.023  61.376 0.0000000000
49304  5.110  -37.052  61.235 0.0000000000
50399  4.183  -37.058  62.213 0.0000000000
51388  4.707  -34.594  64.225 0.0000000000
51414  3.672  -35.797  63.027 0.0000000000
50401  2.494  -37.197  62.334 0.0000000000
50402  1.750  -37.046  62.126 0.0000000000
51426  1.601  -35.931  61.907 0.0000000000
56854  3.390  -30.996  55.188 0.0000000000
56876  4.083  -31.135  54.327 0.0000000000
56878  2.336  -30.580  54.223 0.0000000000
56898  2.518  -30.012  53.554 0.0000000000
56918  2.789  -29.504  52.937 0.0000000000
60162  1.014  -28.376  53.767 0.0000000000
59163  1.577  -28.672  53.226 0.0000000000
58062  2.896  -29.027  52.400 0.0000000000
59192  2.701  -28.503  51.802 0.0000000000
60217  3.271  -27.696  50.994 0.0000000000
61143  3.039  -26.710  50.343 0.0000000000
61989  7.053  -27.421  65.594 0.0000000000
56705  13.484  -28.785  61.742 0.0000000000
60092  17.494  -27.020  62.326 0.0000000000
60081  16.140  -26.603  63.168 0.0000000000
59052  15.849  -27.672  62.431 0.0000000000
57882  14.963  -28.133  62.424 0.0000000000
57883  13.780  -28.185  62.904 0.0000000000
56706  12.333  -29.148  62.115 0.0000000000
57869  11.118  -29.109  64.394 0.0000000000
57846  10.736  -28.947  64.678 0.0000000000
60051  10.944  -27.904  65.500 0.0000000000
59003  9.407  -28.649  65.436 0.0000000000
61019  9.089  -27.672  66.089 0.0000000000
61982  7.776  -27.464  65.809 0.0000000000
50556  0.384  -37.927  53.109 0.0000000000
52487  1.657  -36.564  53.301 0.0000000000
53421  0.560  -35.778  55.568 0.0000000000
53437  1.512  -35.895  54.684 0.0000000000
53435  2.297  -34.947  54.011 0.0000000000
54469  3.441  -33.957  54.657 0.0000000000
54450  4.278  -33.252  56.026 0.0000000000
56830  4.453  -31.306  56.314 0.0000000000
54360  1.799  -33.606  61.061 0.0000000000
55571  2.314  -33.294  60.153 0.0000000000
55569  3.886  -32.716  59.741 0.0000000000
57914  3.540  -30.176  61.027 0.0000000000
56762  4.379  -31.005  60.341 0.0000000000
55568  4.510  -31.902  59.676 0.0000000000
57950  4.643  -30.998  58.197 0.0000000000
57970  4.341  -30.792  57.570 0.0000000000
57988  3.169  -30.909  56.784 0.0000000000
56833  1.683  -30.934  56.206 0.0000000000
57991  0.896  -29.945  56.235 0.0000000000
60131  0.912  -28.587  56.578 0.0000000000
60130  0.999  -28.342  57.413 0.0000000000
61094  0.968  -27.550  56.806 0.0000000000
62061  0.624  -26.726  56.350 0.0000000000
47163  3.673  -39.060  57.231 0.0000000000
47131  2.562  -38.519  59.093 0.0000000000
51566  3.123  -37.235  50.452 0.0000000000
50613  3.354  -37.988  49.586 0.0000000000
48455  5.199  -39.535  46.332 0.0000000000
56895  4.822  -31.340  53.454 0.0000000000
55659  5.994  -32.537  52.133 0.0000000000
54549  6.187  -33.465  50.675 0.0000000000
58076  7.009  -30.804  50.654 0.0000000000
55700  7.129  -32.616  49.870 0.0000000000
53552  6.332  -34.417  49.002 0.0000000000
51593  6.042  -36.444  47.220 0.0000000000
50633  6.219  -37.200  45.968 0.0000000000
49571  4.767  -38.532  45.355 0.0000000000
50643  3.659  -37.486  44.787 0.0000000000
55759  4.401  -32.843  44.535 0.0000000000
53599  2.659  -34.433  44.503 0.0000000000
65826  -0.296  -23.034  53.714 0.0000000000
65825  -0.126  -22.099  53.380 0.0000000000
64850  0.153  -23.925  52.658 0.0000000000
63937  0.837  -24.058  52.105 0.0000000000
63025  2.106  -25.495  50.547 0.0000000000
62099  2.766  -25.906  50.148 0.0000000000
64869  1.873  -23.288  50.083 0.0000000000
63959  2.461  -24.246  49.595 0.0000000000
62122  3.386  -25.907  48.775 0.0000000000
62133  3.842  -26.038  47.329 0.0000000000
61213  3.260  -27.593  45.530 0.0000000000
60267  2.360  -28.526  44.701 0.0000000000
61225  1.767  -27.933  44.561 0.0000000000
61985  5.266  -28.403  66.486 0.0000000000
61991  5.272  -28.184  65.879 0.0000000000
61983  6.577  -27.900  66.139 0.0000000000
61022  6.177  -28.552  66.796 0.0000000000
61984  5.718  -28.265  66.324 0.0000000000
60058  4.894  -28.627  67.941 0.0000000000
46221  4.165  -41.404  45.070 0.0000000000
47337  3.622  -40.509  44.699 0.0000000000
47346  2.881  -40.543  44.306 0.0000000000
52392  0.814  -35.614  59.313 0.0000000000
56744  11.891  -29.615  60.808 0.0000000000
56760  12.241  -29.613  59.826 0.0000000000
51444  1.570  -36.215  60.510 0.0000000000
51460  1.122  -36.299  59.615 0.0000000000
56852  4.967  -31.912  55.563 0.0000000000
56875  4.825  -31.648  54.468 0.0000000000
61159  3.490  -27.095  50.062 0.0000000000
60214  4.451  -27.583  49.595 0.0000000000
60227  5.183  -27.698  48.337 0.0000000000
61173  4.343  -26.994  48.569 0.0000000000
55508  3.211  -32.778  63.925 0.0000000000
56679  3.274  -32.385  64.195 0.0000000000
56669  9.702  -29.903  64.438 0.0000000000
53309  6.640  -33.699  63.741 0.0000000000
52354  6.445  -34.207  63.352 0.0000000000
52362  6.616  -34.523  62.806 0.0000000000
52363  6.242  -34.521  63.027 0.0000000000
51411  6.000  -35.025  62.631 0.0000000000
51397  5.799  -34.670  63.037 0.0000000000
54343  3.784  -33.063  64.584 0.0000000000
53306  3.731  -33.730  64.110 0.0000000000
54344  3.419  -33.244  64.047 0.0000000000
53311  3.414  -33.891  63.508 0.0000000000
59126  1.310  -28.921  55.077 0.0000000000
60141  1.030  -28.501  55.016 0.0000000000
63005  -0.125  -25.663  52.874 0.0000000000
63014  0.225  -26.665  52.801 0.0000000000
63013  0.515  -25.872  52.259 0.0000000000
49444  -0.372  -38.223  54.120 0.0000000000
50513  -0.428  -37.521  54.913 0.0000000000
54416  3.806  -33.517  57.745 0.0000000000
54397  4.044  -33.176  58.649 0.0000000000
56728  3.686  -31.230  62.249 0.0000000000
56747  3.391  -31.699  62.161 0.0000000000
57908  3.840  -30.453  61.726 0.0000000000
57940  0.119  -29.881  59.733 0.0000000000
57939  0.740  -30.260  59.534 0.0000000000
57953  1.979  -30.772  58.457 0.0000000000
49324  3.868  -38.115  61.069 0.0000000000
48215  3.186  -38.327  60.435 0.0000000000
46067  1.666  -39.585  57.197 0.0000000000
48325  -0.429  -39.326  55.256 0.0000000000
48342  -0.475  -39.178  54.249 0.0000000000
52500  1.863  -37.075  52.502 0.0000000000
51556  1.800  -37.636  51.241 0.0000000000
52510  2.143  -37.228  51.578 0.0000000000
52519  5.119  -35.586  49.844 0.0000000000
52534  5.056  -35.658  49.386 0.0000000000
51595  4.989  -36.363  48.292 0.0000000000
51578  5.179  -35.931  48.500 0.0000000000
56934  3.847  -29.770  52.241 0.0000000000
58041  4.486  -30.210  52.282 0.0000000000
58060  4.848  -30.070  51.789 0.0000000000
55723  7.204  -32.247  46.951 0.0000000000
54623  7.058  -33.209  46.249 0.0000000000
54640  6.997  -33.935  45.763 0.0000000000
54641  6.032  -33.341  45.381 0.0000000000
58185  3.033  -30.690  44.460 0.0000000000
67942  0.664  -20.274  53.102 0.0000000000
66929  1.235  -21.143  51.570 0.0000000000
65890  2.715  -22.695  47.081 0.0000000000
64886  2.793  -23.487  47.643 0.0000000000
63050  3.131  -24.984  46.730 0.0000000000
63986  2.731  -24.508  46.307 0.0000000000
57853  4.329  -30.419  65.887 0.0000000000
59026  4.138  -29.943  65.799 0.0000000000
60071  4.356  -29.284  66.076 0.0000000000
62861  5.392  -27.186  64.912 0.0000000000
57839  7.830  -29.469  65.802 0.0000000000
56663  5.972  -30.418  66.094 0.0000000000
55492  6.095  -31.102  65.502 0.0000000000
55501  5.845  -32.247  65.276 0.0000000000
54328  5.656  -32.497  65.341 0.0000000000
54335  5.445  -33.048  65.341 0.0000000000
54329  5.316  -32.456  65.420 0.0000000000
57852  4.674  -30.092  66.411 0.0000000000
55495  4.750  -31.668  65.480 0.0000000000
56666  4.654  -30.840  65.734 0.0000000000
56667  4.219  -31.193  65.412 0.0000000000
63903  -0.228  -24.213  55.359 0.0000000000
64812  -0.421  -23.254  55.430 0.0000000000
64826  -0.219  -24.392  54.333 0.0000000000
52432  -0.712  -36.054  56.414 0.0000000000
52421  -0.868  -36.256  57.375 0.0000000000
53346  0.601  -34.836  59.024 0.0000000000
53345  0.863  -34.605  58.632 0.0000000000
54400  1.173  -34.363  58.174 0.0000000000
61068  2.389  -28.542  60.974 0.0000000000
60108  2.526  -28.825  61.144 0.0000000000
61069  1.474  -28.641  60.841 0.0000000000
60116  1.362  -28.538  60.087 0.0000000000
59088  0.906  -28.774  59.374 0.0000000000
60122  1.083  -28.870  59.094 0.0000000000
49309  1.646  -37.320  61.302 0.0000000000
49327  1.847  -37.770  60.924 0.0000000000
49328  1.659  -37.372  60.379 0.0000000000
49349  1.316  -37.270  59.436 0.0000000000
51483  -0.600  -37.093  58.154 0.0000000000
50473  -0.514  -37.669  58.178 0.0000000000
51492  -0.851  -37.296  57.455 0.0000000000
50486  -0.744  -37.790  56.886 0.0000000000
54490  3.353  -34.352  53.775 0.0000000000
53453  3.076  -34.769  53.157 0.0000000000
54510  4.541  -34.099  52.692 0.0000000000
54509  5.246  -33.714  52.287 0.0000000000
54531  5.415  -33.899  51.446 0.0000000000
58101  4.796  -28.951  51.021 0.0000000000
58100  4.924  -29.090  50.763 0.0000000000
59236  6.319  -29.311  48.336 0.0000000000
58138  6.617  -30.042  47.186 0.0000000000
56998  6.250  -30.826  46.408 0.0000000000
58154  6.011  -29.699  46.939 0.0000000000
60250  4.945  -28.170  46.218 0.0000000000
59265  5.141  -28.952  45.980 0.0000000000
60264  4.715  -28.704  45.781 0.0000000000
60265  4.089  -28.357  45.554 0.0000000000
65904  2.800  -22.785  46.018 0.0000000000
64905  2.444  -23.647  45.611 0.0000000000
53318  2.103  -34.572  61.751 0.0000000000
56711  3.066  -32.345  63.457 0.0000000000
56710  3.104  -31.928  63.447 0.0000000000
56729  3.269  -31.808  62.769 0.0000000000
60094  4.080  -29.469  64.777 0.0000000000
61063  3.628  -28.387  61.975 0.0000000000
56708  10.312  -30.442  62.898 0.0000000000
55515  9.606  -30.894  62.777 0.0000000000
55526  9.119  -31.787  61.680 0.0000000000
55498  7.728  -30.898  64.584 0.0000000000
55504  7.877  -31.385  64.037 0.0000000000
53312  7.923  -33.468  62.927 0.0000000000
52366  7.956  -34.315  61.702 0.0000000000
52377  7.718  -34.745  61.439 0.0000000000
50417  6.753  -35.989  60.594 0.0000000000
50385  5.348  -35.822  62.101 0.0000000000
50398  4.850  -36.628  61.774 0.0000000000
49305  4.460  -37.511  61.543 0.0000000000
52345  4.738  -33.923  64.870 0.0000000000
52357  4.957  -34.467  64.247 0.0000000000
51389  4.514  -34.556  64.076 0.0000000000
51401  3.765  -35.123  63.225 0.0000000000
50388  3.095  -36.546  62.740 0.0000000000
50389  2.375  -36.456  62.543 0.0000000000
51417  1.886  -35.830  62.232 0.0000000000
52365  2.094  -35.352  61.965 0.0000000000
56855  2.419  -30.936  55.145 0.0000000000
58016  1.795  -29.513  54.256 0.0000000000
56879  1.898  -29.974  54.376 0.0000000000
56899  2.112  -29.520  53.707 0.0000000000
61105  0.448  -27.983  54.003 0.0000000000
60175  1.081  -28.190  53.340 0.0000000000
59162  2.019  -28.886  52.816 0.0000000000
59177  2.285  -28.602  52.161 0.0000000000
61133  2.099  -27.288  51.208 0.0000000000
61144  2.789  -27.261  50.855 0.0000000000
62100  2.409  -26.521  50.733 0.0000000000
62852  7.784  -26.954  65.203 0.0000000000
63779  8.011  -26.733  64.827 0.0000000000
63784  8.629  -26.422  64.637 0.0000000000
56742  14.544  -28.977  60.187 0.0000000000
56724  13.970  -28.793  61.061 0.0000000000
60069  15.010  -26.648  64.083 0.0000000000
60068  15.602  -26.443  63.675 0.0000000000
60093  16.405  -27.199  62.567 0.0000000000
59035  15.448  -27.305  63.122 0.0000000000
59053  14.759  -27.790  63.038 0.0000000000
57866  13.215  -28.144  63.766 0.0000000000
57899  13.005  -28.672  62.421 0.0000000000
57884  12.620  -28.554  63.290 0.0000000000
59025  12.024  -28.249  64.947 0.0000000000
57855  11.492  -28.679  64.630 0.0000000000
57845  11.440  -28.604  64.812 0.0000000000
57856  10.846  -29.152  64.503 0.0000000000
59013  11.321  -28.438  65.060 0.0000000000
61979  10.992  -26.812  65.970 0.0000000000
61018  10.129  -27.509  65.954 0.0000000000
60052  10.211  -28.013  65.612 0.0000000000
60053  9.267  -28.220  65.861 0.0000000000
62851  8.839  -26.518  65.325 0.0000000000
62845  8.823  -26.717  65.685 0.0000000000
62846  8.191  -26.964  65.499 0.0000000000
61988  7.696  -27.210  65.501 0.0000000000
45127  -0.208  -41.598  52.063 0.0000000000
47236  -0.289  -39.800  52.470 0.0000000000
50539  0.083  -37.574  53.332 0.0000000000
49481  0.148  -38.333  52.797 0.0000000000
51519  0.557  -37.394  53.407 0.0000000000
51530  0.834  -37.834  53.041 0.0000000000
52473  1.007  -36.817  53.796 0.0000000000
53403  -0.266  -35.268  56.151 0.0000000000
52445  -0.148  -36.066  55.459 0.0000000000
53420  1.210  -35.560  55.497 0.0000000000
53419  1.674  -35.230  55.074 0.0000000000
53436  1.882  -35.339  54.383 0.0000000000
53418  2.191  -34.862  54.747 0.0000000000
54470  2.784  -34.538  54.362 0.0000000000
54452  2.602  -34.272  55.334 0.0000000000
54432  4.446  -33.195  57.024 0.0000000000
55617  4.890  -32.614  56.269 0.0000000000
56829  4.995  -31.749  57.014 0.0000000000
54355  2.160  -33.722  61.779 0.0000000000
53331  1.543  -34.355  60.564 0.0000000000
55543  1.982  -33.258  61.367 0.0000000000
55558  2.368  -33.077  60.587 0.0000000000
55557  3.152  -32.709  60.725 0.0000000000
55570  2.884  -33.158  60.050 0.0000000000
55556  4.048  -31.864  60.667 0.0000000000
59075  2.710  -29.604  60.764 0.0000000000
59074  3.196  -29.815  60.966 0.0000000000
57915  3.044  -29.847  60.757 0.0000000000
57921  3.682  -30.328  60.175 0.0000000000
57920  4.247  -30.675  59.697 0.0000000000
56779  4.593  -31.198  59.647 0.0000000000
56792  4.818  -31.524  58.818 0.0000000000
57935  4.421  -30.835  58.986 0.0000000000
57951  4.004  -30.618  58.305 0.0000000000
57971  3.522  -30.754  57.547 0.0000000000
57987  4.032  -30.814  56.853 0.0000000000
57989  2.614  -31.006  56.741 0.0000000000
56812  1.854  -31.029  56.923 0.0000000000
57990  0.901  -30.612  56.606 0.0000000000
59110  1.125  -29.169  55.972 0.0000000000
60127  0.599  -29.001  57.668 0.0000000000
56761  10.996  -30.313  60.106 0.0000000000
48254  3.212  -38.221  59.053 0.0000000000
47145  3.643  -38.603  57.989 0.0000000000
48236  2.252  -38.260  59.536 0.0000000000
47132  2.362  -38.499  59.291 0.0000000000
47148  2.233  -38.763  58.651 0.0000000000
49525  1.857  -38.826  50.274 0.0000000000
48399  1.337  -39.446  50.538 0.0000000000
48414  2.008  -39.502  49.947 0.0000000000
48431  2.473  -39.135  49.775 0.0000000000
53512  3.608  -35.927  51.640 0.0000000000
52508  3.451  -36.291  51.442 0.0000000000
52521  3.732  -36.436  50.837 0.0000000000
50612  3.907  -37.647  48.929 0.0000000000
49536  3.433  -38.580  49.212 0.0000000000
48429  3.596  -39.399  48.920 0.0000000000
48428  4.572  -39.509  48.278 0.0000000000
49547  5.445  -38.525  47.487 0.0000000000
48427  5.187  -39.046  47.915 0.0000000000
49558  5.610  -38.663  46.734 0.0000000000
56913  6.178  -32.137  51.928 0.0000000000
55674  6.265  -32.743  51.452 0.0000000000
55688  6.782  -32.542  50.668 0.0000000000
58098  6.217  -29.527  50.293 0.0000000000
58077  6.445  -30.475  51.089 0.0000000000
58097  6.940  -30.328  50.249 0.0000000000
54591  7.175  -33.304  48.545 0.0000000000
54569  7.195  -32.824  49.272 0.0000000000
52532  6.262  -34.834  48.351 0.0000000000
52546  6.225  -35.350  47.743 0.0000000000
51606  6.020  -36.398  45.478 0.0000000000
51605  6.475  -36.424  46.182 0.0000000000
50634  5.698  -37.334  45.545 0.0000000000
49570  5.550  -38.358  45.776 0.0000000000
50635  4.785  -37.477  45.140 0.0000000000
50636  4.305  -38.036  45.084 0.0000000000
52569  3.143  -35.393  44.592 0.0000000000
57016  5.312  -31.416  45.342 0.0000000000
55744  5.122  -32.377  44.809 0.0000000000
55745  4.277  -32.241  44.547 0.0000000000
55761  2.779  -32.568  44.490 0.0000000000
54656  3.108  -33.508  44.579 0.0000000000
53600  1.909  -34.394  44.149 0.0000000000
66889  -0.056  -21.036  53.531 0.0000000000
64839  0.057  -23.055  53.003 0.0000000000
64849  0.778  -23.131  52.498 0.0000000000
64863  1.558  -23.193  50.749 0.0000000000
63944  1.332  -24.164  51.341 0.0000000000
63951  2.224  -24.806  50.164 0.0000000000
66948  2.275  -21.822  49.109 0.0000000000
66949  1.939  -21.128  49.459 0.0000000000
66940  1.497  -21.011  50.454 0.0000000000
65864  1.838  -22.222  49.944 0.0000000000
63969  3.045  -24.466  48.491 0.0000000000
63968  3.260  -25.045  48.406 0.0000000000
63043  3.226  -25.409  48.817 0.0000000000
63042  3.456  -25.467  48.359 0.0000000000
62132  4.186  -26.434  48.081 0.0000000000
62143  2.859  -26.205  45.795 0.0000000000
61200  2.841  -26.901  45.525 0.0000000000
61214  2.307  -27.460  45.029 0.0000000000
63995  1.881  -24.786  45.200 0.0000000000
60064  4.604  -29.135  66.634 0.0000000000
61030  4.578  -28.840  66.222 0.0000000000
61992  5.020  -28.306  66.056 0.0000000000
62855  5.261  -27.651  65.290 0.0000000000
60055  7.304  -28.674  66.397 0.0000000000
57840  6.978  -29.594  66.210 0.0000000000
60056  6.385  -28.894  66.853 0.0000000000
59007  5.844  -29.400  67.266 0.0000000000
56657  5.543  -30.047  66.818 0.0000000000
56658  5.205  -30.205  66.619 0.0000000000
57843  5.253  -29.720  67.447 0.0000000000
60063  4.543  -28.898  67.347 0.0000000000
51482  -0.520  -36.537  58.306 0.0000000000
52413  -0.525  -35.963  58.143 0.0000000000
52403  -0.005  -35.573  58.791 0.0000000000
54369  1.121  -34.601  59.465 0.0000000000
50403  1.574  -36.633  61.436 0.0000000000
50420  1.479  -37.026  60.682 0.0000000000
50421  1.399  -36.763  60.237 0.0000000000
49367  -0.042  -37.607  58.538 0.0000000000
50457  0.038  -37.268  58.714 0.0000000000
55644  4.758  -33.166  54.602 0.0000000000
54489  4.308  -33.739  53.849 0.0000000000
55643  5.088  -32.880  53.918 0.0000000000
56894  5.378  -32.052  53.655 0.0000000000
59207  4.499  -28.204  50.526 0.0000000000
59206  5.049  -28.468  50.190 0.0000000000
59222  5.077  -27.933  49.341 0.0000000000
59237  5.865  -28.597  47.855 0.0000000000
61186  4.951  -27.322  47.338 0.0000000000
54350  2.792  -33.534  62.634 0.0000000000
55511  3.050  -32.836  63.366 0.0000000000
56691  3.084  -31.811  63.959 0.0000000000
62017  4.327  -28.081  64.144 0.0000000000
62023  4.482  -27.336  63.113 0.0000000000
62024  4.284  -27.900  63.139 0.0000000000
62027  4.415  -27.222  62.177 0.0000000000
56675  10.492  -29.742  64.201 0.0000000000
56689  10.100  -30.426  63.615 0.0000000000
56690  9.350  -30.848  63.401 0.0000000000
55509  8.697  -31.133  63.525 0.0000000000
55505  6.855  -32.035  64.472 0.0000000000
54340  7.212  -32.677  63.907 0.0000000000
53299  7.139  -33.134  63.806 0.0000000000
53313  7.482  -33.943  62.911 0.0000000000
51412  5.019  -35.208  62.744 0.0000000000
53298  4.374  -33.431  65.200 0.0000000000
52350  4.438  -34.127  64.522 0.0000000000
52351  3.908  -34.370  63.800 0.0000000000
51402  3.282  -35.273  62.882 0.0000000000
51416  2.540  -35.683  62.520 0.0000000000
52359  3.303  -34.706  63.015 0.0000000000
53314  3.000  -34.175  62.766 0.0000000000
56857  1.508  -29.940  55.324 0.0000000000
58017  1.600  -29.211  54.572 0.0000000000
58028  1.771  -29.088  53.806 0.0000000000
63006  -0.066  -26.323  53.645 0.0000000000
62080  0.288  -27.290  53.476 0.0000000000
62087  0.767  -27.365  52.969 0.0000000000
61121  1.143  -27.607  52.681 0.0000000000
60188  1.945  -28.054  51.722 0.0000000000
62085  1.188  -26.074  51.821 0.0000000000
57897  15.332  -28.326  61.850 0.0000000000
59022  14.339  -27.272  64.326 0.0000000000
57867  12.328  -28.439  64.066 0.0000000000
59011  12.560  -27.794  65.199 0.0000000000
60061  12.315  -27.602  65.519 0.0000000000
62844  9.841  -26.367  65.696 0.0000000000
48357  -0.290  -38.909  53.202 0.0000000000
54419  0.912  -34.539  57.469 0.0000000000
53402  0.538  -34.924  55.962 0.0000000000
53382  1.072  -34.641  56.627 0.0000000000
54435  1.830  -34.350  56.104 0.0000000000
54434  2.639  -33.866  56.429 0.0000000000
55592  4.981  -32.309  58.057 0.0000000000
55528  2.603  -32.717  62.224 0.0000000000
55542  2.299  -32.944  61.283 0.0000000000
57923  1.509  -30.054  60.133 0.0000000000
57937  2.763  -30.353  59.314 0.0000000000
57973  1.312  -30.916  57.392 0.0000000000
55554  9.541  -32.060  60.346 0.0000000000
54377  9.324  -32.948  59.206 0.0000000000
48213  4.386  -37.865  60.172 0.0000000000
48233  3.815  -38.002  59.639 0.0000000000
47130  3.226  -38.509  58.782 0.0000000000
50571  1.073  -38.562  51.846 0.0000000000
50570  1.175  -38.531  51.290 0.0000000000
51555  1.758  -37.860  50.861 0.0000000000
51567  2.395  -37.634  50.626 0.0000000000
53533  4.475  -35.667  50.807 0.0000000000
52535  4.303  -36.533  49.774 0.0000000000
50611  4.636  -37.430  48.342 0.0000000000
50624  4.948  -36.770  48.120 0.0000000000
50623  5.441  -37.386  47.610 0.0000000000
56932  5.730  -30.880  52.019 0.0000000000
58058  6.129  -30.770  51.645 0.0000000000
56985  7.391  -30.807  48.729 0.0000000000
56972  7.347  -30.720  49.607 0.0000000000
55710  7.455  -32.001  48.122 0.0000000000
55711  7.373  -32.763  47.756 0.0000000000
53580  7.183  -34.409  46.935 0.0000000000
53579  7.375  -34.233  46.676 0.0000000000
53590  7.093  -34.726  46.058 0.0000000000
52563  5.887  -35.375  45.109 0.0000000000
51611  5.442  -36.047  44.949 0.0000000000
52567  5.028  -35.312  44.681 0.0000000000
53597  4.490  -34.407  44.651 0.0000000000
57031  3.898  -31.996  44.511 0.0000000000
57032  3.392  -31.716  44.474 0.0000000000
55762  1.998  -32.473  44.244 0.0000000000
66911  0.610  -21.323  52.623 0.0000000000
66957  2.398  -21.842  48.375 0.0000000000
65873  2.423  -22.457  48.815 0.0000000000
63049  3.476  -25.344  47.547 0.0000000000
63067  2.360  -25.750  45.508 0.0000000000
55502  3.824  -32.314  64.784 0.0000000000
56678  3.373  -31.895  64.480 0.0000000000
57859  3.950  -30.700  65.427 0.0000000000
60083  4.160  -29.391  65.484 0.0000000000
61051  4.217  -28.941  64.946 0.0000000000
62009  4.552  -27.800  64.698 0.0000000000
57848  8.960  -29.737  65.037 0.0000000000
56660  8.332  -30.081  65.111 0.0000000000
56661  7.725  -30.257  65.225 0.0000000000
57851  6.568  -30.024  66.047 0.0000000000
56662  6.704  -30.613  65.413 0.0000000000
56672  6.811  -31.053  64.974 0.0000000000
55506  6.414  -32.307  64.734 0.0000000000
54342  6.130  -32.920  64.788 0.0000000000
53301  6.077  -33.416  64.569 0.0000000000
52347  5.639  -34.031  64.197 0.0000000000
53302  5.400  -33.802  64.761 0.0000000000
53296  5.101  -33.627  65.171 0.0000000000
53297  4.555  -33.582  65.227 0.0000000000
56665  5.056  -30.805  65.830 0.0000000000
54330  4.832  -32.468  65.465 0.0000000000
54337  4.467  -33.034  65.466 0.0000000000
54338  4.208  -32.806  65.142 0.0000000000
55497  4.108  -31.979  65.150 0.0000000000
61095  0.648  -27.733  55.902 0.0000000000
62068  0.226  -26.890  55.338 0.0000000000
62999  -0.025  -25.792  54.625 0.0000000000
64813  -0.275  -23.916  56.255 0.0000000000
62998  -0.033  -25.023  54.714 0.0000000000
63919  -0.135  -24.888  54.327 0.0000000000
64841  -0.244  -24.466  53.881 0.0000000000
50500  -0.629  -37.657  55.934 0.0000000000
54399  1.972  -33.869  58.342 0.0000000000
59076  2.135  -29.158  60.883 0.0000000000
60112  1.412  -28.484  60.479 0.0000000000
59077  1.554  -28.867  60.529 0.0000000000
59083  0.950  -29.244  60.467 0.0000000000
57925  0.456  -29.571  60.092 0.0000000000
59084  0.166  -29.307  59.941 0.0000000000
59089  -0.176  -29.457  59.157 0.0000000000
49326  2.305  -38.102  61.142 0.0000000000
48217  2.187  -37.921  60.348 0.0000000000
48237  1.937  -37.759  59.588 0.0000000000
49348  1.645  -37.418  59.660 0.0000000000
48238  1.566  -37.582  59.278 0.0000000000
48256  1.943  -38.268  58.873 0.0000000000
47150  1.659  -38.477  58.333 0.0000000000
48286  0.147  -39.053  56.988 0.0000000000
49383  -0.193  -37.870  58.336 0.0000000000
49397  -0.459  -38.112  57.950 0.0000000000
49396  -0.396  -38.449  57.155 0.0000000000
53474  2.467  -35.615  53.136 0.0000000000
53495  2.916  -35.839  52.552 0.0000000000
53473  2.896  -35.241  52.794 0.0000000000
53494  3.327  -35.514  52.284 0.0000000000
53493  3.772  -35.259  51.927 0.0000000000
53471  4.078  -34.727  52.238 0.0000000000
53492  4.250  -34.988  51.638 0.0000000000
53510  4.647  -35.008  51.069 0.0000000000
54572  5.443  -34.415  50.495 0.0000000000
56955  3.999  -29.749  51.598 0.0000000000
58079  5.000  -29.385  51.040 0.0000000000
58099  5.339  -29.121  50.669 0.0000000000
58120  6.381  -29.466  49.722 0.0000000000
59205  5.469  -28.861  50.175 0.0000000000
59220  6.154  -29.276  49.487 0.0000000000
59219  6.456  -29.527  49.266 0.0000000000
56996  7.248  -30.866  47.673 0.0000000000
57009  6.722  -31.719  46.397 0.0000000000
57010  6.143  -31.316  46.017 0.0000000000
58168  5.525  -30.825  45.720 0.0000000000
59251  5.675  -29.034  46.703 0.0000000000
58156  5.092  -29.903  45.881 0.0000000000
58169  4.774  -30.377  45.425 0.0000000000
53322  1.606  -34.858  60.555 0.0000000000
52378  1.777  -35.097  60.867 0.0000000000
54354  2.506  -33.357  62.330 0.0000000000
57886  3.325  -31.235  64.343 0.0000000000
60099  4.149  -29.390  63.842 0.0000000000
60104  3.278  -28.912  61.620 0.0000000000
61064  2.970  -28.636  61.357 0.0000000000
62032  3.541  -27.358  61.368 0.0000000000
56726  11.551  -29.601  61.692 0.0000000000
55538  9.771  -31.014  61.364 0.0000000000
55525  9.645  -30.932  62.267 0.0000000000
55539  9.375  -31.943  60.810 0.0000000000
53330  8.737  -33.417  60.432 0.0000000000
56677  8.561  -30.711  64.181 0.0000000000
55503  8.602  -30.863  63.949 0.0000000000
55517  8.465  -32.043  62.751 0.0000000000
54339  7.734  -32.420  63.588 0.0000000000
54348  8.590  -32.274  62.374 0.0000000000
53316  8.562  -33.242  61.802 0.0000000000
53319  8.579  -33.405  61.346 0.0000000000
52375  8.431  -34.046  60.719 0.0000000000
51442  7.351  -35.265  61.158 0.0000000000
49322  5.359  -37.143  60.655 0.0000000000
49323  4.673  -37.814  60.814 0.0000000000
49306  3.633  -37.766  61.785 0.0000000000
52356  5.276  -34.380  63.915 0.0000000000
51399  4.735  -34.670  63.725 0.0000000000
51413  4.265  -35.516  62.979 0.0000000000
51400  4.175  -34.987  63.419 0.0000000000
50387  3.853  -36.456  62.726 0.0000000000
50400  3.329  -37.206  62.357 0.0000000000
49307  2.763  -37.831  61.868 0.0000000000
50390  1.806  -36.287  62.260 0.0000000000
51427  1.696  -36.126  61.234 0.0000000000
52369  1.724  -35.859  60.867 0.0000000000
56877  3.156  -30.897  54.245 0.0000000000
56897  3.154  -30.399  53.485 0.0000000000
56917  3.292  -29.883  52.889 0.0000000000
56935  3.589  -29.622  52.293 0.0000000000
60151  1.000  -28.455  54.448 0.0000000000
59151  1.355  -28.708  53.987 0.0000000000
61112  0.764  -27.899  53.384 0.0000000000
59164  1.330  -28.541  53.528 0.0000000000
58044  1.887  -29.091  53.511 0.0000000000
56919  2.239  -29.328  53.323 0.0000000000
56956  3.766  -29.315  51.886 0.0000000000
58082  3.945  -28.738  51.847 0.0000000000
58083  3.562  -28.518  51.546 0.0000000000
60201  2.975  -28.006  51.038 0.0000000000
59209  3.774  -27.922  50.967 0.0000000000
60216  3.687  -27.593  50.615 0.0000000000
61160  3.271  -27.249  50.590 0.0000000000
62853  6.586  -27.247  65.256 0.0000000000
62859  7.046  -26.960  64.789 0.0000000000
63785  7.641  -26.720  64.536 0.0000000000
56725  12.758  -29.165  61.382 0.0000000000
57898  14.191  -28.463  62.094 0.0000000000
56687  11.952  -29.099  62.926 0.0000000000
57868  11.601  -28.752  64.306 0.0000000000
56674  11.194  -29.266  64.079 0.0000000000
57847  9.877  -29.281  64.675 0.0000000000
60049  12.574  -27.161  65.798 0.0000000000
60050  11.775  -27.595  65.637 0.0000000000
61017  11.195  -27.390  65.856 0.0000000000
59001  11.135  -28.159  65.309 0.0000000000
59014  10.525  -28.720  64.939 0.0000000000
59002  10.309  -28.408  65.249 0.0000000000
59015  9.607  -29.027  65.036 0.0000000000
59016  8.717  -29.308  65.416 0.0000000000
59004  8.477  -28.880  65.773 0.0000000000
60054  8.272  -28.427  66.070 0.0000000000
61981  8.895  -27.108  66.034 0.0000000000
61020  8.034  -27.933  66.085 0.0000000000
48370  0.031  -39.065  52.246 0.0000000000
49500  0.528  -38.836  51.939 0.0000000000
51543  1.098  -38.072  52.695 0.0000000000
52501  1.311  -37.703  52.750 0.0000000000
51506  -0.141  -36.755  54.702 0.0000000000
52459  0.822  -36.446  54.692 0.0000000000
53438  1.179  -36.173  55.243 0.0000000000
52458  1.311  -36.179  54.430 0.0000000000
52472  1.496  -36.027  53.973 0.0000000000
52471  1.850  -35.813  53.760 0.0000000000
52486  1.992  -35.952  53.473 0.0000000000
53454  2.538  -35.088  53.384 0.0000000000
54451  3.442  -33.638  55.690 0.0000000000
55629  4.806  -32.987  55.373 0.0000000000
54368  1.394  -34.024  60.045 0.0000000000
54367  1.956  -33.441  60.396 0.0000000000
54379  3.335  -33.247  59.308 0.0000000000
56763  4.058  -30.939  61.024 0.0000000000
55580  4.128  -32.857  59.097 0.0000000000
55579  4.630  -32.461  58.749 0.0000000000
55578  4.901  -32.255  58.370 0.0000000000
56810  4.979  -31.522  57.933 0.0000000000
57969  4.774  -31.181  57.543 0.0000000000
57986  4.631  -31.067  57.034 0.0000000000
56831  3.690  -31.037  56.086 0.0000000000
56832  2.711  -31.038  56.109 0.0000000000
56834  1.236  -30.390  55.886 0.0000000000
62860  6.063  -26.971  64.912 0.0000000000
55577  10.646  -31.234  58.438 0.0000000000
54394  9.805  -32.383  58.669 0.0000000000
48235  2.629  -38.390  59.773 0.0000000000
47165  2.377  -39.422  57.681 0.0000000000
52509  2.920  -36.466  51.838 0.0000000000
52522  2.783  -37.089  51.055 0.0000000000
51582  2.883  -37.668  50.295 0.0000000000
52536  3.652  -37.012  50.071 0.0000000000
51581  3.284  -37.570  49.992 0.0000000000
49537  2.871  -38.736  49.737 0.0000000000
48430  2.734  -39.466  49.502 0.0000000000
47292  3.021  -40.139  49.141 0.0000000000
47324  4.814  -40.264  45.790 0.0000000000
56914  5.755  -31.705  52.548 0.0000000000
55675  5.793  -33.235  51.892 0.0000000000
54530  5.892  -33.501  51.233 0.0000000000
54550  5.632  -33.993  50.791 0.0000000000
54571  5.822  -34.178  50.245 0.0000000000
56953  7.004  -31.422  50.840 0.0000000000
55699  7.456  -31.850  49.363 0.0000000000
55687  7.289  -31.968  50.247 0.0000000000
54570  6.604  -33.623  49.740 0.0000000000
53530  6.317  -34.210  49.503 0.0000000000
53553  5.526  -34.983  49.373 0.0000000000
52533  5.704  -35.239  48.634 0.0000000000
50622  5.916  -37.003  47.197 0.0000000000
51602  6.355  -36.417  46.694 0.0000000000
49557  5.962  -37.869  46.339 0.0000000000
48463  5.123  -39.047  45.693 0.0000000000
48464  4.689  -39.537  45.495 0.0000000000
48465  3.843  -39.546  44.839 0.0000000000
49572  4.064  -38.621  45.005 0.0000000000
49583  3.164  -38.545  44.645 0.0000000000
54654  4.950  -33.470  44.679 0.0000000000
53598  3.542  -34.433  44.615 0.0000000000
54655  4.000  -33.543  44.571 0.0000000000
52570  2.327  -35.433  44.354 0.0000000000
65778  -0.459  -22.238  55.654 0.0000000000
65803  -0.420  -22.445  54.495 0.0000000000
64840  -0.196  -23.821  53.437 0.0000000000
65802  -0.309  -21.546  54.075 0.0000000000
63012  0.894  -25.053  51.800 0.0000000000
63019  1.482  -25.251  51.173 0.0000000000
62109  3.301  -26.285  49.401 0.0000000000
64868  2.192  -23.072  49.456 0.0000000000
63033  2.901  -25.252  49.432 0.0000000000
62108  3.552  -26.599  49.100 0.0000000000
62120  4.093  -26.586  48.424 0.0000000000
61187  4.347  -26.707  47.316 0.0000000000
61198  4.466  -27.381  46.491 0.0000000000
61188  3.850  -26.351  46.760 0.0000000000
61199  3.624  -26.815  46.162 0.0000000000
61212  3.934  -27.572  45.887 0.0000000000
60266  3.070  -28.423  45.142 0.0000000000
59268  2.996  -29.106  44.733 0.0000000000
63987  2.319  -24.685  45.678 0.0000000000
63059  2.197  -25.224  45.480 0.0000000000
59283  2.486  -29.562  44.382 0.0000000000
48401  0.405  -39.279  51.382 0.0000000000
49498  1.055  -38.726  50.747 0.0000000000
49499  0.924  -38.743  51.341 0.0000000000
49515  0.455  -39.065  51.571 0.0000000000
49534  5.037  -38.467  48.079 0.0000000000
49569  5.948  -37.727  45.873 0.0000000000
50391  1.588  -36.140  62.113 0.0000000000
50554  1.256  -38.364  51.377 0.0000000000
50555  1.191  -38.467  51.584 0.0000000000
50572  0.757  -38.339  52.582 0.0000000000
50586  1.392  -38.343  50.930 0.0000000000
50599  1.850  -38.258  50.571 0.0000000000
50614  2.667  -38.234  50.170 0.0000000000
50627  6.138  -37.121  46.786 0.0000000000
51410  6.753  -34.881  62.333 0.0000000000
51474  -0.227  -37.099  58.529 0.0000000000
51528  1.323  -38.269  51.551 0.0000000000
51529  1.342  -38.193  52.134 0.0000000000
51541  1.466  -38.086  51.291 0.0000000000
51568  1.998  -37.562  50.879 0.0000000000
52349  4.776  -34.562  64.564 0.0000000000
52355  5.888  -34.420  63.416 0.0000000000
52358  3.611  -34.878  63.208 0.0000000000
52422  -0.878  -36.827  57.579 0.0000000000
52488  1.230  -37.293  53.208 0.0000000000
52547  5.622  -35.668  48.180 0.0000000000
52562  6.543  -35.540  45.739 0.0000000000
53295  5.624  -33.356  65.049 0.0000000000
53300  6.820  -33.200  64.009 0.0000000000
53303  5.057  -34.174  64.921 0.0000000000
53304  4.150  -33.948  65.260 0.0000000000
53308  7.395  -33.373  63.494 0.0000000000
53455  2.016  -35.522  53.771 0.0000000000
53456  1.718  -35.673  54.177 0.0000000000
53472  3.415  -34.951  52.513 0.0000000000
53511  4.150  -35.478  51.388 0.0000000000
53531  5.984  -34.459  49.684 0.0000000000
53532  5.224  -35.058  50.131 0.0000000000
53589  7.328  -34.347  46.442 0.0000000000
54331  4.463  -32.402  65.393 0.0000000000
54332  4.277  -32.277  65.281 0.0000000000
54333  6.177  -32.547  64.845 0.0000000000
54334  5.865  -32.828  65.082 0.0000000000
54345  7.903  -32.945  63.294 0.0000000000
54346  7.611  -32.916  63.614 0.0000000000
54349  8.386  -32.639  62.603 0.0000000000
54353  8.517  -32.995  62.229 0.0000000000
54359  1.992  -33.195  60.848 0.0000000000
54365  9.625  -32.114  60.114 0.0000000000
54378  3.855  -33.005  59.204 0.0000000000
54382  0.990  -34.699  59.208 0.0000000000
54396  4.521  -32.878  58.361 0.0000000000
54622  7.402  -33.958  46.365 0.0000000000
54639  7.313  -34.237  46.086 0.0000000000
55493  5.716  -31.620  65.459 0.0000000000
55494  5.198  -31.629  65.512 0.0000000000
55555  4.440  -31.493  60.122 0.0000000000
55593  4.761  -32.673  58.106 0.0000000000
55604  5.072  -32.214  57.666 0.0000000000
55605  4.939  -32.521  57.434 0.0000000000
55628  5.099  -32.694  54.838 0.0000000000
55734  6.600  -32.223  46.107 0.0000000000
56656  6.115  -30.017  66.854 0.0000000000
56659  4.901  -30.349  66.364 0.0000000000
56671  7.420  -30.707  64.927 0.0000000000
56791  5.013  -32.000  58.303 0.0000000000
56809  5.120  -31.961  57.737 0.0000000000
56811  2.219  -31.046  56.676 0.0000000000
56851  5.173  -32.330  55.107 0.0000000000
56933  5.256  -30.490  51.963 0.0000000000
56936  3.591  -29.386  52.190 0.0000000000
56952  7.330  -31.158  50.210 0.0000000000
56954  3.815  -29.767  51.810 0.0000000000
57018  3.616  -31.068  44.608 0.0000000000
57842  5.724  -29.866  67.481 0.0000000000
57857  10.148  -29.442  64.489 0.0000000000
58042  4.265  -29.963  52.134 0.0000000000
58043  2.311  -29.211  53.019 0.0000000000
58045  1.580  -28.815  53.692 0.0000000000
58063  3.274  -28.868  52.031 0.0000000000
58080  4.469  -29.420  51.431 0.0000000000
58103  3.983  -28.574  51.421 0.0000000000
58104  3.639  -28.321  51.362 0.0000000000
58137  7.016  -29.923  48.340 0.0000000000
58139  6.346  -30.576  46.641 0.0000000000
59006  6.700  -29.280  66.676 0.0000000000
59009  4.621  -29.455  67.840 0.0000000000
59012  11.948  -28.108  65.186 0.0000000000
59017  4.802  -29.433  66.980 0.0000000000
59039  3.857  -30.120  65.204 0.0000000000
59081  2.052  -29.799  60.430 0.0000000000
59092  1.086  -28.776  59.332 0.0000000000
59093  0.861  -28.816  59.158 0.0000000000
59125  1.156  -28.710  55.187 0.0000000000
59138  1.261  -28.752  54.793 0.0000000000
59176  2.216  -28.499  51.971 0.0000000000
59178  2.904  -28.728  52.039 0.0000000000
59191  2.440  -28.575  51.949 0.0000000000
59193  3.165  -28.418  51.576 0.0000000000
59208  4.121  -28.047  50.816 0.0000000000
59210  3.386  -28.140  51.286 0.0000000000
59252  5.275  -29.522  46.084 0.0000000000
60057  5.477  -29.045  67.322 0.0000000000
60113  1.231  -28.663  60.563 0.0000000000
60150  1.113  -28.578  54.780 0.0000000000
60174  1.256  -28.196  53.052 0.0000000000
60187  2.303  -28.371  51.810 0.0000000000
60199  2.519  -28.373  51.718 0.0000000000
60200  2.714  -28.017  51.350 0.0000000000
60218  3.134  -27.923  51.179 0.0000000000
61023  5.276  -28.600  67.014 0.0000000000
61024  4.832  -28.570  67.219 0.0000000000
61029  4.820  -28.606  66.547 0.0000000000
61035  15.789  -26.146  63.723 0.0000000000
61038  4.767  -28.536  65.986 0.0000000000
61056  4.249  -28.744  64.400 0.0000000000
61075  1.673  -28.576  60.811 0.0000000000
61157  4.039  -27.148  49.126 0.0000000000
61174  3.902  -26.924  48.917 0.0000000000
61197  5.046  -27.602  46.753 0.0000000000
61997  4.771  -28.122  65.398 0.0000000000
62121  3.769  -26.326  48.559 0.0000000000
63024  2.484  -25.159  49.998 0.0000000000
63057  3.369  -25.511  46.762 0.0000000000
63960  2.082  -23.714  49.893 0.0000000000
