#!ascii label  , from subject bert vox2ras=TkReg
1104
54687  27.486  -32.675  42.903 0.0000000000
77542  35.907  -10.767  28.798 0.0000000000
67122  29.633  -22.206  35.242 0.0000000000
51553  10.082  -36.940  50.418 0.0000000000
62117  22.632  -26.493  48.094 0.0000000000
72399  29.785  -16.704  34.667 0.0000000000
53565  16.977  -34.387  47.623 0.0000000000
51549  14.043  -37.142  49.744 0.0000000000
55731  19.582  -32.769  46.645 0.0000000000
76486  39.764  -13.024  28.203 0.0000000000
60309  28.173  -28.797  42.300 0.0000000000
62218  29.609  -26.835  38.867 0.0000000000
57042  32.428  -31.250  43.441 0.0000000000
81451  38.640  -7.496  27.430 0.0000000000
78569  42.250  -10.028  25.430 0.0000000000
79530  32.557  -10.026  32.011 0.0000000000
73431  36.220  -15.234  31.387 0.0000000000
73435  32.605  -15.758  32.280 0.0000000000
68206  33.799  -20.691  33.152 0.0000000000
54601  25.364  -33.713  47.123 0.0000000000
46124  9.617  -41.863  53.589 0.0000000000
45097  5.760  -42.394  52.833 0.0000000000
46100  2.700  -40.668  55.561 0.0000000000
59293  24.551  -29.594  44.171 0.0000000000
58149  22.229  -30.626  46.483 0.0000000000
65952  25.848  -21.902  39.425 0.0000000000
65950  32.069  -23.501  40.088 0.0000000000
82397  43.913  -6.341  23.325 0.0000000000
77540  37.551  -11.681  28.263 0.0000000000
75392  37.472  -13.291  29.955 0.0000000000
58213  28.309  -30.508  42.383 0.0000000000
58228  30.564  -30.550  41.014 0.0000000000
55775  30.308  -32.545  43.258 0.0000000000
81438  36.088  -7.278  30.011 0.0000000000
82366  38.890  -5.933  30.427 0.0000000000
80531  37.292  -8.801  27.825 0.0000000000
78557  38.778  -10.392  27.189 0.0000000000
41991  3.074  -45.636  55.675 0.0000000000
76444  32.242  -12.960  31.612 0.0000000000
75346  31.165  -13.926  33.628 0.0000000000
69351  28.715  -18.979  34.573 0.0000000000
69367  31.037  -19.413  32.948 0.0000000000
67138  31.521  -22.242  34.369 0.0000000000
67099  32.431  -22.756  36.639 0.0000000000
50597  12.222  -37.447  49.651 0.0000000000
50551  13.939  -38.394  51.685 0.0000000000
48379  12.256  -39.383  51.001 0.0000000000
47214  11.412  -40.107  54.108 0.0000000000
47261  9.883  -39.838  51.071 0.0000000000
47225  6.569  -40.083  52.910 0.0000000000
46119  4.067  -41.109  53.914 0.0000000000
61207  24.098  -27.764  45.977 0.0000000000
58184  22.912  -30.362  44.844 0.0000000000
60262  21.531  -28.488  45.362 0.0000000000
52540  20.242  -35.706  47.292 0.0000000000
53544  21.158  -34.415  48.413 0.0000000000
62188  32.062  -26.829  41.628 0.0000000000
64042  30.719  -25.254  39.852 0.0000000000
74370  31.737  -14.301  35.308 0.0000000000
71367  29.232  -16.411  36.930 0.0000000000
70300  27.709  -17.898  36.658 0.0000000000
50619  18.056  -37.494  47.617 0.0000000000
50579  16.211  -38.303  50.111 0.0000000000
51575  15.220  -36.470  48.105 0.0000000000
52531  13.021  -35.035  48.715 0.0000000000
53509  11.171  -34.252  50.094 0.0000000000
60249  19.774  -28.542  46.750 0.0000000000
59218  18.677  -29.567  48.404 0.0000000000
54620  18.402  -33.777  46.604 0.0000000000
63087  27.058  -26.346  43.616 0.0000000000
62191  26.614  -26.215  41.528 0.0000000000
60320  28.177  -27.930  40.669 0.0000000000
59312  31.924  -29.106  41.302 0.0000000000
82391  41.560  -6.135  25.652 0.0000000000
80533  40.305  -8.416  26.080 0.0000000000
77571  41.432  -11.444  26.267 0.0000000000
79540  34.082  -9.290  30.347 0.0000000000
76460  35.825  -12.941  29.808 0.0000000000
76462  33.820  -12.769  30.496 0.0000000000
73433  34.293  -15.325  31.657 0.0000000000
71437  34.480  -17.715  32.374 0.0000000000
72408  30.728  -16.452  33.368 0.0000000000
70368  32.611  -18.134  32.469 0.0000000000
54652  26.767  -33.445  44.497 0.0000000000
54631  29.323  -33.693  45.608 0.0000000000
81427  35.220  -7.351  32.092 0.0000000000
50553  9.145  -37.400  52.220 0.0000000000
48382  8.378  -39.729  51.796 0.0000000000
45113  7.851  -42.483  52.773 0.0000000000
44077  7.597  -43.934  55.471 0.0000000000
43056  5.816  -44.746  55.013 0.0000000000
44067  3.068  -43.679  54.482 0.0000000000
44055  1.854  -42.471  54.988 0.0000000000
45057  0.730  -41.995  55.358 0.0000000000
55799  25.981  -31.539  43.112 0.0000000000
55757  24.630  -31.886  44.349 0.0000000000
57003  24.289  -32.270  46.955 0.0000000000
57005  20.729  -31.085  46.553 0.0000000000
67083  26.980  -21.697  36.829 0.0000000000
63134  26.446  -24.708  39.321 0.0000000000
64980  28.318  -24.005  37.765 0.0000000000
65992  30.425  -23.259  36.873 0.0000000000
54628  31.872  -33.029  45.773 0.0000000000
80553  46.171  -7.934  22.254 0.0000000000
80540  43.072  -8.028  24.157 0.0000000000
79575  45.242  -8.963  23.335 0.0000000000
77541  36.530  -11.448  28.684 0.0000000000
76475  37.640  -12.856  29.354 0.0000000000
76489  36.590  -12.122  29.032 0.0000000000
57060  27.784  -31.406  42.549 0.0000000000
57058  29.564  -31.727  42.078 0.0000000000
54685  28.853  -33.033  43.161 0.0000000000
79549  35.735  -9.092  28.856 0.0000000000
80513  36.447  -7.809  28.931 0.0000000000
79548  36.437  -9.163  28.369 0.0000000000
78559  37.124  -10.109  27.948 0.0000000000
41992  2.141  -45.581  55.473 0.0000000000
77467  31.900  -11.838  34.067 0.0000000000
76416  32.178  -12.722  35.013 0.0000000000
67141  28.753  -20.371  34.661 0.0000000000
68191  29.914  -20.635  33.823 0.0000000000
67121  30.744  -22.464  34.798 0.0000000000
66025  31.423  -22.669  35.168 0.0000000000
66026  30.558  -22.765  35.524 0.0000000000
50583  11.647  -37.773  49.828 0.0000000000
49509  12.176  -38.707  50.305 0.0000000000
49510  11.247  -38.508  50.198 0.0000000000
48380  11.487  -39.729  50.939 0.0000000000
49511  10.366  -38.462  50.395 0.0000000000
62139  23.243  -26.775  47.116 0.0000000000
61209  22.692  -27.316  45.426 0.0000000000
62141  21.959  -26.852  46.246 0.0000000000
50604  20.018  -37.481  49.155 0.0000000000
64929  26.361  -23.143  43.065 0.0000000000
63086  32.593  -25.799  42.438 0.0000000000
70311  28.558  -17.044  36.565 0.0000000000
70284  28.151  -17.005  37.499 0.0000000000
51589  17.070  -36.153  46.993 0.0000000000
50621  16.428  -36.755  47.434 0.0000000000
52544  15.835  -35.500  47.592 0.0000000000
54588  13.998  -33.525  48.236 0.0000000000
54567  12.690  -33.371  49.094 0.0000000000
53529  11.863  -34.247  49.400 0.0000000000
60213  19.149  -28.060  49.598 0.0000000000
54583  18.119  -33.452  48.412 0.0000000000
55721  18.483  -32.814  47.624 0.0000000000
53577  17.612  -34.375  46.960 0.0000000000
51600  17.987  -35.944  46.624 0.0000000000
61251  27.667  -27.437  41.852 0.0000000000
61250  27.993  -28.026  42.031 0.0000000000
57074  31.320  -31.064  41.847 0.0000000000
59314  30.739  -30.089  40.712 0.0000000000
58211  32.160  -30.209  42.171 0.0000000000
59290  32.806  -29.392  43.422 0.0000000000
58178  32.913  -30.398  43.872 0.0000000000
82375  38.346  -6.414  28.808 0.0000000000
81455  40.435  -7.365  26.103 0.0000000000
81456  39.728  -7.686  26.539 0.0000000000
77557  39.242  -11.505  27.169 0.0000000000
77572  40.252  -11.229  26.586 0.0000000000
77556  40.065  -12.081  27.097 0.0000000000
79532  33.226  -9.549  31.461 0.0000000000
77512  33.890  -11.686  30.176 0.0000000000
78528  33.208  -11.280  30.696 0.0000000000
75367  31.988  -14.404  32.109 0.0000000000
75365  33.165  -14.102  31.419 0.0000000000
73434  33.453  -15.406  31.951 0.0000000000
72434  34.104  -15.965  32.044 0.0000000000
72419  33.845  -16.769  32.195 0.0000000000
73390  30.852  -15.324  35.319 0.0000000000
74392  30.958  -14.778  33.974 0.0000000000
72398  30.239  -16.324  34.048 0.0000000000
69366  32.119  -19.757  32.743 0.0000000000
70360  31.863  -18.736  32.652 0.0000000000
69365  33.226  -19.898  32.728 0.0000000000
70358  33.817  -19.067  32.591 0.0000000000
54615  26.465  -33.805  45.854 0.0000000000
53584  27.600  -33.927  45.998 0.0000000000
80491  33.952  -8.634  33.625 0.0000000000
80497  33.552  -8.678  32.450 0.0000000000
80511  34.423  -8.364  30.708 0.0000000000
50580  15.392  -37.792  49.800 0.0000000000
50565  15.251  -38.324  50.943 0.0000000000
46123  10.282  -41.136  53.416 0.0000000000
47204  10.869  -40.555  55.363 0.0000000000
46116  10.207  -41.334  54.157 0.0000000000
45093  9.534  -42.139  54.251 0.0000000000
49479  8.781  -38.045  52.686 0.0000000000
49497  8.801  -39.179  51.853 0.0000000000
49462  8.140  -38.392  53.060 0.0000000000
47226  6.161  -40.561  53.024 0.0000000000
46140  6.938  -41.432  52.506 0.0000000000
45096  6.874  -42.873  52.814 0.0000000000
45095  8.053  -43.181  53.796 0.0000000000
44090  6.877  -43.783  53.734 0.0000000000
44078  6.779  -44.302  54.852 0.0000000000
44091  5.858  -43.432  53.136 0.0000000000
46111  2.965  -40.871  54.866 0.0000000000
44081  3.659  -43.020  53.907 0.0000000000
45069  2.792  -42.165  54.453 0.0000000000
45070  2.163  -42.065  54.834 0.0000000000
45055  2.129  -41.731  55.058 0.0000000000
58182  25.721  -30.083  44.813 0.0000000000
58198  26.651  -30.761  43.657 0.0000000000
57046  24.992  -31.070  43.756 0.0000000000
55780  24.883  -31.555  43.838 0.0000000000
57047  24.330  -30.913  44.016 0.0000000000
58166  22.392  -30.257  45.628 0.0000000000
58165  23.206  -30.879  45.479 0.0000000000
58148  22.906  -30.880  46.404 0.0000000000
58152  19.443  -30.910  46.601 0.0000000000
58151  20.302  -30.570  46.296 0.0000000000
57006  20.156  -31.691  46.590 0.0000000000
54581  21.313  -33.484  48.637 0.0000000000
74431  35.576  -14.197  30.438 0.0000000000
74429  37.193  -14.126  30.467 0.0000000000
74405  37.494  -14.761  31.759 0.0000000000
68119  26.029  -20.288  39.483 0.0000000000
68136  25.829  -20.230  38.232 0.0000000000
65984  26.002  -22.108  38.031 0.0000000000
62220  27.268  -26.363  39.316 0.0000000000
63118  26.117  -24.977  40.369 0.0000000000
63132  28.391  -25.748  38.569 0.0000000000
64947  31.334  -24.522  40.061 0.0000000000
64074  29.172  -24.554  38.220 0.0000000000
64978  30.364  -23.958  38.355 0.0000000000
65983  29.664  -23.741  37.507 0.0000000000
65963  31.727  -23.508  39.043 0.0000000000
67047  32.176  -23.164  38.737 0.0000000000
54630  30.383  -33.545  45.596 0.0000000000
81470  44.936  -7.047  22.642 0.0000000000
80537  41.354  -8.327  25.454 0.0000000000
81458  41.916  -7.254  24.935 0.0000000000
79572  42.458  -8.712  24.890 0.0000000000
78573  44.386  -10.347  24.262 0.0000000000
77591  45.838  -10.943  23.631 0.0000000000
53547  17.042  -33.852  48.566 0.0000000000
53548  16.092  -34.070  48.277 0.0000000000
76505  38.638  -12.081  27.735 0.0000000000
75389  40.072  -13.495  29.540 0.0000000000
75403  38.826  -13.204  29.256 0.0000000000
59316  28.525  -29.731  41.699 0.0000000000
59327  28.781  -29.652  41.034 0.0000000000
58230  28.909  -30.593  41.680 0.0000000000
57057  30.390  -31.722  42.122 0.0000000000
55774  31.131  -32.203  43.305 0.0000000000
82361  37.876  -6.261  31.181 0.0000000000
81437  36.603  -7.085  29.561 0.0000000000
81444  37.475  -7.268  28.375 0.0000000000
81452  37.979  -7.897  27.718 0.0000000000
80529  38.483  -8.595  27.343 0.0000000000
79558  38.263  -9.504  27.409 0.0000000000
77558  38.242  -11.281  27.671 0.0000000000
41990  4.122  -45.618  55.873 0.0000000000
79526  32.453  -9.938  32.941 0.0000000000
78521  32.030  -11.741  31.721 0.0000000000
78508  31.750  -11.284  33.156 0.0000000000
76432  31.359  -13.143  32.836 0.0000000000
74406  31.602  -14.983  32.634 0.0000000000
71402  29.117  -17.271  34.895 0.0000000000
70362  30.064  -17.888  33.527 0.0000000000
69368  29.909  -19.094  33.527 0.0000000000
68208  31.306  -20.481  33.065 0.0000000000
68190  32.681  -21.655  33.608 0.0000000000
66023  32.886  -22.366  35.303 0.0000000000
67098  33.472  -22.366  36.444 0.0000000000
55717  25.146  -33.570  47.944 0.0000000000
51550  13.343  -37.504  49.852 0.0000000000
51537  14.022  -37.730  50.419 0.0000000000
50581  13.553  -38.025  50.467 0.0000000000
49495  12.981  -38.900  50.994 0.0000000000
48366  12.694  -39.335  51.957 0.0000000000
47243  11.093  -40.229  51.565 0.0000000000
47233  9.904  -40.835  51.789 0.0000000000
48355  7.449  -38.710  53.438 0.0000000000
47218  5.780  -39.813  53.832 0.0000000000
47227  5.484  -40.446  53.591 0.0000000000
46128  4.750  -41.475  53.448 0.0000000000
46109  4.567  -40.358  54.561 0.0000000000
46098  4.402  -40.157  55.238 0.0000000000
46081  3.410  -40.073  55.994 0.0000000000
60278  24.402  -28.949  44.561 0.0000000000
59294  23.807  -29.790  44.111 0.0000000000
60279  23.457  -28.297  44.553 0.0000000000
59281  21.998  -28.959  45.081 0.0000000000
59263  21.695  -29.617  45.670 0.0000000000
53574  20.108  -34.699  46.668 0.0000000000
54603  20.473  -33.764  47.019 0.0000000000
53563  20.726  -34.644  47.522 0.0000000000
73415  35.869  -15.792  31.942 0.0000000000
65944  25.975  -22.376  40.929 0.0000000000
62202  31.340  -27.108  40.474 0.0000000000
63130  30.252  -26.015  39.308 0.0000000000
63102  31.642  -26.138  40.878 0.0000000000
64029  31.975  -25.130  41.087 0.0000000000
83393  43.626  -5.870  23.757 0.0000000000
41993  1.446  -45.626  55.229 0.0000000000
73389  31.595  -14.926  35.616 0.0000000000
73381  30.705  -15.535  35.752 0.0000000000
72376  29.605  -16.380  35.823 0.0000000000
71386  28.659  -17.384  35.608 0.0000000000
70329  28.200  -18.507  35.371 0.0000000000
67124  27.804  -20.468  35.697 0.0000000000
50606  18.136  -38.038  48.493 0.0000000000
50578  17.224  -38.590  50.327 0.0000000000
50607  17.127  -37.850  48.259 0.0000000000
50596  15.430  -37.441  48.835 0.0000000000
51561  14.921  -36.846  48.635 0.0000000000
53549  15.220  -34.642  47.986 0.0000000000
52529  14.516  -35.266  48.067 0.0000000000
51563  13.409  -36.467  49.070 0.0000000000
52517  12.794  -35.704  48.983 0.0000000000
52518  11.593  -35.529  49.435 0.0000000000
52506  10.551  -35.307  50.551 0.0000000000
61184  20.440  -27.018  47.317 0.0000000000
61185  19.662  -27.395  47.888 0.0000000000
59233  18.918  -29.016  47.827 0.0000000000
59249  18.879  -30.478  46.935 0.0000000000
56984  18.507  -31.383  48.561 0.0000000000
57008  18.688  -32.322  46.990 0.0000000000
54619  19.123  -33.544  46.340 0.0000000000
53587  19.182  -34.723  46.101 0.0000000000
51587  19.038  -36.764  47.272 0.0000000000
64007  26.901  -24.578  44.741 0.0000000000
64009  26.473  -24.832  43.172 0.0000000000
62175  26.783  -26.412  42.351 0.0000000000
61263  27.689  -27.475  40.867 0.0000000000
61278  28.726  -27.644  39.242 0.0000000000
59326  29.319  -29.819  40.630 0.0000000000
60317  30.465  -28.769  40.075 0.0000000000
61261  30.906  -28.210  40.162 0.0000000000
60297  32.187  -28.293  42.006 0.0000000000
60287  32.790  -28.304  43.460 0.0000000000
82387  41.122  -6.098  26.773 0.0000000000
81460  40.930  -7.694  25.690 0.0000000000
79567  41.244  -9.252  25.646 0.0000000000
79564  39.624  -9.366  26.600 0.0000000000
78564  40.877  -10.416  26.048 0.0000000000
78536  34.922  -10.312  29.202 0.0000000000
77525  35.634  -11.482  29.076 0.0000000000
77526  34.619  -11.397  29.613 0.0000000000
76461  34.778  -12.605  29.932 0.0000000000
74432  34.714  -14.222  30.815 0.0000000000
76463  32.994  -12.985  31.189 0.0000000000
75378  33.804  -13.750  31.028 0.0000000000
73432  35.194  -15.426  31.471 0.0000000000
73416  35.215  -15.889  31.812 0.0000000000
71435  36.261  -17.123  33.016 0.0000000000
75347  31.156  -14.240  34.338 0.0000000000
74391  31.187  -14.821  33.207 0.0000000000
73418  31.666  -15.810  32.693 0.0000000000
71429  30.729  -17.241  33.147 0.0000000000
71440  31.821  -17.115  32.623 0.0000000000
71439  32.457  -17.320  32.445 0.0000000000
70366  34.281  -18.490  32.520 0.0000000000
54672  27.399  -33.141  43.600 0.0000000000
54671  28.342  -33.314  43.747 0.0000000000
54651  27.725  -33.610  44.609 0.0000000000
54613  28.758  -34.054  46.633 0.0000000000
81434  35.275  -7.241  31.271 0.0000000000
79543  34.910  -9.029  29.441 0.0000000000
52498  10.045  -35.833  51.456 0.0000000000
51526  9.541  -36.542  52.060 0.0000000000
51540  9.433  -37.066  51.255 0.0000000000
48398  9.513  -39.245  51.108 0.0000000000
47245  9.304  -40.376  51.459 0.0000000000
46152  9.003  -41.247  51.833 0.0000000000
48369  7.528  -39.998  52.172 0.0000000000
47247  7.705  -40.817  51.971 0.0000000000
46125  9.046  -42.297  53.310 0.0000000000
45081  8.830  -42.851  54.825 0.0000000000
45082  8.241  -43.454  55.086 0.0000000000
43042  4.947  -45.141  55.538 0.0000000000
44080  4.730  -43.629  53.535 0.0000000000
43058  3.933  -44.081  54.112 0.0000000000
43043  3.758  -44.894  54.883 0.0000000000
43044  2.602  -44.539  54.996 0.0000000000
43045  1.809  -44.004  55.057 0.0000000000
45042  1.614  -41.119  55.719 0.0000000000
44043  1.390  -41.760  55.357 0.0000000000
43031  1.500  -43.302  54.923 0.0000000000
57044  26.498  -31.003  43.004 0.0000000000
55798  26.285  -31.772  42.907 0.0000000000
54674  25.922  -32.556  43.776 0.0000000000
55741  25.524  -32.979  44.915 0.0000000000
54617  25.091  -33.189  46.189 0.0000000000
58183  23.451  -30.819  44.697 0.0000000000
55730  24.249  -32.304  45.768 0.0000000000
54602  24.867  -33.135  46.814 0.0000000000
60248  20.418  -28.523  46.204 0.0000000000
59247  20.745  -29.682  46.021 0.0000000000
58150  21.402  -30.575  46.430 0.0000000000
55707  20.988  -32.590  47.796 0.0000000000
56983  21.598  -31.633  48.146 0.0000000000
56982  22.162  -31.185  48.315 0.0000000000
75393  36.971  -13.358  29.987 0.0000000000
70286  27.076  -18.243  38.134 0.0000000000
68159  26.789  -19.893  36.638 0.0000000000
67103  27.545  -21.490  36.337 0.0000000000
64031  25.943  -24.140  41.252 0.0000000000
64032  26.000  -23.766  40.837 0.0000000000
64062  26.328  -23.875  39.424 0.0000000000
64060  28.399  -24.958  38.359 0.0000000000
64076  27.423  -24.241  38.260 0.0000000000
64982  26.460  -23.005  38.187 0.0000000000
64991  27.246  -23.014  37.462 0.0000000000
65994  28.027  -22.837  37.020 0.0000000000
66010  29.560  -22.717  36.156 0.0000000000
65991  31.141  -23.038  36.799 0.0000000000
54649  29.867  -33.322  44.619 0.0000000000
55740  31.320  -32.880  44.753 0.0000000000
55752  32.330  -32.159  44.404 0.0000000000
55727  32.916  -32.298  45.764 0.0000000000
57014  33.109  -31.679  45.151 0.0000000000
82409  46.312  -6.169  21.518 0.0000000000
82394  42.725  -6.478  24.229 0.0000000000
82398  43.316  -6.445  23.762 0.0000000000
79571  43.209  -8.872  24.454 0.0000000000
79576  44.135  -8.765  23.872 0.0000000000
80544  44.563  -8.009  23.222 0.0000000000
79587  45.509  -8.540  22.916 0.0000000000
79586  46.205  -8.833  22.545 0.0000000000
77524  36.265  -11.984  29.034 0.0000000000
55796  28.012  -32.222  42.509 0.0000000000
54686  28.159  -32.932  42.940 0.0000000000
78547  35.520  -10.035  28.822 0.0000000000
78546  36.350  -10.165  28.438 0.0000000000
67123  28.529  -21.130  35.280 0.0000000000
67140  29.308  -21.070  34.437 0.0000000000
50584  10.626  -37.671  50.109 0.0000000000
62129  22.865  -26.586  47.672 0.0000000000
62140  22.647  -26.685  46.785 0.0000000000
62130  21.924  -26.514  47.291 0.0000000000
50592  19.237  -37.933  49.806 0.0000000000
64928  26.450  -23.076  44.062 0.0000000000
52555  16.950  -34.817  47.153 0.0000000000
52543  16.617  -35.274  47.204 0.0000000000
54606  17.313  -34.089  47.926 0.0000000000
54605  17.626  -34.029  47.633 0.0000000000
53578  17.177  -34.672  47.137 0.0000000000
52554  17.231  -35.016  46.850 0.0000000000
58195  31.912  -31.150  42.652 0.0000000000
58212  31.755  -30.673  42.004 0.0000000000
58194  32.450  -30.652  42.947 0.0000000000
82384  38.573  -6.823  27.948 0.0000000000
82383  39.284  -6.532  27.781 0.0000000000
82389  39.531  -7.017  27.025 0.0000000000
81450  39.206  -7.383  27.039 0.0000000000
76504  39.421  -12.484  27.637 0.0000000000
76503  40.657  -12.970  27.495 0.0000000000
43029  5.383  -45.398  56.643 0.0000000000
78519  33.022  -10.313  31.226 0.0000000000
79533  32.839  -10.212  31.509 0.0000000000
74422  32.110  -15.237  32.316 0.0000000000
74421  32.766  -14.763  31.830 0.0000000000
72435  33.280  -16.147  32.209 0.0000000000
72436  32.790  -16.291  32.343 0.0000000000
72388  30.250  -16.092  34.946 0.0000000000
68207  32.511  -20.986  33.081 0.0000000000
54616  25.774  -33.572  46.085 0.0000000000
54600  26.256  -33.992  46.698 0.0000000000
53562  26.110  -34.230  47.493 0.0000000000
79529  32.919  -9.348  32.594 0.0000000000
51536  14.618  -37.720  50.260 0.0000000000
46117  9.879  -41.684  54.697 0.0000000000
46126  6.390  -41.679  52.646 0.0000000000
45054  2.378  -41.409  54.945 0.0000000000
46101  2.126  -40.793  55.834 0.0000000000
59279  24.837  -29.416  44.546 0.0000000000
58164  25.619  -29.925  45.289 0.0000000000
59292  25.150  -29.813  44.467 0.0000000000
58199  25.495  -30.333  43.979 0.0000000000
58200  24.476  -30.374  44.044 0.0000000000
58133  22.598  -30.929  46.952 0.0000000000
56991  23.113  -31.282  47.506 0.0000000000
74417  36.446  -14.732  30.811 0.0000000000
73430  37.005  -14.908  31.437 0.0000000000
67036  25.915  -21.319  39.732 0.0000000000
68106  26.251  -20.442  40.441 0.0000000000
67048  25.788  -21.065  38.930 0.0000000000
65966  25.845  -21.873  39.056 0.0000000000
61290  28.846  -27.182  38.808 0.0000000000
64961  31.553  -23.921  39.737 0.0000000000
64962  30.676  -24.318  39.100 0.0000000000
65964  30.894  -23.776  38.580 0.0000000000
83397  44.798  -5.722  22.944 0.0000000000
82401  44.515  -6.270  22.943 0.0000000000
79566  42.001  -8.984  25.276 0.0000000000
80536  41.905  -8.151  25.085 0.0000000000
53526  17.324  -33.280  49.325 0.0000000000
53546  17.681  -33.634  48.991 0.0000000000
77539  38.178  -11.991  28.042 0.0000000000
76487  38.411  -12.730  28.621 0.0000000000
75391  38.323  -13.188  29.684 0.0000000000
59303  28.184  -29.526  42.709 0.0000000000
55794  29.902  -32.250  42.614 0.0000000000
55793  30.622  -32.099  42.709 0.0000000000
81432  36.396  -6.817  30.273 0.0000000000
82368  36.788  -6.629  30.161 0.0000000000
80521  36.802  -8.257  28.264 0.0000000000
81445  36.854  -7.408  28.822 0.0000000000
80520  37.433  -8.181  27.872 0.0000000000
80530  37.836  -8.764  27.620 0.0000000000
79559  37.560  -9.473  27.695 0.0000000000
77559  37.571  -10.857  27.953 0.0000000000
41984  3.528  -45.964  56.679 0.0000000000
78507  32.345  -10.682  33.801 0.0000000000
78515  32.014  -10.603  32.551 0.0000000000
76423  31.400  -12.844  33.894 0.0000000000
77480  31.469  -12.128  33.029 0.0000000000
75357  31.461  -14.130  32.691 0.0000000000
70346  28.790  -18.364  34.639 0.0000000000
70345  29.167  -18.161  34.295 0.0000000000
69350  29.226  -19.038  34.103 0.0000000000
67139  30.373  -21.673  34.132 0.0000000000
67154  30.630  -20.910  33.514 0.0000000000
67153  31.371  -21.454  33.499 0.0000000000
67152  32.137  -21.769  33.691 0.0000000000
67137  32.601  -22.081  34.277 0.0000000000
66037  32.077  -22.353  34.636 0.0000000000
66007  31.978  -22.790  35.928 0.0000000000
66006  32.766  -22.550  35.809 0.0000000000
67080  32.850  -22.642  37.461 0.0000000000
79525  33.075  -9.569  33.701 0.0000000000
51551  12.680  -37.470  49.704 0.0000000000
48354  12.129  -39.697  52.766 0.0000000000
48367  11.883  -39.807  51.776 0.0000000000
47260  10.642  -39.869  50.883 0.0000000000
47244  10.248  -40.421  51.381 0.0000000000
47232  10.550  -40.681  52.227 0.0000000000
47207  5.670  -39.352  54.781 0.0000000000
47219  5.240  -40.081  54.322 0.0000000000
46118  4.890  -40.702  53.769 0.0000000000
47208  5.079  -39.949  55.164 0.0000000000
47194  4.035  -39.710  55.954 0.0000000000
61193  24.059  -27.524  46.498 0.0000000000
60247  24.498  -28.044  46.310 0.0000000000
60246  24.957  -28.723  45.985 0.0000000000
60260  24.206  -28.215  45.402 0.0000000000
60261  23.598  -27.874  45.186 0.0000000000
61210  21.865  -27.522  45.458 0.0000000000
61224  22.030  -28.159  44.977 0.0000000000
60281  21.997  -28.539  45.000 0.0000000000
67018  26.200  -21.819  41.397 0.0000000000
65935  26.207  -22.355  41.689 0.0000000000
62189  31.805  -27.101  41.081 0.0000000000
63116  31.116  -26.340  40.375 0.0000000000
63078  32.902  -25.730  43.165 0.0000000000
64028  32.425  -24.996  41.842 0.0000000000
41994  1.109  -45.057  54.477 0.0000000000
73380  31.196  -15.322  35.875 0.0000000000
71385  29.028  -16.872  35.961 0.0000000000
71403  28.803  -17.350  35.376 0.0000000000
70313  27.987  -18.251  35.789 0.0000000000
69333  27.894  -18.989  35.498 0.0000000000
68174  27.622  -19.675  35.684 0.0000000000
51574  15.791  -36.680  47.756 0.0000000000
50608  16.151  -37.424  48.027 0.0000000000
50609  15.462  -37.022  48.234 0.0000000000
54586  15.428  -34.001  48.279 0.0000000000
53551  13.271  -34.270  48.461 0.0000000000
53550  14.201  -34.486  48.074 0.0000000000
52530  13.630  -35.495  48.546 0.0000000000
51577  13.954  -36.168  48.763 0.0000000000
52516  13.269  -35.880  48.897 0.0000000000
51552  10.891  -36.631  49.881 0.0000000000
61170  20.631  -26.658  48.533 0.0000000000
61171  19.630  -27.381  49.032 0.0000000000
59217  18.823  -28.898  48.874 0.0000000000
60226  19.173  -28.146  48.425 0.0000000000
59234  18.682  -29.918  47.584 0.0000000000
55733  18.568  -33.087  47.012 0.0000000000
56995  18.527  -31.869  47.638 0.0000000000
55732  18.960  -32.923  46.708 0.0000000000
54638  18.823  -33.957  46.181 0.0000000000
54637  19.183  -34.113  46.090 0.0000000000
53588  18.627  -34.482  46.212 0.0000000000
51588  17.966  -36.682  47.069 0.0000000000
51599  18.496  -36.301  46.797 0.0000000000
50618  18.781  -37.527  47.958 0.0000000000
63080  26.883  -25.558  43.908 0.0000000000
63081  26.636  -25.400  43.357 0.0000000000
63088  26.797  -26.093  43.126 0.0000000000
60333  28.046  -27.661  40.354 0.0000000000
61279  27.901  -27.309  39.847 0.0000000000
60331  29.052  -28.342  39.825 0.0000000000
58229  29.579  -30.560  41.137 0.0000000000
58242  30.032  -30.228  40.670 0.0000000000
59313  31.432  -29.795  41.009 0.0000000000
59324  30.902  -29.306  40.400 0.0000000000
60316  31.172  -28.815  40.430 0.0000000000
60308  31.671  -28.683  40.893 0.0000000000
61249  31.729  -27.838  40.975 0.0000000000
60307  31.972  -28.490  41.467 0.0000000000
60288  32.481  -28.397  42.682 0.0000000000
83369  41.850  -5.580  26.958 0.0000000000
80538  40.800  -8.353  25.749 0.0000000000
79568  40.693  -8.880  25.862 0.0000000000
79557  38.980  -9.397  27.077 0.0000000000
80528  39.208  -8.392  26.903 0.0000000000
78566  39.358  -10.019  26.793 0.0000000000
78565  39.959  -10.212  26.389 0.0000000000
79544  34.478  -9.733  29.651 0.0000000000
78537  34.221  -10.366  29.852 0.0000000000
75377  34.707  -13.505  30.422 0.0000000000
77494  32.372  -12.170  31.395 0.0000000000
74420  33.741  -14.623  31.453 0.0000000000
74419  34.596  -14.775  31.229 0.0000000000
72433  34.760  -15.817  31.813 0.0000000000
72418  35.054  -16.507  32.084 0.0000000000
71436  35.685  -17.315  32.713 0.0000000000
75334  31.452  -13.683  34.690 0.0000000000
75335  31.286  -14.208  34.642 0.0000000000
73405  30.844  -15.617  33.553 0.0000000000
73419  31.111  -15.982  33.049 0.0000000000
73404  31.261  -15.455  32.979 0.0000000000
71430  30.181  -17.332  33.544 0.0000000000
70361  30.904  -18.250  32.932 0.0000000000
70369  31.803  -17.849  32.618 0.0000000000
71438  33.297  -17.515  32.324 0.0000000000
70367  33.536  -18.334  32.423 0.0000000000
53595  27.129  -33.816  45.024 0.0000000000
53572  27.781  -34.172  46.783 0.0000000000
54614  28.081  -33.969  46.255 0.0000000000
81426  35.965  -6.831  31.807 0.0000000000
79539  34.579  -8.617  30.184 0.0000000000
50567  13.939  -38.014  51.049 0.0000000000
52497  10.578  -34.983  51.877 0.0000000000
50552  9.365  -36.779  52.828 0.0000000000
51518  9.624  -36.195  53.065 0.0000000000
51527  9.297  -37.142  51.736 0.0000000000
50569  9.355  -37.718  51.389 0.0000000000
49496  9.109  -38.567  51.741 0.0000000000
48381  9.099  -39.492  51.518 0.0000000000
47246  8.418  -40.674  51.702 0.0000000000
48356  7.008  -39.571  52.943 0.0000000000
46139  7.606  -41.626  52.284 0.0000000000
46138  8.750  -41.949  52.619 0.0000000000
45112  8.570  -42.546  53.259 0.0000000000
45094  9.061  -42.532  53.952 0.0000000000
44089  7.538  -43.785  54.563 0.0000000000
45068  8.196  -43.496  56.080 0.0000000000
44079  5.835  -44.268  53.965 0.0000000000
43055  6.505  -44.699  55.583 0.0000000000
43041  5.961  -44.991  55.988 0.0000000000
45083  4.361  -42.308  53.479 0.0000000000
44068  2.123  -43.004  54.905 0.0000000000
44069  1.797  -43.295  55.008 0.0000000000
46083  2.120  -40.542  56.235 0.0000000000
46084  1.874  -40.545  56.273 0.0000000000
44044  1.187  -41.550  55.645 0.0000000000
44057  1.219  -42.223  55.181 0.0000000000
44058  0.836  -42.524  54.996 0.0000000000
58214  27.604  -30.737  42.790 0.0000000000
57045  25.897  -31.136  43.356 0.0000000000
57062  26.295  -31.360  42.964 0.0000000000
55778  26.337  -32.348  43.225 0.0000000000
55779  25.535  -31.845  43.530 0.0000000000
55756  25.364  -32.526  44.319 0.0000000000
54635  25.448  -33.176  45.521 0.0000000000
55742  24.816  -32.643  45.294 0.0000000000
59295  23.156  -29.988  44.343 0.0000000000
58201  23.759  -30.510  44.217 0.0000000000
58202  23.310  -30.410  44.488 0.0000000000
57004  23.745  -31.767  46.258 0.0000000000
57015  23.710  -31.436  45.074 0.0000000000
55729  24.493  -32.632  46.397 0.0000000000
55718  24.719  -32.873  47.529 0.0000000000
56990  24.134  -31.941  47.617 0.0000000000
60238  19.939  -27.816  46.905 0.0000000000
61196  20.647  -27.487  46.441 0.0000000000
54582  20.843  -33.657  47.791 0.0000000000
55708  20.628  -33.163  47.373 0.0000000000
55697  21.798  -32.606  49.144 0.0000000000
58116  21.799  -31.124  48.012 0.0000000000
76477  35.322  -12.234  29.539 0.0000000000
76459  36.260  -13.062  29.786 0.0000000000
71338  27.642  -17.245  38.461 0.0000000000
70271  26.824  -18.289  38.702 0.0000000000
67084  26.416  -21.325  37.225 0.0000000000
68144  26.364  -19.997  37.168 0.0000000000
67104  26.802  -20.585  36.653 0.0000000000
63089  26.498  -25.538  42.522 0.0000000000
64019  26.244  -24.318  42.460 0.0000000000
63104  26.179  -25.243  41.459 0.0000000000
62221  26.579  -25.519  39.556 0.0000000000
64949  26.110  -23.699  40.494 0.0000000000
63131  29.468  -25.916  38.764 0.0000000000
64058  30.095  -25.236  39.171 0.0000000000
64075  28.419  -24.432  38.100 0.0000000000
64077  26.669  -23.738  38.588 0.0000000000
64981  27.335  -23.661  37.868 0.0000000000
64990  28.221  -23.483  37.427 0.0000000000
65993  29.285  -23.356  37.015 0.0000000000
66011  28.501  -22.509  36.497 0.0000000000
66009  30.480  -22.919  36.225 0.0000000000
67082  31.188  -23.275  37.366 0.0000000000
67068  32.352  -23.004  38.233 0.0000000000
54650  28.775  -33.522  44.651 0.0000000000
54670  29.204  -33.164  43.836 0.0000000000
54629  31.334  -33.228  45.540 0.0000000000
54648  30.722  -33.185  44.911 0.0000000000
55739  32.096  -32.698  45.141 0.0000000000
55726  33.380  -31.932  45.891 0.0000000000
57001  33.649  -31.349  45.752 0.0000000000
82410  45.675  -6.188  22.083 0.0000000000
83400  45.817  -5.634  21.965 0.0000000000
81484  46.152  -6.800  21.910 0.0000000000
79599  46.640  -8.362  22.130 0.0000000000
80541  42.496  -8.088  24.631 0.0000000000
82395  42.131  -6.412  24.745 0.0000000000
81463  42.552  -7.281  24.412 0.0000000000
81462  43.149  -7.267  23.904 0.0000000000
78580  44.666  -9.520  23.944 0.0000000000
80545  43.670  -7.997  23.712 0.0000000000
80543  45.188  -8.369  23.062 0.0000000000
76488  37.182  -12.267  28.926 0.0000000000
57059  28.723  -31.439  42.199 0.0000000000
55795  28.969  -32.423  42.553 0.0000000000
55776  29.547  -32.815  43.136 0.0000000000
79542  35.470  -8.564  29.292 0.0000000000
80514  35.932  -7.993  29.375 0.0000000000
80522  36.246  -8.458  28.739 0.0000000000
79560  36.949  -9.261  27.978 0.0000000000
78560  36.704  -9.688  28.165 0.0000000000
78545  37.007  -10.873  28.232 0.0000000000
41985  2.361  -46.264  56.754 0.0000000000
77466  32.421  -11.426  34.624 0.0000000000
68193  28.701  -19.781  34.583 0.0000000000
68192  29.231  -19.893  34.111 0.0000000000
66038  31.838  -22.478  34.816 0.0000000000
66008  31.206  -22.901  36.077 0.0000000000
50598  11.700  -37.040  49.569 0.0000000000
48395  11.670  -39.150  50.506 0.0000000000
48396  10.936  -39.192  50.506 0.0000000000
48397  10.127  -39.217  50.672 0.0000000000
47192  5.419  -39.316  55.629 0.0000000000
61194  23.635  -27.117  46.743 0.0000000000
61222  23.184  -27.678  45.107 0.0000000000
62151  22.711  -26.979  46.047 0.0000000000
62152  22.290  -27.117  45.758 0.0000000000
61195  21.314  -27.275  46.111 0.0000000000
51572  20.047  -36.807  48.102 0.0000000000
64930  26.167  -23.231  42.048 0.0000000000
62172  32.375  -26.686  42.338 0.0000000000
62166  32.682  -26.603  43.074 0.0000000000
71368  28.720  -16.772  36.822 0.0000000000
70299  28.127  -17.258  36.940 0.0000000000
50620  17.106  -37.198  47.403 0.0000000000
51590  16.170  -36.090  47.363 0.0000000000
51591  15.524  -36.074  47.733 0.0000000000
54587  14.854  -33.830  48.264 0.0000000000
54589  13.388  -33.445  48.569 0.0000000000
53528  12.483  -34.691  48.952 0.0000000000
55709  18.419  -32.417  48.501 0.0000000000
54604  18.171  -33.524  47.357 0.0000000000
53576  18.174  -34.423  46.490 0.0000000000
52561  18.462  -34.840  46.221 0.0000000000
52553  18.078  -35.039  46.384 0.0000000000
51601  17.489  -35.527  46.759 0.0000000000
62174  27.163  -26.898  42.723 0.0000000000
61237  27.592  -27.465  42.693 0.0000000000
61262  28.042  -27.920  41.243 0.0000000000
57075  30.839  -31.199  41.663 0.0000000000
58227  31.263  -30.731  41.407 0.0000000000
59302  31.982  -30.045  41.754 0.0000000000
59301  32.258  -29.382  42.044 0.0000000000
59275  32.995  -29.845  44.084 0.0000000000
82374  39.760  -5.679  29.369 0.0000000000
82388  40.051  -6.637  26.982 0.0000000000
80534  39.852  -8.673  26.417 0.0000000000
77573  39.508  -10.683  26.794 0.0000000000
76520  40.787  -12.081  26.749 0.0000000000
76519  41.634  -12.432  26.709 0.0000000000
77527  34.021  -10.990  30.015 0.0000000000
78527  33.450  -10.527  30.565 0.0000000000
77513  33.075  -11.974  30.810 0.0000000000
76445  31.816  -13.473  32.083 0.0000000000
75366  32.546  -13.760  31.606 0.0000000000
74371  31.326  -14.801  35.277 0.0000000000
74380  31.134  -14.652  34.785 0.0000000000
73396  30.675  -15.463  34.439 0.0000000000
70359  32.846  -18.980  32.587 0.0000000000
69364  34.255  -19.816  32.876 0.0000000000
54634  26.074  -33.434  45.185 0.0000000000
53585  27.053  -33.922  45.620 0.0000000000
53573  27.006  -34.044  46.374 0.0000000000
80496  34.578  -7.890  32.531 0.0000000000
80502  34.701  -7.795  31.391 0.0000000000
80503  33.992  -8.490  31.438 0.0000000000
47224  10.895  -40.538  53.227 0.0000000000
47215  10.762  -40.735  54.276 0.0000000000
47216  10.296  -41.010  54.807 0.0000000000
46107  9.697  -41.876  55.704 0.0000000000
45066  9.263  -42.503  55.468 0.0000000000
50538  8.929  -37.131  53.072 0.0000000000
49480  8.527  -38.863  52.294 0.0000000000
48368  7.813  -39.175  52.584 0.0000000000
47235  6.606  -41.094  52.665 0.0000000000
45114  7.124  -42.055  52.547 0.0000000000
46110  3.789  -40.533  54.741 0.0000000000
45084  3.571  -41.972  53.963 0.0000000000
46120  3.335  -41.264  54.341 0.0000000000
57029  24.538  -31.350  44.003 0.0000000000
59248  19.533  -29.522  46.719 0.0000000000
53543  21.479  -34.180  49.103 0.0000000000
75376  35.639  -13.527  30.048 0.0000000000
75375  36.548  -13.515  29.983 0.0000000000
74430  36.526  -14.170  30.357 0.0000000000
74416  37.541  -14.484  31.152 0.0000000000
69264  26.380  -19.489  40.242 0.0000000000
69279  26.228  -19.210  39.104 0.0000000000
67070  25.771  -21.301  38.166 0.0000000000
65996  26.467  -22.070  37.415 0.0000000000
62204  27.079  -26.802  40.592 0.0000000000
62205  26.504  -25.933  40.451 0.0000000000
63133  27.256  -25.328  38.660 0.0000000000
64059  29.481  -24.985  38.616 0.0000000000
64963  29.874  -24.335  38.415 0.0000000000
64979  29.487  -24.063  37.901 0.0000000000
64989  29.024  -23.777  37.470 0.0000000000
65982  30.706  -23.606  37.843 0.0000000000
67069  31.634  -23.320  37.846 0.0000000000
65981  31.778  -23.366  38.343 0.0000000000
54612  29.970  -33.840  46.566 0.0000000000
54611  31.070  -33.656  46.404 0.0000000000
54610  31.796  -33.254  46.274 0.0000000000
82400  45.111  -6.238  22.531 0.0000000000
81469  45.679  -7.087  22.296 0.0000000000
81459  41.312  -7.317  25.442 0.0000000000
78572  45.162  -10.924  24.042 0.0000000000
78579  45.393  -10.108  23.634 0.0000000000
54585  17.198  -34.058  48.122 0.0000000000
53566  16.041  -34.843  47.731 0.0000000000
55698  18.231  -31.786  49.399 0.0000000000
54584  17.513  -33.921  48.306 0.0000000000
75402  39.417  -13.334  28.951 0.0000000000
76474  38.116  -12.901  29.255 0.0000000000
59315  28.962  -30.126  41.161 0.0000000000
57077  29.361  -31.125  41.697 0.0000000000
57076  30.047  -31.223  41.518 0.0000000000
57056  31.319  -31.557  42.386 0.0000000000
57043  31.997  -31.583  43.361 0.0000000000
82367  37.473  -6.441  29.898 0.0000000000
81436  37.162  -6.894  29.120 0.0000000000
82376  37.602  -6.699  29.050 0.0000000000
81443  38.152  -7.113  27.984 0.0000000000
78558  37.917  -10.285  27.618 0.0000000000
41983  4.496  -45.771  56.739 0.0000000000
78516  31.778  -11.478  32.262 0.0000000000
77495  31.726  -12.429  32.050 0.0000000000
71418  29.753  -17.211  34.031 0.0000000000
68210  29.825  -19.953  33.669 0.0000000000
68209  30.390  -20.106  33.354 0.0000000000
68189  33.348  -21.475  33.696 0.0000000000
67118  33.487  -22.229  35.327 0.0000000000
66024  32.327  -22.482  35.110 0.0000000000
54580  25.827  -34.091  48.378 0.0000000000
51538  13.789  -37.902  50.401 0.0000000000
50568  13.558  -38.407  51.035 0.0000000000
50582  12.807  -38.052  50.179 0.0000000000
49478  13.526  -38.841  52.030 0.0000000000
47223  11.556  -39.979  53.289 0.0000000000
47231  11.351  -40.154  52.477 0.0000000000
46136  10.378  -40.924  52.825 0.0000000000
46137  9.784  -41.285  52.471 0.0000000000
48341  6.731  -38.948  53.819 0.0000000000
47217  6.374  -39.672  53.421 0.0000000000
46127  5.484  -41.313  53.165 0.0000000000
45098  5.085  -42.064  53.186 0.0000000000
46099  3.713  -40.190  55.494 0.0000000000
60259  24.872  -29.002  45.190 0.0000000000
60291  24.298  -29.184  44.240 0.0000000000
60292  23.935  -29.106  44.121 0.0000000000
60293  23.090  -29.206  44.176 0.0000000000
61223  22.575  -27.832  44.870 0.0000000000
60280  22.440  -28.632  44.646 0.0000000000
59280  22.418  -29.609  44.894 0.0000000000
59262  22.156  -29.811  45.381 0.0000000000
58167  21.947  -30.202  46.090 0.0000000000
54618  19.773  -33.780  46.392 0.0000000000
55720  20.340  -32.722  46.951 0.0000000000
52528  20.998  -35.629  48.369 0.0000000000
52527  21.426  -34.982  49.138 0.0000000000
73414  37.093  -15.322  32.159 0.0000000000
67027  26.182  -21.315  40.926 0.0000000000
65951  25.866  -22.251  39.948 0.0000000000
62217  30.440  -26.920  39.567 0.0000000000
62203  30.914  -26.715  40.074 0.0000000000
63117  30.734  -26.135  39.960 0.0000000000
63103  31.058  -25.769  40.371 0.0000000000
63101  32.241  -25.910  41.670 0.0000000000
64030  31.299  -25.170  40.576 0.0000000000
64939  31.713  -24.569  40.696 0.0000000000
64946  31.822  -23.985  40.459 0.0000000000
72375  30.199  -15.937  35.729 0.0000000000
72389  29.634  -16.546  35.344 0.0000000000
70327  28.905  -17.780  34.730 0.0000000000
70328  28.595  -18.003  35.106 0.0000000000
70312  28.367  -17.475  36.064 0.0000000000
69332  28.295  -18.847  35.099 0.0000000000
68173  28.207  -19.805  35.063 0.0000000000
50593  18.248  -38.254  49.529 0.0000000000
50594  17.181  -38.287  49.275 0.0000000000
50595  16.225  -37.891  49.052 0.0000000000
51548  14.738  -37.286  49.378 0.0000000000
53567  15.557  -35.140  47.778 0.0000000000
52545  15.159  -35.550  47.862 0.0000000000
51576  14.554  -36.096  48.313 0.0000000000
51562  14.232  -36.695  48.959 0.0000000000
51564  12.363  -36.766  49.336 0.0000000000
51565  11.592  -36.504  49.514 0.0000000000
52507  10.152  -36.214  50.588 0.0000000000
62119  21.542  -26.449  48.045 0.0000000000
60239  19.372  -28.357  47.347 0.0000000000
57007  19.238  -31.976  46.668 0.0000000000
58118  18.596  -30.359  48.620 0.0000000000
58136  18.587  -30.893  47.643 0.0000000000
58153  18.766  -31.379  46.926 0.0000000000
53586  19.623  -34.492  46.276 0.0000000000
52551  19.729  -35.437  46.677 0.0000000000
52552  18.950  -35.667  46.418 0.0000000000
51586  19.771  -36.365  47.364 0.0000000000
51573  19.309  -37.268  47.954 0.0000000000
50605  19.182  -37.744  48.668 0.0000000000
64018  26.473  -24.015  43.507 0.0000000000
64008  26.623  -24.762  43.875 0.0000000000
62190  27.091  -26.982  41.669 0.0000000000
61277  29.656  -27.701  39.321 0.0000000000
60319  28.489  -28.799  40.886 0.0000000000
60318  29.511  -29.109  40.013 0.0000000000
59325  30.379  -29.738  40.373 0.0000000000
60330  29.824  -28.354  39.797 0.0000000000
61276  30.447  -27.822  39.878 0.0000000000
61275  31.006  -27.662  40.154 0.0000000000
61248  31.985  -27.675  41.576 0.0000000000
61235  32.242  -27.553  42.213 0.0000000000
61229  32.525  -27.491  42.933 0.0000000000
82386  41.721  -5.740  26.507 0.0000000000
82392  41.119  -6.592  25.885 0.0000000000
81454  40.878  -6.976  25.890 0.0000000000
79563  40.422  -9.397  26.056 0.0000000000
79562  40.986  -9.800  25.818 0.0000000000
78570  41.425  -10.044  25.750 0.0000000000
78535  35.486  -10.662  28.954 0.0000000000
76478  34.773  -12.060  29.674 0.0000000000
77511  34.491  -11.947  29.820 0.0000000000
74418  35.452  -14.824  30.910 0.0000000000
78520  32.518  -10.983  31.374 0.0000000000
75379  33.107  -13.639  31.301 0.0000000000
72417  36.404  -16.484  32.651 0.0000000000
73436  32.113  -15.711  32.461 0.0000000000
71417  30.285  -16.922  33.586 0.0000000000
70370  31.309  -17.495  32.814 0.0000000000
71441  31.359  -16.980  32.826 0.0000000000
72422  31.746  -16.504  32.669 0.0000000000
72421  32.346  -16.539  32.471 0.0000000000
72420  32.985  -16.765  32.315 0.0000000000
71428  34.746  -18.318  32.638 0.0000000000
71427  35.300  -18.127  32.947 0.0000000000
54632  28.241  -33.796  45.586 0.0000000000
53594  27.529  -33.815  45.361 0.0000000000
81433  35.845  -6.955  30.713 0.0000000000
80509  35.641  -7.638  30.025 0.0000000000
80510  35.031  -7.905  30.382 0.0000000000
80515  35.372  -8.200  29.672 0.0000000000
78548  35.121  -9.702  29.044 0.0000000000
50564  16.171  -38.920  51.137 0.0000000000
50566  14.484  -38.056  51.107 0.0000000000
52485  10.016  -35.603  52.461 0.0000000000
51539  9.675  -36.522  51.057 0.0000000000
51554  9.670  -37.022  50.785 0.0000000000
50585  9.789  -37.632  50.636 0.0000000000
49512  9.618  -38.473  50.880 0.0000000000
47262  9.473  -39.757  51.279 0.0000000000
46151  9.518  -41.009  51.794 0.0000000000
47234  6.954  -40.659  52.500 0.0000000000
48383  7.973  -40.313  51.836 0.0000000000
46153  8.259  -41.365  51.969 0.0000000000
45067  8.802  -42.891  55.879 0.0000000000
44066  7.074  -44.358  55.907 0.0000000000
44092  5.124  -42.808  53.144 0.0000000000
43057  4.822  -44.599  54.406 0.0000000000
41989  4.758  -45.506  56.170 0.0000000000
45041  2.041  -41.015  55.716 0.0000000000
45056  1.909  -41.459  55.420 0.0000000000
44056  1.642  -42.683  55.028 0.0000000000
43030  1.718  -43.385  55.001 0.0000000000
43046  1.366  -44.193  54.742 0.0000000000
63079  27.199  -25.905  44.512 0.0000000000
55797  27.062  -32.105  42.731 0.0000000000
57061  26.898  -31.299  42.724 0.0000000000
55777  26.942  -32.667  43.184 0.0000000000
54673  26.539  -32.889  43.735 0.0000000000
54653  26.009  -33.004  44.371 0.0000000000
57030  24.012  -31.258  44.359 0.0000000000
55758  24.092  -31.666  44.708 0.0000000000
55743  24.137  -32.008  45.198 0.0000000000
61183  21.175  -26.834  46.774 0.0000000000
61211  21.072  -27.913  45.815 0.0000000000
59264  21.056  -28.939  45.769 0.0000000000
59246  21.231  -30.009  45.927 0.0000000000
58134  22.209  -30.933  47.406 0.0000000000
56994  20.518  -32.013  46.955 0.0000000000
56993  21.033  -31.618  47.069 0.0000000000
58135  21.720  -31.150  47.489 0.0000000000
58115  21.927  -30.938  47.866 0.0000000000
56992  22.602  -31.084  47.980 0.0000000000
76476  36.496  -12.656  29.536 0.0000000000
75374  37.492  -13.810  30.416 0.0000000000
71352  27.878  -17.048  38.088 0.0000000000
70285  27.537  -17.624  37.910 0.0000000000
69303  27.185  -18.428  37.250 0.0000000000
69293  26.634  -18.930  37.931 0.0000000000
69304  26.847  -19.262  36.936 0.0000000000
69318  26.992  -19.547  36.468 0.0000000000
68158  27.177  -20.108  36.163 0.0000000000
67102  28.822  -22.121  35.853 0.0000000000
64940  25.963  -23.255  41.125 0.0000000000
64941  26.060  -23.579  40.693 0.0000000000
64948  26.046  -23.286  40.282 0.0000000000
64964  26.127  -23.123  39.221 0.0000000000
63145  26.983  -24.702  38.548 0.0000000000
63146  26.696  -24.277  38.779 0.0000000000
65965  25.950  -22.352  38.940 0.0000000000
64992  26.592  -22.533  37.572 0.0000000000
65995  27.103  -22.191  37.037 0.0000000000
66012  27.790  -22.277  36.719 0.0000000000
67101  29.330  -22.362  35.754 0.0000000000
66027  30.027  -22.732  35.770 0.0000000000
67081  31.913  -23.076  37.321 0.0000000000
55755  29.901  -32.890  43.803 0.0000000000
55754  30.679  -32.725  44.134 0.0000000000
55753  31.695  -32.356  44.134 0.0000000000
57028  32.201  -31.899  43.988 0.0000000000
55716  32.183  -33.078  46.629 0.0000000000
55728  32.281  -32.883  46.090 0.0000000000
55738  32.685  -32.099  44.886 0.0000000000
57027  32.728  -31.404  44.077 0.0000000000
57013  33.271  -30.976  44.815 0.0000000000
58177  33.190  -30.266  44.465 0.0000000000
83387  42.493  -5.939  24.580 0.0000000000
83386  43.183  -5.566  24.443 0.0000000000
78575  42.666  -9.321  24.990 0.0000000000
79570  43.930  -9.518  24.222 0.0000000000
79577  43.524  -8.440  24.045 0.0000000000
81466  43.778  -7.218  23.410 0.0000000000
81465  44.360  -7.094  22.973 0.0000000000
80555  44.811  -7.537  22.878 0.0000000000
80554  45.383  -7.938  22.713 0.0000000000
79574  45.942  -9.645  23.006 0.0000000000
45080  9.437  -42.323  54.808 0.0000000000
47179  3.710  -39.507  56.486 0.0000000000
51592  15.097  -36.061  47.976 0.0000000000
52541  19.591  -36.030  46.938 0.0000000000
52542  17.081  -35.493  46.921 0.0000000000
52560  18.659  -34.975  46.148 0.0000000000
53545  18.078  -33.498  49.308 0.0000000000
53564  17.386  -34.269  47.389 0.0000000000
53575  19.566  -35.014  46.336 0.0000000000
54621  17.876  -33.885  47.071 0.0000000000
54633  26.677  -33.747  45.213 0.0000000000
54636  19.448  -34.277  46.166 0.0000000000
55719  20.687  -32.193  47.190 0.0000000000
57002  33.289  -31.844  45.628 0.0000000000
57026  33.049  -30.773  44.305 0.0000000000
58241  30.433  -30.166  40.666 0.0000000000
60263  21.014  -28.448  45.780 0.0000000000
60277  24.837  -29.223  44.777 0.0000000000
60332  28.395  -27.957  40.119 0.0000000000
61168  22.777  -26.436  48.477 0.0000000000
61208  23.521  -27.408  45.818 0.0000000000
61260  31.343  -28.040  40.482 0.0000000000
61289  29.187  -27.351  38.869 0.0000000000
62118  22.262  -26.434  48.063 0.0000000000
62128  23.293  -26.733  47.472 0.0000000000
62131  21.110  -26.609  47.584 0.0000000000
62150  23.163  -26.936  46.478 0.0000000000
62216  30.845  -27.226  40.020 0.0000000000
62219  28.595  -26.816  38.805 0.0000000000
62232  29.018  -27.027  38.709 0.0000000000
62233  28.784  -26.969  38.710 0.0000000000
64043  26.103  -24.046  40.333 0.0000000000
64044  26.084  -23.846  40.679 0.0000000000
64061  27.673  -24.728  38.359 0.0000000000
65985  25.874  -22.025  38.675 0.0000000000
67037  25.855  -21.679  39.373 0.0000000000
67049  25.818  -21.536  39.169 0.0000000000
67071  25.784  -21.675  38.673 0.0000000000
67100  31.717  -22.940  36.605 0.0000000000
67119  32.981  -22.226  34.900 0.0000000000
67120  31.221  -22.515  34.764 0.0000000000
69292  27.147  -18.273  37.837 0.0000000000
69317  27.312  -18.955  36.228 0.0000000000
70298  28.400  -16.897  37.114 0.0000000000
71353  27.746  -17.246  38.160 0.0000000000
72423  31.224  -16.509  32.942 0.0000000000
73417  32.091  -16.060  32.525 0.0000000000
74379  31.392  -14.209  34.866 0.0000000000
74433  34.213  -14.320  31.130 0.0000000000
79550  35.304  -9.455  28.984 0.0000000000
80492  33.306  -8.970  33.113 0.0000000000
81468  46.325  -7.378  22.015 0.0000000000
82363  36.253  -6.621  31.266 0.0000000000
