#!ascii label  , from subject bert vox2ras=TkReg
886
100610  41.298  14.482  30.176 0.0000000000
96859  39.750  9.828  20.587 0.0000000000
100685  43.724  13.839  20.013 0.0000000000
93600  42.425  6.531  10.191 0.0000000000
94297  36.929  7.148  28.108 0.0000000000
99868  45.394  13.090  26.544 0.0000000000
96075  41.036  8.884  13.471 0.0000000000
99931  39.402  14.473  17.764 0.0000000000
97606  46.898  10.447  26.218 0.0000000000
95980  41.460  8.535  27.053 0.0000000000
93474  38.140  5.341  21.743 0.0000000000
102148  39.324  17.071  21.834 0.0000000000
101513  41.842  15.411  13.030 0.0000000000
98406  44.542  11.863  18.558 0.0000000000
99220  42.837  13.542  11.653 0.0000000000
103554  37.957  17.939  18.644 0.0000000000
97557  43.357  10.942  30.226 0.0000000000
97559  41.109  10.509  30.987 0.0000000000
93469  36.728  5.359  24.325 0.0000000000
101417  42.029  14.694  24.736 0.0000000000
103509  40.727  18.109  24.352 0.0000000000
100687  41.846  14.903  20.167 0.0000000000
102195  42.133  16.398  17.113 0.0000000000
101483  44.002  15.466  16.167 0.0000000000
96013  43.520  8.843  22.729 0.0000000000
97622  46.203  10.171  21.925 0.0000000000
97640  42.290  10.932  20.183 0.0000000000
96920  43.449  9.093  10.413 0.0000000000
98446  41.354  11.182  12.321 0.0000000000
97721  42.037  9.996  9.532 0.0000000000
98466  40.867  11.554  10.398 0.0000000000
95267  41.009  7.502  10.625 0.0000000000
93566  40.538  5.318  14.017 0.0000000000
100612  39.825  14.483  29.214 0.0000000000
96786  39.028  9.351  30.272 0.0000000000
99881  44.007  12.982  23.358 0.0000000000
95183  39.971  7.590  17.585 0.0000000000
97672  39.924  9.943  16.961 0.0000000000
95218  41.549  7.680  14.898 0.0000000000
96085  44.697  8.203  11.813 0.0000000000
99843  48.467  13.025  29.198 0.0000000000
98318  46.090  11.869  29.894 0.0000000000
96822  43.506  9.029  26.296 0.0000000000
96007  40.801  8.455  23.711 0.0000000000
95983  39.040  8.023  27.920 0.0000000000
95139  38.635  7.470  24.628 0.0000000000
95155  38.594  7.725  20.460 0.0000000000
93510  40.479  5.535  18.811 0.0000000000
102098  38.117  16.598  28.001 0.0000000000
105412  40.024  20.992  23.376 0.0000000000
104172  37.818  19.422  22.074 0.0000000000
102875  40.232  17.685  18.030 0.0000000000
100720  40.826  15.060  15.511 0.0000000000
99971  38.663  13.019  13.359 0.0000000000
99107  47.590  11.645  26.143 0.0000000000
99135  46.912  12.009  21.801 0.0000000000
99921  45.759  12.892  19.615 0.0000000000
98417  42.213  11.982  16.860 0.0000000000
99187  43.665  12.629  15.813 0.0000000000
99956  45.555  14.144  15.333 0.0000000000
100754  43.121  15.202  11.465 0.0000000000
99230  39.243  12.155  11.479 0.0000000000
103555  37.004  18.112  18.977 0.0000000000
103539  37.391  19.359  20.522 0.0000000000
99041  42.125  12.246  31.564 0.0000000000
99061  41.597  12.542  31.317 0.0000000000
99888  42.277  13.604  22.295 0.0000000000
100655  40.910  14.432  22.866 0.0000000000
100686  42.855  14.182  20.177 0.0000000000
100705  43.194  15.082  18.478 0.0000000000
100704  44.027  14.589  18.323 0.0000000000
96845  42.061  9.378  22.186 0.0000000000
96854  42.749  9.794  21.547 0.0000000000
97641  40.933  10.680  20.157 0.0000000000
96116  43.301  8.705  9.535 0.0000000000
96930  42.496  9.867  9.806 0.0000000000
95271  42.306  8.127  9.535 0.0000000000
96119  41.393  9.285  9.524 0.0000000000
94433  41.547  6.987  10.456 0.0000000000
93595  41.291  6.397  11.170 0.0000000000
93594  41.757  6.075  10.903 0.0000000000
98322  38.774  11.340  29.573 0.0000000000
100646  43.536  14.219  25.776 0.0000000000
99876  44.665  12.691  24.772 0.0000000000
94356  41.265  6.728  17.064 0.0000000000
95192  40.719  7.658  16.394 0.0000000000
94383  42.363  6.688  15.947 0.0000000000
95245  45.310  8.013  12.455 0.0000000000
96096  46.145  8.175  11.356 0.0000000000
96107  45.463  8.116  10.831 0.0000000000
96793  42.523  10.137  29.157 0.0000000000
97583  43.762  10.311  28.433 0.0000000000
96823  42.629  8.747  26.547 0.0000000000
95993  42.592  7.974  25.076 0.0000000000
95994  41.723  7.892  25.422 0.0000000000
95104  38.202  8.080  29.028 0.0000000000
96796  39.542  9.106  29.825 0.0000000000
95113  38.274  7.829  28.241 0.0000000000
93475  37.722  5.590  22.390 0.0000000000
95140  37.749  6.985  24.838 0.0000000000
94314  38.009  6.943  22.592 0.0000000000
95147  38.374  7.607  22.516 0.0000000000
94326  38.598  6.705  20.684 0.0000000000
94338  39.209  6.592  19.731 0.0000000000
93499  39.690  5.369  19.747 0.0000000000
91821  42.266  3.395  18.963 0.0000000000
102144  39.295  16.687  22.803 0.0000000000
104143  40.530  18.828  24.171 0.0000000000
103516  39.173  18.512  23.446 0.0000000000
104794  38.688  20.353  23.132 0.0000000000
102843  38.992  17.898  21.542 0.0000000000
102861  39.377  18.180  19.565 0.0000000000
102860  40.116  17.749  19.291 0.0000000000
101495  42.112  15.762  14.899 0.0000000000
102203  41.218  16.352  16.690 0.0000000000
101496  41.469  15.363  14.810 0.0000000000
99961  39.633  13.793  14.020 0.0000000000
100742  39.877  14.391  13.037 0.0000000000
98344  47.766  11.379  28.185 0.0000000000
99094  48.115  12.081  27.905 0.0000000000
97609  47.530  10.749  25.842 0.0000000000
97637  45.508  10.540  20.577 0.0000000000
98363  47.164  11.336  22.059 0.0000000000
98389  46.818  11.608  20.478 0.0000000000
99151  46.423  12.491  20.686 0.0000000000
99167  45.399  12.327  18.289 0.0000000000
96893  40.298  9.333  15.243 0.0000000000
97671  40.335  10.738  17.135 0.0000000000
97690  40.477  10.410  14.788 0.0000000000
99214  42.213  12.757  12.129 0.0000000000
99198  42.527  12.619  14.307 0.0000000000
99205  43.253  13.207  13.764 0.0000000000
99950  44.659  13.539  14.739 0.0000000000
99959  43.835  13.781  13.368 0.0000000000
100739  44.712  14.821  13.697 0.0000000000
99976  43.399  14.187  11.708 0.0000000000
96923  39.728  9.500  10.564 0.0000000000
98460  39.767  11.404  10.897 0.0000000000
97717  38.957  10.474  11.306 0.0000000000
97710  38.165  10.472  12.012 0.0000000000
100633  47.058  13.990  27.746 0.0000000000
102187  38.169  16.445  17.935 0.0000000000
102199  38.814  16.884  17.713 0.0000000000
99807  44.877  13.358  32.519 0.0000000000
99040  43.100  12.335  31.684 0.0000000000
98308  42.569  10.904  31.064 0.0000000000
96807  41.450  9.207  28.371 0.0000000000
94306  37.011  6.535  26.278 0.0000000000
102139  41.246  16.197  24.654 0.0000000000
101423  40.196  15.180  23.137 0.0000000000
101442  40.343  15.894  21.041 0.0000000000
101459  41.069  16.657  19.301 0.0000000000
101458  41.852  16.034  19.105 0.0000000000
101476  43.011  15.806  17.042 0.0000000000
101503  42.895  15.719  13.952 0.0000000000
96832  44.838  8.904  24.520 0.0000000000
96839  46.415  10.170  23.899 0.0000000000
96842  44.755  9.221  22.320 0.0000000000
97624  44.561  10.126  21.105 0.0000000000
98378  43.394  11.136  19.694 0.0000000000
96087  42.190  8.854  11.960 0.0000000000
97702  41.006  10.562  12.744 0.0000000000
96922  42.018  10.117  10.652 0.0000000000
97715  41.578  10.898  10.603 0.0000000000
98458  41.726  11.729  10.718 0.0000000000
99228  41.813  12.471  10.788 0.0000000000
97730  41.334  10.153  9.598 0.0000000000
96113  40.362  9.154  10.262 0.0000000000
95258  39.899  7.749  11.656 0.0000000000
92727  41.141  4.539  13.140 0.0000000000
100611  40.634  14.323  29.751 0.0000000000
99073  40.492  12.594  30.280 0.0000000000
98321  39.504  11.362  30.180 0.0000000000
97561  38.912  10.053  30.330 0.0000000000
95964  37.422  8.160  29.853 0.0000000000
101413  42.495  15.077  25.344 0.0000000000
99879  42.601  13.583  23.936 0.0000000000
99899  44.148  13.241  21.340 0.0000000000
96868  39.174  9.297  19.468 0.0000000000
97655  39.792  10.277  18.687 0.0000000000
96048  39.648  8.353  17.602 0.0000000000
96060  40.483  8.379  15.802 0.0000000000
96067  40.968  8.355  14.560 0.0000000000
95216  43.229  7.157  14.532 0.0000000000
96073  42.904  7.790  13.131 0.0000000000
96086  43.344  8.183  12.224 0.0000000000
96098  44.042  8.462  10.926 0.0000000000
95263  44.497  8.001  9.889 0.0000000000
94430  44.140  7.112  9.934 0.0000000000
92742  42.968  4.671  11.095 0.0000000000
98316  47.865  11.980  29.967 0.0000000000
98345  46.782  11.171  28.288 0.0000000000
98305  45.236  11.941  30.296 0.0000000000
97582  45.006  10.994  28.643 0.0000000000
96820  45.377  9.952  26.479 0.0000000000
96833  44.027  8.569  24.640 0.0000000000
96006  42.037  8.454  23.566 0.0000000000
96016  40.064  8.985  22.596 0.0000000000
96785  40.232  9.762  30.331 0.0000000000
95960  40.186  8.899  28.742 0.0000000000
95981  40.595  8.381  27.300 0.0000000000
95134  37.686  6.964  25.857 0.0000000000
95125  39.256  7.665  26.207 0.0000000000
95124  40.094  7.773  25.967 0.0000000000
95143  39.660  8.105  23.907 0.0000000000
96022  38.913  8.475  21.996 0.0000000000
96026  38.774  8.611  20.916 0.0000000000
95162  39.264  7.451  19.083 0.0000000000
94349  40.266  6.533  18.246 0.0000000000
93524  41.474  5.668  17.776 0.0000000000
92659  40.735  4.375  19.450 0.0000000000
92669  42.329  4.400  18.095 0.0000000000
101364  40.459  15.327  29.428 0.0000000000
101375  39.034  15.445  28.599 0.0000000000
102099  37.253  16.449  27.760 0.0000000000
105410  42.004  21.004  23.368 0.0000000000
105422  39.567  21.612  22.936 0.0000000000
103537  38.621  18.562  19.828 0.0000000000
102876  39.233  17.802  18.093 0.0000000000
102198  39.683  16.603  17.373 0.0000000000
102874  40.896  17.341  17.786 0.0000000000
102204  40.469  16.323  16.929 0.0000000000
100721  40.327  15.060  16.534 0.0000000000
99103  46.769  12.506  26.532 0.0000000000
98359  47.428  11.200  23.894 0.0000000000
99120  47.290  11.910  23.811 0.0000000000
99116  45.599  12.477  24.458 0.0000000000
99127  45.471  12.604  22.442 0.0000000000
99898  45.138  12.928  21.328 0.0000000000
99922  45.064  13.364  19.517 0.0000000000
97654  40.854  10.996  19.036 0.0000000000
98394  42.232  11.487  18.767 0.0000000000
98407  43.451  12.024  18.154 0.0000000000
98430  41.688  12.035  14.846 0.0000000000
99178  42.792  12.294  16.126 0.0000000000
99168  44.622  12.290  17.835 0.0000000000
99175  45.381  12.640  17.553 0.0000000000
99941  45.743  13.522  16.908 0.0000000000
100703  45.176  13.964  18.426 0.0000000000
100726  45.291  14.928  15.955 0.0000000000
101510  44.264  15.156  13.624 0.0000000000
101519  42.330  15.449  12.260 0.0000000000
99236  41.946  13.487  10.594 0.0000000000
100767  40.852  13.811  10.813 0.0000000000
100748  40.602  14.730  12.232 0.0000000000
99977  38.955  13.175  12.470 0.0000000000
93559  39.586  5.689  14.940 0.0000000000
103546  36.826  18.908  19.704 0.0000000000
104190  36.699  19.490  20.334 0.0000000000
100599  41.688  14.105  30.692 0.0000000000
100581  42.069  13.775  31.231 0.0000000000
99827  41.568  13.166  31.051 0.0000000000
99915  43.271  13.764  20.565 0.0000000000
100674  42.603  13.847  20.931 0.0000000000
100694  43.985  14.064  19.257 0.0000000000
96856  40.412  9.642  21.571 0.0000000000
96855  41.577  9.942  21.482 0.0000000000
96858  40.802  10.191  20.964 0.0000000000
94431  42.963  7.345  9.645 0.0000000000
95270  42.946  8.199  9.460 0.0000000000
94438  42.502  7.662  9.628 0.0000000000
95265  41.934  7.868  9.729 0.0000000000
94432  42.111  7.346  9.863 0.0000000000
93601  41.933  6.701  10.306 0.0000000000
101392  45.945  15.148  27.364 0.0000000000
100641  44.761  14.112  26.886 0.0000000000
99869  44.567  13.419  26.210 0.0000000000
93542  41.759  6.255  17.082 0.0000000000
94367  41.951  6.611  16.460 0.0000000000
94366  42.675  6.277  16.246 0.0000000000
96083  46.511  8.161  11.902 0.0000000000
95255  46.760  7.692  11.622 0.0000000000
95256  45.902  7.709  10.943 0.0000000000
99937  39.691  14.181  17.178 0.0000000000
96818  41.603  8.885  27.611 0.0000000000
96817  42.399  9.110  27.305 0.0000000000
95979  42.119  8.556  26.628 0.0000000000
95987  41.600  8.135  26.249 0.0000000000
95114  37.512  7.596  28.579 0.0000000000
95122  37.608  7.377  27.731 0.0000000000
94320  37.790  6.172  22.391 0.0000000000
94319  38.047  6.459  21.919 0.0000000000
93486  38.633  5.509  21.041 0.0000000000
94325  39.075  5.870  20.334 0.0000000000
93485  39.214  5.150  20.459 0.0000000000
102838  39.405  17.544  23.497 0.0000000000
102840  38.867  17.866  22.580 0.0000000000
102158  39.640  17.348  20.848 0.0000000000
101504  42.074  15.554  13.894 0.0000000000
101505  41.389  15.208  13.863 0.0000000000
100733  40.744  14.744  13.866 0.0000000000
100741  40.568  14.759  13.047 0.0000000000
97599  47.702  10.940  27.479 0.0000000000
97605  47.661  10.792  26.707 0.0000000000
97651  45.266  10.842  20.002 0.0000000000
98376  45.906  10.987  20.003 0.0000000000
98391  45.550  11.309  19.546 0.0000000000
98404  46.083  11.907  19.368 0.0000000000
98405  45.439  11.844  18.951 0.0000000000
96899  40.634  9.516  14.100 0.0000000000
99206  42.344  12.738  13.242 0.0000000000
99213  42.978  13.443  12.756 0.0000000000
99951  44.064  13.505  14.113 0.0000000000
99969  43.547  14.013  12.467 0.0000000000
96103  39.167  9.081  11.247 0.0000000000
96924  39.155  9.778  11.076 0.0000000000
96914  38.483  9.538  11.759 0.0000000000
102878  37.175  17.396  18.514 0.0000000000
102877  38.322  17.322  18.027 0.0000000000
99808  43.780  13.277  32.085 0.0000000000
100579  43.580  14.134  31.983 0.0000000000
98291  41.590  11.327  31.358 0.0000000000
98290  42.449  11.282  31.326 0.0000000000
97543  41.893  10.842  31.213 0.0000000000
96783  41.794  10.266  30.128 0.0000000000
96784  41.290  10.099  30.199 0.0000000000
101414  41.970  15.347  24.982 0.0000000000
102138  41.923  16.468  25.031 0.0000000000
101418  41.428  14.990  24.387 0.0000000000
100662  40.751  14.540  22.029 0.0000000000
100676  40.913  15.006  21.095 0.0000000000
101430  40.075  15.303  21.930 0.0000000000
100688  41.058  15.473  20.406 0.0000000000
101450  41.530  15.568  19.815 0.0000000000
101475  44.067  15.167  17.162 0.0000000000
101466  42.873  15.711  18.100 0.0000000000
101494  42.988  15.917  14.970 0.0000000000
101493  44.001  15.628  15.145 0.0000000000
95997  44.580  8.666  23.672 0.0000000000
96837  45.264  9.075  23.542 0.0000000000
96012  44.318  8.885  22.672 0.0000000000
97626  42.509  10.370  20.905 0.0000000000
97625  43.560  10.215  20.976 0.0000000000
97639  43.379  10.715  20.338 0.0000000000
97638  44.454  10.590  20.347 0.0000000000
96100  42.332  9.489  11.147 0.0000000000
96921  42.819  9.557  10.452 0.0000000000
96931  42.058  10.510  10.197 0.0000000000
97722  41.653  10.692  10.047 0.0000000000
97729  41.760  10.021  9.489 0.0000000000
96112  40.986  8.540  10.066 0.0000000000
96101  40.564  7.986  10.746 0.0000000000
96102  39.923  8.413  11.050 0.0000000000
95257  40.388  7.526  11.312 0.0000000000
94426  40.943  6.833  11.209 0.0000000000
93584  41.590  5.316  11.718 0.0000000000
92736  41.262  5.281  12.355 0.0000000000
99837  39.870  13.521  29.432 0.0000000000
99836  40.532  13.291  29.920 0.0000000000
99074  39.700  12.370  29.719 0.0000000000
97572  38.828  10.601  30.030 0.0000000000
96787  38.004  9.382  30.218 0.0000000000
95954  38.073  8.731  30.131 0.0000000000
99873  43.541  13.584  25.044 0.0000000000
99878  43.212  13.418  24.297 0.0000000000
99882  43.238  13.243  23.232 0.0000000000
99886  44.189  13.006  22.309 0.0000000000
96041  39.245  8.334  18.620 0.0000000000
96876  39.416  9.316  18.222 0.0000000000
95202  41.119  7.685  15.574 0.0000000000
96066  41.631  7.873  14.318 0.0000000000
94398  43.440  6.769  15.120 0.0000000000
95215  44.350  7.227  14.066 0.0000000000
95246  44.378  7.855  12.555 0.0000000000
95232  43.671  7.545  13.320 0.0000000000
95262  45.114  7.838  10.435 0.0000000000
96108  44.759  8.325  10.452 0.0000000000
94429  44.747  7.530  10.167 0.0000000000
94424  44.410  6.578  10.433 0.0000000000
93598  43.961  6.258  10.354 0.0000000000
99057  46.992  12.781  31.216 0.0000000000
99056  47.839  12.565  30.865 0.0000000000
98317  47.186  11.934  29.831 0.0000000000
98332  46.978  11.598  28.999 0.0000000000
98346  46.301  11.094  28.276 0.0000000000
98288  43.857  11.905  31.094 0.0000000000
99059  44.808  12.150  30.960 0.0000000000
98306  44.076  11.620  30.514 0.0000000000
96816  43.780  9.820  27.555 0.0000000000
97596  44.107  10.110  27.833 0.0000000000
97595  44.755  10.284  27.510 0.0000000000
97602  45.144  10.051  26.987 0.0000000000
96821  44.800  9.806  26.712 0.0000000000
96827  44.760  9.340  25.645 0.0000000000
96828  43.970  8.735  25.225 0.0000000000
96000  41.605  8.061  24.454 0.0000000000
95999  42.789  8.126  24.194 0.0000000000
96015  41.418  8.971  22.880 0.0000000000
98310  40.074  11.319  30.739 0.0000000000
97560  39.907  10.393  30.750 0.0000000000
95961  39.605  8.813  29.112 0.0000000000
95972  39.666  8.503  28.380 0.0000000000
95971  40.497  8.693  28.127 0.0000000000
95982  39.804  8.255  27.596 0.0000000000
94309  36.831  6.200  25.152 0.0000000000
95145  37.972  7.095  23.845 0.0000000000
95133  38.512  7.381  25.562 0.0000000000
95132  39.377  7.639  25.341 0.0000000000
95131  40.222  7.799  25.144 0.0000000000
95138  39.509  7.825  24.516 0.0000000000
95152  38.382  7.641  21.390 0.0000000000
96017  39.144  8.319  22.982 0.0000000000
96034  38.803  8.541  20.010 0.0000000000
95163  38.849  7.617  19.765 0.0000000000
93511  39.750  5.999  19.264 0.0000000000
94350  39.735  6.558  18.861 0.0000000000
93525  40.748  6.085  18.141 0.0000000000
91823  41.013  3.708  19.704 0.0000000000
92686  42.791  4.526  17.683 0.0000000000
102088  40.174  16.292  29.026 0.0000000000
102097  39.261  16.459  28.554 0.0000000000
100622  38.259  14.687  28.405 0.0000000000
101376  38.193  15.619  28.288 0.0000000000
104792  40.428  20.282  23.787 0.0000000000
104791  41.450  20.348  23.823 0.0000000000
105411  40.989  21.047  23.462 0.0000000000
105420  41.544  21.676  22.958 0.0000000000
105421  40.529  21.701  22.999 0.0000000000
105994  40.043  22.360  22.525 0.0000000000
103522  38.223  18.910  22.244 0.0000000000
103530  38.140  19.051  21.215 0.0000000000
103531  37.453  19.488  21.071 0.0000000000
103529  38.462  18.758  20.464 0.0000000000
102868  39.714  17.988  18.723 0.0000000000
102888  39.119  17.227  17.729 0.0000000000
102887  39.880  17.362  17.544 0.0000000000
102175  41.496  16.721  18.736 0.0000000000
102176  40.862  17.268  18.875 0.0000000000
102185  41.544  16.984  17.995 0.0000000000
101486  41.069  15.793  16.008 0.0000000000
99189  39.746  13.486  15.968 0.0000000000
99944  40.308  14.298  15.861 0.0000000000
99962  38.951  13.309  13.834 0.0000000000
100619  48.415  13.878  28.862 0.0000000000
99101  47.787  12.007  27.047 0.0000000000
99856  47.876  12.822  27.804 0.0000000000
99102  47.403  12.316  26.870 0.0000000000
99096  47.073  12.644  27.077 0.0000000000
99108  47.279  12.026  25.846 0.0000000000
96850  45.883  9.741  22.491 0.0000000000
97614  47.066  10.622  24.365 0.0000000000
97616  46.843  10.542  23.307 0.0000000000
99125  47.002  11.916  22.752 0.0000000000
98361  47.298  11.274  22.976 0.0000000000
99115  46.630  12.337  24.586 0.0000000000
99121  46.493  12.332  23.554 0.0000000000
99122  45.609  12.486  23.376 0.0000000000
99126  46.339  12.342  22.553 0.0000000000
99912  45.884  12.849  20.488 0.0000000000
99897  45.923  12.765  21.135 0.0000000000
99913  45.069  13.146  20.439 0.0000000000
99929  45.714  13.239  18.622 0.0000000000
97663  39.821  10.132  17.731 0.0000000000
98418  40.981  11.419  16.489 0.0000000000
98409  41.219  11.404  17.454 0.0000000000
98408  42.234  11.787  17.833 0.0000000000
98431  41.020  11.297  14.292 0.0000000000
98439  41.229  11.244  13.258 0.0000000000
99188  42.668  12.484  15.320 0.0000000000
99177  43.576  12.381  16.726 0.0000000000
99176  44.635  12.539  17.107 0.0000000000
99186  44.509  12.835  16.387 0.0000000000
99949  45.229  13.698  15.547 0.0000000000
99942  45.403  13.562  16.354 0.0000000000
99948  45.618  13.919  16.056 0.0000000000
100711  45.716  13.877  17.516 0.0000000000
100718  45.628  14.189  16.648 0.0000000000
100719  45.267  14.704  16.449 0.0000000000
100731  45.534  14.538  14.931 0.0000000000
100740  43.952  14.835  13.096 0.0000000000
100746  43.556  15.046  12.218 0.0000000000
101511  43.519  15.332  13.128 0.0000000000
101526  42.697  15.402  11.706 0.0000000000
99237  41.491  12.747  10.572 0.0000000000
99229  40.175  12.523  11.024 0.0000000000
99983  40.333  13.385  11.048 0.0000000000
100757  40.298  14.128  11.428 0.0000000000
99984  39.553  13.149  11.538 0.0000000000
100758  39.534  13.720  11.878 0.0000000000
99222  38.824  12.534  11.995 0.0000000000
96915  37.586  9.758  12.397 0.0000000000
98454  38.026  11.252  12.318 0.0000000000
93576  40.067  6.438  13.177 0.0000000000
93567  39.973  6.186  13.768 0.0000000000
103545  37.867  18.455  19.359 0.0000000000
99809  42.873  13.204  31.804 0.0000000000
99810  42.113  13.175  31.523 0.0000000000
99042  41.376  11.915  31.310 0.0000000000
100654  41.557  14.103  23.268 0.0000000000
100661  41.505  14.011  22.184 0.0000000000
100675  41.738  14.229  21.120 0.0000000000
100696  42.143  15.335  19.444 0.0000000000
100695  42.930  14.770  19.233 0.0000000000
101465  43.643  15.031  17.918 0.0000000000
96014  42.534  8.867  22.812 0.0000000000
96844  43.100  9.272  22.168 0.0000000000
97627  41.594  10.468  20.770 0.0000000000
96929  43.247  9.407  9.957 0.0000000000
96110  43.207  9.252  9.578 0.0000000000
96117  42.670  9.003  9.334 0.0000000000
96937  42.189  9.589  9.330 0.0000000000
96938  41.806  9.595  9.362 0.0000000000
96118  41.827  8.845  9.424 0.0000000000
95266  41.565  7.829  10.011 0.0000000000
94434  41.212  6.974  10.784 0.0000000000
94425  41.352  6.639  10.891 0.0000000000
99845  39.218  13.698  28.875 0.0000000000
99084  39.266  12.917  29.096 0.0000000000
99075  38.703  12.180  29.108 0.0000000000
101407  43.797  15.142  26.321 0.0000000000
100642  44.117  14.213  26.333 0.0000000000
99872  44.128  13.340  25.459 0.0000000000
99877  44.134  12.996  24.328 0.0000000000
95172  40.227  7.085  17.779 0.0000000000
95182  40.508  7.385  17.180 0.0000000000
95181  40.953  7.241  16.746 0.0000000000
95191  41.344  7.202  16.321 0.0000000000
95201  41.989  7.156  15.543 0.0000000000
95231  44.832  7.644  13.215 0.0000000000
95244  46.219  8.057  12.375 0.0000000000
96097  45.197  8.334  11.144 0.0000000000
99058  45.919  12.292  30.756 0.0000000000
97569  42.884  10.402  29.411 0.0000000000
97556  43.810  11.209  30.103 0.0000000000
97584  43.112  10.254  28.769 0.0000000000
96805  43.422  10.042  28.150 0.0000000000
95985  43.217  8.426  25.483 0.0000000000
95986  42.504  8.329  25.980 0.0000000000
95136  40.987  8.052  24.525 0.0000000000
96797  39.041  8.842  30.027 0.0000000000
95962  38.859  8.585  29.522 0.0000000000
95973  38.923  8.323  28.713 0.0000000000
95121  38.362  7.604  27.388 0.0000000000
93472  37.225  5.472  23.255 0.0000000000
94312  37.245  6.338  24.016 0.0000000000
94315  37.697  6.436  22.912 0.0000000000
95148  38.135  7.188  23.094 0.0000000000
95144  38.800  7.770  23.637 0.0000000000
94339  38.759  7.159  20.140 0.0000000000
93498  40.252  4.979  19.443 0.0000000000
91834  43.706  3.400  18.124 0.0000000000
102837  40.073  17.344  24.130 0.0000000000
103510  39.900  18.272  24.008 0.0000000000
104153  39.847  19.318  23.897 0.0000000000
104793  39.490  20.231  23.528 0.0000000000
104154  38.916  19.455  23.370 0.0000000000
102841  38.550  18.487  22.422 0.0000000000
102844  38.547  18.419  21.914 0.0000000000
102852  39.052  18.345  20.638 0.0000000000
102167  39.699  17.740  20.038 0.0000000000
102867  40.367  17.696  18.617 0.0000000000
101485  42.037  16.021  15.883 0.0000000000
102202  41.892  16.317  16.621 0.0000000000
100727  40.977  14.941  14.661 0.0000000000
99952  40.557  14.463  14.786 0.0000000000
99960  40.256  14.264  14.223 0.0000000000
100734  40.211  14.413  13.603 0.0000000000
99970  39.213  13.711  13.146 0.0000000000
99083  48.235  12.233  28.740 0.0000000000
99844  48.294  12.959  28.436 0.0000000000
98354  47.813  11.265  26.398 0.0000000000
98356  47.831  11.170  25.538 0.0000000000
97623  45.442  10.091  21.402 0.0000000000
97621  46.883  10.665  22.383 0.0000000000
97636  46.302  10.562  21.122 0.0000000000
98374  46.952  11.310  21.141 0.0000000000
99150  46.876  12.093  20.957 0.0000000000
99136  46.264  12.477  21.580 0.0000000000
99159  46.780  12.094  20.286 0.0000000000
99160  46.398  12.408  19.822 0.0000000000
99166  45.992  12.479  18.909 0.0000000000
97682  39.940  9.707  16.551 0.0000000000
97681  40.196  10.308  16.097 0.0000000000
98424  40.878  11.344  15.402 0.0000000000
98445  41.716  11.961  12.695 0.0000000000
98438  41.698  12.016  13.780 0.0000000000
99197  43.664  12.993  14.799 0.0000000000
99196  44.508  13.170  15.588 0.0000000000
99957  45.263  14.122  14.620 0.0000000000
99967  44.952  14.407  13.912 0.0000000000
99968  44.174  14.392  13.314 0.0000000000
99975  43.646  14.550  12.366 0.0000000000
99981  43.405  14.675  11.510 0.0000000000
97724  40.112  10.174  10.260 0.0000000000
98459  40.447  11.972  10.746 0.0000000000
97716  39.595  10.356  10.659 0.0000000000
98461  38.750  11.291  11.628 0.0000000000
96090  37.815  8.927  12.546 0.0000000000
100634  46.301  14.151  27.504 0.0000000000
101469  38.509  15.681  18.144 0.0000000000
101477  39.313  15.847  17.611 0.0000000000
98289  43.423  11.748  31.230 0.0000000000
98307  43.039  11.101  30.923 0.0000000000
97570  42.332  10.354  29.857 0.0000000000
96794  41.964  10.045  29.529 0.0000000000
94302  36.986  6.776  27.254 0.0000000000
94307  36.523  5.911  25.835 0.0000000000
94310  36.580  5.835  25.393 0.0000000000
92618  37.037  4.573  23.553 0.0000000000
92622  37.634  4.386  22.715 0.0000000000
92631  38.002  4.783  22.066 0.0000000000
92630  38.612  4.361  21.531 0.0000000000
92647  39.054  4.706  20.863 0.0000000000
102835  42.074  17.259  24.917 0.0000000000
102836  40.971  17.213  24.538 0.0000000000
101422  40.900  14.756  23.595 0.0000000000
101419  40.725  15.420  24.054 0.0000000000
102140  40.262  16.260  24.046 0.0000000000
102143  39.709  16.080  23.308 0.0000000000
101431  39.584  16.146  21.884 0.0000000000
101443  39.791  16.605  21.256 0.0000000000
102157  40.216  16.636  20.628 0.0000000000
101451  40.880  16.175  20.003 0.0000000000
101467  42.024  16.391  18.333 0.0000000000
101457  42.600  15.401  18.882 0.0000000000
102184  42.304  16.286  17.708 0.0000000000
101484  42.869  15.957  16.111 0.0000000000
96831  45.850  9.906  25.110 0.0000000000
96830  46.316  10.186  24.963 0.0000000000
96836  45.810  9.629  24.132 0.0000000000
96841  45.293  9.248  22.739 0.0000000000
96851  45.386  9.638  22.072 0.0000000000
96843  44.017  9.256  22.217 0.0000000000
96852  44.655  9.642  21.767 0.0000000000
97652  44.793  10.977  19.778 0.0000000000
98392  44.502  11.350  19.314 0.0000000000
96905  41.439  9.045  12.660 0.0000000000
96906  40.912  9.744  12.923 0.0000000000
96912  41.521  9.812  11.817 0.0000000000
96913  41.088  10.156  12.348 0.0000000000
97709  41.244  10.575  12.018 0.0000000000
97708  41.516  10.701  11.321 0.0000000000
98453  41.387  11.055  11.752 0.0000000000
98452  41.656  11.670  11.521 0.0000000000
99221  42.138  12.611  11.184 0.0000000000
98465  41.498  11.815  10.597 0.0000000000
97723  40.776  10.432  9.937 0.0000000000
96939  41.458  9.761  9.458 0.0000000000
96932  40.908  9.594  9.712 0.0000000000
96933  40.367  9.770  10.104 0.0000000000
95247  40.053  7.392  11.842 0.0000000000
93575  40.616  5.954  12.899 0.0000000000
93585  41.100  6.084  11.735 0.0000000000
100600  41.076  13.873  30.184 0.0000000000
99828  41.090  13.186  30.472 0.0000000000
99063  40.134  11.963  30.396 0.0000000000
97571  39.453  10.719  30.439 0.0000000000
95963  38.103  8.378  29.653 0.0000000000
95105  37.538  7.855  29.292 0.0000000000
94289  36.981  7.361  28.608 0.0000000000
102135  42.325  16.153  25.323 0.0000000000
101412  43.190  15.103  25.848 0.0000000000
100650  42.472  14.092  24.679 0.0000000000
100651  41.988  14.072  24.096 0.0000000000
99883  42.429  13.574  23.195 0.0000000000
99887  43.195  13.270  22.270 0.0000000000
99914  44.132  13.538  20.415 0.0000000000
97642  39.934  10.392  19.632 0.0000000000
96881  39.654  9.348  17.377 0.0000000000
96054  40.113  8.229  16.776 0.0000000000
96055  39.757  8.891  16.959 0.0000000000
96887  39.977  9.166  16.297 0.0000000000
94382  42.874  6.698  15.488 0.0000000000
95200  42.570  7.139  15.035 0.0000000000
95217  42.218  7.502  14.493 0.0000000000
95233  42.777  7.605  13.769 0.0000000000
96074  41.970  8.128  13.344 0.0000000000
96099  43.046  8.968  11.133 0.0000000000
96109  43.898  8.797  9.915 0.0000000000
95264  43.674  8.053  9.586 0.0000000000
93599  43.270  6.351  10.147 0.0000000000
93593  42.655  5.600  10.663 0.0000000000
93592  43.513  5.509  10.636 0.0000000000
99082  48.292  12.363  29.536 0.0000000000
98331  47.879  11.831  29.297 0.0000000000
97593  47.271  10.955  27.791 0.0000000000
97600  47.005  10.613  27.138 0.0000000000
99038  45.309  12.691  31.658 0.0000000000
98304  45.739  12.035  30.310 0.0000000000
97568  44.070  11.055  29.537 0.0000000000
98319  44.943  11.418  29.484 0.0000000000
98333  45.923  11.256  28.730 0.0000000000
97594  46.094  10.849  27.913 0.0000000000
97601  45.789  10.205  26.735 0.0000000000
97607  46.198  10.170  25.761 0.0000000000
96826  45.488  9.869  26.057 0.0000000000
95998  43.857  8.417  24.056 0.0000000000
95992  43.432  8.303  24.785 0.0000000000
96005  43.127  8.471  23.404 0.0000000000
96846  41.078  9.469  22.204 0.0000000000
99062  40.887  12.233  30.880 0.0000000000
98309  40.785  11.268  31.125 0.0000000000
96795  40.595  9.375  29.375 0.0000000000
96808  40.676  9.020  28.679 0.0000000000
95127  37.672  7.133  26.832 0.0000000000
95126  38.432  7.446  26.487 0.0000000000
95120  39.142  7.826  27.070 0.0000000000
95989  39.942  8.004  26.779 0.0000000000
95988  40.777  8.063  26.532 0.0000000000
95995  40.914  7.838  25.725 0.0000000000
95130  40.982  7.900  24.939 0.0000000000
95142  40.172  8.249  23.863 0.0000000000
96009  39.334  8.173  23.506 0.0000000000
96008  39.842  8.402  23.444 0.0000000000
96021  39.445  9.179  21.436 0.0000000000
96025  39.178  9.220  20.815 0.0000000000
96869  38.936  9.006  19.921 0.0000000000
96033  38.968  8.254  19.357 0.0000000000
95173  39.704  7.385  18.221 0.0000000000
94357  40.750  6.583  17.702 0.0000000000
93541  42.279  5.921  16.911 0.0000000000
92646  39.730  4.340  20.439 0.0000000000
92660  40.139  4.661  19.808 0.0000000000
92671  41.055  4.737  18.814 0.0000000000
91836  42.059  3.823  18.774 0.0000000000
92670  41.739  4.469  18.481 0.0000000000
93509  41.184  5.102  18.469 0.0000000000
92687  42.148  4.842  17.853 0.0000000000
93523  42.495  5.214  17.310 0.0000000000
101363  41.294  15.231  29.926 0.0000000000
101365  39.695  15.354  28.973 0.0000000000
100621  39.107  14.580  28.706 0.0000000000
101377  37.125  15.672  27.927 0.0000000000
100623  37.283  14.768  28.186 0.0000000000
105995  39.036  22.249  22.471 0.0000000000
105423  38.612  21.309  22.765 0.0000000000
105996  38.144  22.036  22.257 0.0000000000
103538  37.934  18.951  20.146 0.0000000000
103544  38.782  18.168  18.917 0.0000000000
103553  38.576  17.876  18.368 0.0000000000
102166  40.371  17.105  19.868 0.0000000000
102186  40.797  17.464  18.244 0.0000000000
102886  40.561  17.288  17.534 0.0000000000
102196  41.251  16.848  17.264 0.0000000000
102197  40.508  16.868  17.178 0.0000000000
102205  40.082  16.316  17.093 0.0000000000
101487  40.089  15.898  16.999 0.0000000000
100714  39.611  15.087  17.464 0.0000000000
99179  39.803  13.796  16.547 0.0000000000
99953  40.082  13.855  14.977 0.0000000000
99858  46.619  13.133  27.298 0.0000000000
99867  46.146  12.897  26.783 0.0000000000
98358  47.717  11.142  24.707 0.0000000000
99113  47.666  11.611  25.225 0.0000000000
99119  47.665  11.626  24.449 0.0000000000
99114  47.324  12.024  24.874 0.0000000000
99109  46.715  12.332  25.559 0.0000000000
99110  45.899  12.522  25.472 0.0000000000
99871  44.946  12.731  25.537 0.0000000000
99117  44.911  12.549  24.040 0.0000000000
99123  44.762  12.643  23.348 0.0000000000
99885  45.007  12.780  22.060 0.0000000000
99128  44.666  12.760  22.679 0.0000000000
99923  44.360  13.681  19.657 0.0000000000
97653  41.752  11.148  19.548 0.0000000000
97662  40.496  10.866  18.056 0.0000000000
98395  41.378  11.325  18.239 0.0000000000
98379  42.616  11.284  19.452 0.0000000000
98393  43.470  11.525  18.986 0.0000000000
97697  40.761  10.473  13.675 0.0000000000
98423  41.835  11.955  15.858 0.0000000000
98416  43.077  12.163  17.412 0.0000000000
99169  43.914  12.297  17.437 0.0000000000
99174  45.899  12.785  18.036 0.0000000000
99195  45.010  13.328  16.200 0.0000000000
99184  45.753  13.033  17.396 0.0000000000
99936  45.881  13.315  17.731 0.0000000000
100702  45.779  13.602  18.060 0.0000000000
99930  45.252  13.528  18.885 0.0000000000
100712  44.973  14.570  17.385 0.0000000000
101474  44.838  14.870  16.807 0.0000000000
101482  44.837  15.089  16.313 0.0000000000
100732  45.310  14.709  14.283 0.0000000000
101501  44.838  15.282  14.332 0.0000000000
101502  43.813  15.513  14.140 0.0000000000
101512  42.651  15.579  13.030 0.0000000000
99227  42.299  13.314  10.821 0.0000000000
99982  43.100  14.069  10.971 0.0000000000
99990  42.279  14.155  10.649 0.0000000000
99238  40.791  12.405  10.615 0.0000000000
99991  41.508  13.654  10.630 0.0000000000
100765  42.244  15.063  10.924 0.0000000000
101534  41.660  14.975  11.191 0.0000000000
100747  41.225  14.931  11.900 0.0000000000
101521  40.968  14.903  12.637 0.0000000000
100749  39.644  14.099  12.311 0.0000000000
99978  38.457  12.681  13.017 0.0000000000
99231  38.537  11.892  11.982 0.0000000000
99223  38.123  12.069  12.755 0.0000000000
92743  42.148  4.737  11.426 0.0000000000
91822  41.593  3.658  19.286 0.0000000000
92658  41.268  4.300  18.996 0.0000000000
93466  36.627  5.660  24.884 0.0000000000
93467  36.446  5.343  25.218 0.0000000000
94437  42.674  7.840  9.551 0.0000000000
95115  37.071  7.496  28.961 0.0000000000
95137  40.412  8.047  24.362 0.0000000000
95272  41.823  8.205  9.649 0.0000000000
95953  38.621  8.731  29.992 0.0000000000
95970  41.122  8.718  27.705 0.0000000000
96001  40.949  8.161  24.279 0.0000000000
96003  44.754  8.789  23.054 0.0000000000
96004  44.034  8.598  23.239 0.0000000000
96011  44.797  8.977  22.665 0.0000000000
96047  39.999  7.863  17.261 0.0000000000
96084  45.730  8.234  11.807 0.0000000000
96095  46.771  8.047  11.793 0.0000000000
96111  41.547  8.358  9.753 0.0000000000
96806  42.780  9.958  28.504 0.0000000000
96815  44.463  9.934  27.260 0.0000000000
96835  46.364  10.175  24.595 0.0000000000
96840  46.030  9.733  23.225 0.0000000000
96853  43.768  9.705  21.625 0.0000000000
96860  39.019  9.123  20.288 0.0000000000
96888  39.806  9.413  16.831 0.0000000000
97542  42.195  10.836  31.138 0.0000000000
97558  42.227  10.592  30.563 0.0000000000
97562  38.221  10.045  30.156 0.0000000000
97567  44.662  11.149  29.214 0.0000000000
97581  45.685  11.049  28.393 0.0000000000
97592  47.672  11.030  27.838 0.0000000000
97610  46.715  10.367  25.234 0.0000000000
97611  46.263  10.193  25.342 0.0000000000
97613  47.499  10.769  25.103 0.0000000000
97617  46.391  10.153  22.638 0.0000000000
97635  46.815  10.749  21.665 0.0000000000
97728  41.994  9.825  9.337 0.0000000000
98315  48.096  12.064  30.035 0.0000000000
98320  44.334  11.382  29.835 0.0000000000
98330  48.105  12.070  29.791 0.0000000000
98334  45.294  11.199  28.944 0.0000000000
98351  47.927  11.372  27.265 0.0000000000
98375  46.448  11.000  20.432 0.0000000000
98377  44.108  10.929  19.868 0.0000000000
98390  46.414  11.587  19.895 0.0000000000
98467  40.233  10.787  10.385 0.0000000000
99036  46.736  13.073  31.638 0.0000000000
99039  44.133  12.379  31.413 0.0000000000
99060  44.317  12.012  31.016 0.0000000000
99069  48.153  12.300  30.265 0.0000000000
99070  47.475  12.240  30.452 0.0000000000
99071  46.654  12.202  30.414 0.0000000000
99072  46.217  12.128  30.346 0.0000000000
99095  47.305  12.579  27.140 0.0000000000
99104  46.163  12.604  26.187 0.0000000000
99137  45.581  12.723  21.681 0.0000000000
99185  45.320  13.018  16.825 0.0000000000
99215  38.133  12.373  13.545 0.0000000000
99835  48.420  12.944  30.006 0.0000000000
99859  45.953  13.444  27.152 0.0000000000
99865  47.706  12.438  27.333 0.0000000000
99866  47.508  12.508  27.216 0.0000000000
99900  43.094  13.512  21.321 0.0000000000
99901  42.200  13.770  21.553 0.0000000000
99943  40.693  14.715  15.203 0.0000000000
99958  44.624  13.935  13.947 0.0000000000
99989  42.998  14.818  10.855 0.0000000000
99992  40.861  13.122  10.684 0.0000000000
100635  45.510  14.105  27.286 0.0000000000
100647  42.994  14.189  25.232 0.0000000000
100693  44.800  13.674  19.118 0.0000000000
100713  44.203  14.836  17.689 0.0000000000
100725  45.507  14.537  15.707 0.0000000000
100755  42.646  15.313  11.280 0.0000000000
100756  41.149  14.733  11.531 0.0000000000
100764  42.816  15.177  11.045 0.0000000000
100766  41.405  14.449  10.889 0.0000000000
101424  39.656  15.809  22.631 0.0000000000
101478  38.882  16.320  17.710 0.0000000000
101491  45.473  14.798  15.154 0.0000000000
101492  45.075  15.194  15.413 0.0000000000
101500  45.404  14.942  14.762 0.0000000000
101514  41.169  15.047  13.089 0.0000000000
101518  43.048  15.412  12.235 0.0000000000
101520  41.481  15.156  12.262 0.0000000000
101527  42.138  15.339  11.562 0.0000000000
101528  41.601  15.097  11.594 0.0000000000
101533  41.900  15.226  11.253 0.0000000000
102089  39.545  15.904  28.806 0.0000000000
102136  41.733  15.831  24.940 0.0000000000
102141  39.653  16.747  23.628 0.0000000000
102853  38.700  18.443  21.354 0.0000000000
102889  38.754  17.176  17.782 0.0000000000
103517  38.570  18.771  22.870 0.0000000000
104160  38.198  19.613  22.741 0.0000000000
105413  39.260  20.905  23.176 0.0000000000
