#!ascii label  , from subject bert vox2ras=TkReg
999
54502  17.560  -31.257  51.889 0.0000000000
56783  28.826  -28.599  58.204 0.0000000000
77446  33.983  -12.420  35.673 0.0000000000
64919  26.718  -23.267  44.909 0.0000000000
61166  31.668  -26.460  49.398 0.0000000000
83355  43.481  -4.936  28.009 0.0000000000
74325  34.204  -13.932  38.680 0.0000000000
71335  28.088  -15.761  39.069 0.0000000000
54527  13.380  -31.912  50.967 0.0000000000
59108  21.751  -27.290  56.861 0.0000000000
59146  26.095  -27.564  53.013 0.0000000000
59189  18.805  -28.248  51.465 0.0000000000
82355  38.040  -6.302  32.199 0.0000000000
55573  19.702  -29.580  58.266 0.0000000000
55575  15.336  -30.078  56.993 0.0000000000
81408  37.460  -7.721  35.754 0.0000000000
54467  10.648  -32.666  55.002 0.0000000000
49442  8.176  -37.225  54.415 0.0000000000
70219  28.610  -17.562  44.080 0.0000000000
63992  28.558  -24.899  47.458 0.0000000000
58160  28.730  -29.156  45.877 0.0000000000
56965  27.796  -30.709  49.433 0.0000000000
74292  33.975  -13.321  40.743 0.0000000000
73333  31.985  -14.376  39.600 0.0000000000
73298  31.184  -14.864  41.632 0.0000000000
75268  36.411  -12.318  40.605 0.0000000000
53506  17.586  -32.775  49.796 0.0000000000
54564  15.512  -33.471  48.671 0.0000000000
54503  15.674  -31.271  51.646 0.0000000000
58015  19.257  -28.670  55.224 0.0000000000
60160  19.832  -27.095  53.867 0.0000000000
56950  18.388  -30.196  51.223 0.0000000000
55709  18.419  -32.417  48.501 0.0000000000
78495  32.800  -10.947  34.789 0.0000000000
77432  36.241  -12.297  36.794 0.0000000000
79510  35.439  -10.321  35.695 0.0000000000
80486  34.729  -8.772  34.457 0.0000000000
56759  13.640  -29.285  59.486 0.0000000000
56826  12.832  -30.673  56.296 0.0000000000
55577  10.646  -31.234  58.438 0.0000000000
50454  7.733  -35.914  58.640 0.0000000000
51499  8.560  -35.779  56.525 0.0000000000
49407  7.217  -37.300  55.699 0.0000000000
47192  5.419  -39.316  55.629 0.0000000000
47162  4.394  -38.696  57.028 0.0000000000
65862  30.182  -23.069  49.674 0.0000000000
63048  31.378  -25.718  47.973 0.0000000000
61220  28.460  -27.215  46.605 0.0000000000
59241  29.648  -27.403  48.039 0.0000000000
60182  24.915  -26.874  50.835 0.0000000000
58054  26.613  -29.201  51.592 0.0000000000
59202  25.257  -28.187  49.259 0.0000000000
59244  25.689  -29.792  47.084 0.0000000000
68079  27.242  -20.139  44.529 0.0000000000
69249  27.077  -19.228  42.021 0.0000000000
64930  26.167  -23.231  42.048 0.0000000000
84324  46.519  -4.831  26.897 0.0000000000
83378  43.354  -4.985  25.792 0.0000000000
74359  34.740  -13.744  36.342 0.0000000000
72373  31.144  -15.495  36.278 0.0000000000
75292  36.479  -12.742  38.042 0.0000000000
57964  25.925  -27.665  57.649 0.0000000000
57983  27.912  -28.135  56.220 0.0000000000
59121  23.552  -26.691  55.352 0.0000000000
60170  21.993  -26.102  52.962 0.0000000000
61155  19.993  -26.862  49.961 0.0000000000
83256  40.837  -5.291  34.310 0.0000000000
83292  41.037  -5.632  32.126 0.0000000000
83320  41.288  -5.484  30.393 0.0000000000
82381  41.316  -5.551  27.833 0.0000000000
55612  18.507  -30.174  55.900 0.0000000000
54446  16.421  -30.861  54.675 0.0000000000
54390  17.470  -30.502  57.462 0.0000000000
57985  20.414  -28.450  57.428 0.0000000000
82338  38.136  -6.718  34.390 0.0000000000
55624  14.253  -30.688  53.759 0.0000000000
55658  11.845  -32.021  53.238 0.0000000000
52484  10.316  -34.655  52.831 0.0000000000
53381  9.286  -33.928  57.173 0.0000000000
51505  9.167  -35.611  54.937 0.0000000000
46084  1.874  -40.545  56.273 0.0000000000
72279  31.092  -15.817  43.845 0.0000000000
68059  27.673  -20.630  46.488 0.0000000000
66967  28.364  -22.053  48.004 0.0000000000
64904  27.551  -23.664  46.286 0.0000000000
62161  27.628  -26.509  45.339 0.0000000000
60290  28.117  -28.451  44.331 0.0000000000
58197  27.579  -30.548  43.482 0.0000000000
56891  28.588  -29.541  53.253 0.0000000000
56927  29.684  -31.179  51.826 0.0000000000
58090  29.425  -28.976  50.205 0.0000000000
58128  28.308  -29.479  47.717 0.0000000000
58181  26.515  -30.529  44.680 0.0000000000
71313  28.664  -16.537  41.940 0.0000000000
70257  26.585  -18.536  39.771 0.0000000000
74277  33.285  -13.662  41.761 0.0000000000
73316  32.551  -14.074  41.109 0.0000000000
73282  32.206  -14.811  42.531 0.0000000000
74275  34.838  -12.694  41.967 0.0000000000
53467  17.287  -31.598  51.098 0.0000000000
53489  16.474  -31.942  50.517 0.0000000000
53450  16.635  -31.437  52.205 0.0000000000
55638  18.452  -29.784  54.167 0.0000000000
56912  18.544  -29.490  53.351 0.0000000000
54522  18.012  -30.843  51.401 0.0000000000
54543  17.812  -31.988  49.910 0.0000000000
77453  33.106  -11.815  35.363 0.0000000000
76404  35.164  -12.876  35.936 0.0000000000
78479  35.724  -11.407  36.183 0.0000000000
78481  34.358  -11.417  35.616 0.0000000000
78493  34.413  -10.733  35.452 0.0000000000
49363  6.780  -36.709  58.232 0.0000000000
50485  7.514  -36.469  57.333 0.0000000000
49395  6.578  -37.321  56.980 0.0000000000
48324  5.849  -38.698  55.378 0.0000000000
48285  5.478  -38.288  56.615 0.0000000000
47177  5.149  -39.046  56.201 0.0000000000
63967  31.837  -25.112  48.826 0.0000000000
62126  31.972  -26.277  48.736 0.0000000000
62138  30.639  -26.315  48.034 0.0000000000
60233  30.940  -26.623  48.730 0.0000000000
56801  30.004  -28.504  57.064 0.0000000000
61139  23.298  -26.104  49.873 0.0000000000
60195  24.893  -27.217  49.779 0.0000000000
60225  24.287  -27.115  48.327 0.0000000000
60236  24.484  -27.676  47.217 0.0000000000
65922  26.614  -22.122  44.624 0.0000000000
67016  26.736  -21.234  43.015 0.0000000000
83338  43.266  -5.096  29.051 0.0000000000
83316  45.295  -5.655  29.894 0.0000000000
83354  44.766  -4.982  28.206 0.0000000000
83366  45.144  -4.895  27.430 0.0000000000
83367  43.939  -4.833  27.086 0.0000000000
74339  34.514  -14.264  37.597 0.0000000000
73378  33.000  -14.569  36.357 0.0000000000
73350  33.063  -15.022  37.476 0.0000000000
72347  29.939  -15.284  38.560 0.0000000000
71349  30.286  -15.673  37.531 0.0000000000
71350  29.274  -15.838  38.018 0.0000000000
75277  35.814  -13.120  39.221 0.0000000000
75286  35.598  -13.309  38.289 0.0000000000
75302  35.549  -13.520  36.470 0.0000000000
54545  14.553  -32.407  49.637 0.0000000000
54547  12.507  -32.687  50.254 0.0000000000
59098  24.396  -27.327  57.436 0.0000000000
59097  25.477  -27.351  56.705 0.0000000000
59107  23.192  -27.027  56.614 0.0000000000
60172  19.347  -27.560  52.932 0.0000000000
60159  21.273  -26.380  53.893 0.0000000000
60185  20.008  -26.595  52.310 0.0000000000
61118  21.780  -26.009  52.274 0.0000000000
60197  19.158  -27.689  50.665 0.0000000000
59203  18.721  -28.970  49.777 0.0000000000
61237  27.592  -27.465  42.693 0.0000000000
82345  39.493  -6.156  33.499 0.0000000000
83266  40.956  -5.501  33.500 0.0000000000
82359  39.562  -6.032  32.221 0.0000000000
82365  39.654  -5.610  30.323 0.0000000000
82374  39.760  -5.679  29.369 0.0000000000
83340  41.294  -5.366  29.358 0.0000000000
55599  18.951  -29.825  56.709 0.0000000000
54426  17.923  -30.789  56.347 0.0000000000
54408  18.572  -30.226  57.412 0.0000000000
55587  20.060  -29.202  58.016 0.0000000000
56824  19.409  -29.430  56.972 0.0000000000
82336  39.132  -6.191  34.954 0.0000000000
81410  38.019  -7.005  35.100 0.0000000000
80490  35.234  -7.899  33.579 0.0000000000
54412  16.152  -30.561  56.026 0.0000000000
54447  15.728  -30.678  54.389 0.0000000000
55601  14.842  -30.385  55.462 0.0000000000
56873  11.453  -31.348  55.323 0.0000000000
55626  12.326  -31.207  54.518 0.0000000000
54487  11.117  -32.650  53.941 0.0000000000
53470  10.908  -33.986  52.361 0.0000000000
53434  10.242  -33.466  54.385 0.0000000000
53363  9.081  -33.697  58.402 0.0000000000
50499  8.495  -36.241  55.796 0.0000000000
51498  8.991  -35.560  55.905 0.0000000000
50524  8.951  -36.181  54.402 0.0000000000
50537  9.221  -36.519  53.516 0.0000000000
69211  28.090  -19.512  46.174 0.0000000000
64885  29.768  -24.088  48.411 0.0000000000
66955  28.918  -22.511  48.605 0.0000000000
65887  28.573  -23.336  47.899 0.0000000000
65888  28.119  -22.827  47.405 0.0000000000
64903  27.941  -23.763  46.905 0.0000000000
63999  27.523  -25.141  46.001 0.0000000000
63066  28.064  -25.688  46.836 0.0000000000
60257  28.589  -27.719  46.572 0.0000000000
60275  28.320  -28.155  45.304 0.0000000000
59277  28.433  -28.967  44.780 0.0000000000
58196  28.051  -30.074  43.157 0.0000000000
58179  28.130  -29.888  44.121 0.0000000000
59118  26.923  -27.673  54.374 0.0000000000
58001  28.692  -28.429  55.151 0.0000000000
58025  27.416  -28.525  53.170 0.0000000000
58072  27.065  -30.370  50.988 0.0000000000
56929  27.781  -30.924  51.329 0.0000000000
56945  28.570  -31.062  50.447 0.0000000000
56962  29.790  -30.002  50.393 0.0000000000
56977  28.615  -29.897  49.201 0.0000000000
58110  28.416  -29.112  48.790 0.0000000000
58111  28.318  -30.058  48.464 0.0000000000
59278  25.222  -29.565  44.939 0.0000000000
58163  26.241  -30.236  45.736 0.0000000000
71296  30.324  -16.434  44.493 0.0000000000
72288  30.341  -15.893  42.755 0.0000000000
71304  28.786  -17.076  43.276 0.0000000000
68098  26.392  -20.309  41.198 0.0000000000
69250  26.659  -19.330  41.141 0.0000000000
84343  46.662  -4.181  24.927 0.0000000000
74310  33.745  -13.618  39.820 0.0000000000
74341  32.810  -14.400  38.943 0.0000000000
74311  32.921  -13.958  40.199 0.0000000000
73318  31.291  -14.425  40.591 0.0000000000
74314  29.694  -14.492  40.472 0.0000000000
75252  36.441  -12.015  41.659 0.0000000000
74291  34.804  -12.865  40.859 0.0000000000
53527  16.394  -33.162  49.076 0.0000000000
54544  15.473  -32.745  49.438 0.0000000000
54526  14.323  -31.747  50.608 0.0000000000
59123  20.491  -27.632  55.875 0.0000000000
60140  21.514  -26.746  55.348 0.0000000000
59137  19.579  -28.043  55.013 0.0000000000
59161  18.871  -28.240  53.090 0.0000000000
59175  18.610  -28.969  51.500 0.0000000000
58095  18.607  -29.829  50.038 0.0000000000
56951  18.381  -30.609  50.558 0.0000000000
54563  18.260  -32.878  49.387 0.0000000000
82362  36.759  -6.490  30.886 0.0000000000
54371  18.917  -29.891  59.002 0.0000000000
78467  36.993  -11.110  37.313 0.0000000000
79498  36.502  -10.468  36.507 0.0000000000
80481  36.640  -8.503  35.610 0.0000000000
80484  36.597  -7.878  34.857 0.0000000000
79520  35.136  -9.454  35.148 0.0000000000
79524  33.732  -9.342  34.276 0.0000000000
55566  14.650  -29.779  57.458 0.0000000000
55590  14.492  -30.084  56.323 0.0000000000
56807  12.917  -30.334  57.058 0.0000000000
56808  12.050  -30.515  57.478 0.0000000000
55603  10.898  -31.576  56.414 0.0000000000
51480  8.634  -35.043  57.841 0.0000000000
51481  8.221  -35.442  58.228 0.0000000000
50484  7.976  -36.329  56.691 0.0000000000
49424  7.539  -37.547  54.779 0.0000000000
48323  6.375  -38.455  54.784 0.0000000000
64876  31.115  -24.449  48.836 0.0000000000
63984  30.255  -25.105  48.209 0.0000000000
63065  28.824  -25.707  47.634 0.0000000000
62147  29.716  -26.477  47.780 0.0000000000
60256  29.125  -27.166  47.293 0.0000000000
59257  28.632  -28.056  46.775 0.0000000000
59160  25.087  -27.675  52.205 0.0000000000
59158  26.492  -28.348  52.372 0.0000000000
59172  25.877  -28.403  51.542 0.0000000000
58074  25.948  -29.507  50.109 0.0000000000
58094  25.789  -29.735  49.175 0.0000000000
58113  26.278  -30.265  48.529 0.0000000000
59231  25.360  -29.337  47.652 0.0000000000
60246  24.957  -28.723  45.985 0.0000000000
69232  27.549  -19.103  43.983 0.0000000000
70232  27.963  -17.974  43.398 0.0000000000
68087  27.110  -20.178  43.348 0.0000000000
67017  26.429  -21.279  41.985 0.0000000000
83365  46.182  -5.082  27.546 0.0000000000
84334  44.708  -4.630  25.662 0.0000000000
75320  33.858  -13.435  35.902 0.0000000000
75322  32.312  -13.553  35.363 0.0000000000
74369  32.723  -14.159  35.798 0.0000000000
72345  31.519  -15.435  37.489 0.0000000000
71365  30.733  -15.668  36.517 0.0000000000
75274  37.757  -12.152  40.761 0.0000000000
76358  37.467  -12.339  39.635 0.0000000000
77413  37.750  -11.804  38.605 0.0000000000
76381  36.480  -12.359  37.234 0.0000000000
76392  35.776  -13.228  36.295 0.0000000000
57944  27.695  -28.305  58.004 0.0000000000
57962  28.369  -28.279  57.138 0.0000000000
57963  27.241  -28.032  57.315 0.0000000000
59105  25.733  -27.297  55.713 0.0000000000
59134  25.577  -26.926  53.910 0.0000000000
60139  22.616  -26.539  55.151 0.0000000000
60147  23.295  -26.466  54.505 0.0000000000
60157  24.388  -26.690  52.919 0.0000000000
60169  23.522  -26.180  52.622 0.0000000000
61140  22.232  -25.952  50.334 0.0000000000
61169  21.829  -26.334  48.713 0.0000000000
83276  41.848  -5.598  32.635 0.0000000000
83307  39.405  -5.831  31.152 0.0000000000
83305  41.124  -5.591  31.294 0.0000000000
83304  42.064  -5.541  31.090 0.0000000000
83319  42.178  -5.384  30.186 0.0000000000
83339  42.244  -5.214  29.188 0.0000000000
83356  42.109  -5.229  27.863 0.0000000000
83368  42.491  -5.282  26.635 0.0000000000
54481  18.041  -30.442  53.898 0.0000000000
54463  16.895  -31.108  53.877 0.0000000000
54444  17.759  -30.844  55.543 0.0000000000
54427  17.290  -30.850  55.958 0.0000000000
54392  16.151  -30.440  56.832 0.0000000000
54364  17.819  -30.208  59.087 0.0000000000
55552  15.526  -29.685  58.560 0.0000000000
56758  15.115  -29.434  59.224 0.0000000000
56767  28.421  -28.510  58.824 0.0000000000
57931  26.547  -28.173  59.002 0.0000000000
57965  24.937  -27.682  58.321 0.0000000000
59099  22.825  -27.412  57.659 0.0000000000
57967  22.386  -27.932  58.520 0.0000000000
59109  20.733  -27.870  57.053 0.0000000000
58005  19.552  -28.564  55.945 0.0000000000
55622  18.677  -29.548  55.042 0.0000000000
83249  40.337  -5.251  35.155 0.0000000000
82340  39.322  -6.104  34.178 0.0000000000
82347  38.091  -6.413  33.014 0.0000000000
81412  36.610  -7.648  34.450 0.0000000000
81415  36.606  -7.213  33.677 0.0000000000
81425  36.536  -6.616  31.973 0.0000000000
53433  16.134  -30.984  52.954 0.0000000000
54485  15.177  -30.912  52.440 0.0000000000
55655  14.065  -30.853  52.129 0.0000000000
55625  13.471  -30.884  54.461 0.0000000000
55640  13.521  -31.108  53.289 0.0000000000
55673  12.737  -31.768  52.025 0.0000000000
54529  11.413  -33.092  51.792 0.0000000000
52497  10.578  -34.983  51.877 0.0000000000
54414  10.238  -32.081  57.846 0.0000000000
53399  9.640  -33.598  56.454 0.0000000000
52430  9.467  -34.082  56.226 0.0000000000
52456  9.612  -34.165  54.904 0.0000000000
52470  9.685  -35.264  53.361 0.0000000000
47180  3.150  -39.679  56.857 0.0000000000
73272  32.206  -14.886  43.391 0.0000000000
70204  29.086  -17.708  45.225 0.0000000000
69223  27.938  -19.048  45.165 0.0000000000
68070  27.462  -20.313  45.582 0.0000000000
65909  26.984  -22.342  45.519 0.0000000000
68043  28.184  -21.309  47.654 0.0000000000
65898  27.484  -22.577  46.290 0.0000000000
64910  27.151  -23.540  45.632 0.0000000000
64000  27.316  -24.758  45.584 0.0000000000
63079  27.199  -25.905  44.512 0.0000000000
61236  27.788  -27.916  43.409 0.0000000000
62160  27.886  -26.672  45.934 0.0000000000
61231  27.843  -27.719  44.586 0.0000000000
60298  28.056  -28.793  43.273 0.0000000000
59303  28.184  -29.526  42.709 0.0000000000
60193  31.557  -27.004  50.974 0.0000000000
57981  29.395  -28.548  56.054 0.0000000000
56845  29.444  -28.780  54.871 0.0000000000
56889  30.333  -30.347  53.715 0.0000000000
58037  27.744  -29.384  52.806 0.0000000000
56909  28.905  -31.021  52.848 0.0000000000
56907  30.876  -31.134  53.183 0.0000000000
56942  31.095  -30.474  51.538 0.0000000000
59186  30.798  -28.141  50.867 0.0000000000
59213  31.000  -27.057  49.842 0.0000000000
58126  29.444  -27.954  48.804 0.0000000000
58127  28.796  -28.455  48.008 0.0000000000
58144  28.571  -29.042  46.678 0.0000000000
58146  27.123  -30.678  46.697 0.0000000000
58145  28.060  -30.099  46.622 0.0000000000
58161  28.329  -29.734  45.413 0.0000000000
58180  27.580  -30.593  44.457 0.0000000000
72297  31.734  -15.133  42.522 0.0000000000
73284  30.509  -15.508  42.077 0.0000000000
71323  27.970  -16.134  40.220 0.0000000000
70243  27.636  -18.225  42.044 0.0000000000
70255  27.392  -17.750  40.909 0.0000000000
71337  27.654  -16.951  38.886 0.0000000000
83379  42.384  -5.563  25.239 0.0000000000
74265  33.438  -13.696  42.736 0.0000000000
73296  32.676  -14.235  41.776 0.0000000000
73281  32.739  -14.283  42.614 0.0000000000
53449  17.149  -31.459  52.093 0.0000000000
54501  17.999  -30.855  52.234 0.0000000000
55654  18.326  -30.183  52.892 0.0000000000
54523  17.743  -31.227  50.954 0.0000000000
77454  32.412  -12.008  34.905 0.0000000000
76415  32.745  -12.365  35.270 0.0000000000
77445  34.720  -12.268  35.786 0.0000000000
77452  33.972  -11.784  35.577 0.0000000000
49381  6.364  -37.150  57.768 0.0000000000
48269  5.957  -37.740  57.205 0.0000000000
48284  6.131  -37.882  56.457 0.0000000000
62116  31.954  -26.119  49.350 0.0000000000
63041  31.998  -25.795  49.156 0.0000000000
61178  31.557  -26.563  48.657 0.0000000000
60223  31.207  -26.890  49.054 0.0000000000
56782  29.631  -28.665  57.870 0.0000000000
61152  23.289  -26.340  49.115 0.0000000000
60211  24.151  -26.663  49.246 0.0000000000
61167  23.606  -26.649  48.488 0.0000000000
61181  23.728  -26.958  47.597 0.0000000000
65933  26.506  -22.103  43.595 0.0000000000
83317  44.206  -5.405  29.946 0.0000000000
83337  44.449  -5.156  29.071 0.0000000000
74352  33.867  -14.628  37.117 0.0000000000
74340  33.494  -14.550  38.179 0.0000000000
72330  28.796  -15.157  38.968 0.0000000000
71351  28.338  -16.595  37.668 0.0000000000
74309  34.877  -13.334  39.448 0.0000000000
74324  35.043  -13.803  38.037 0.0000000000
75294  35.452  -13.530  37.333 0.0000000000
54546  13.514  -32.369  49.824 0.0000000000
54566  13.775  -32.850  48.861 0.0000000000
60186  19.364  -27.249  52.020 0.0000000000
61132  19.895  -26.593  51.930 0.0000000000
60198  18.906  -28.415  50.202 0.0000000000
82354  38.860  -6.240  32.535 0.0000000000
82353  39.578  -6.181  32.839 0.0000000000
82383  39.284  -6.532  27.781 0.0000000000
54424  18.905  -30.043  57.191 0.0000000000
54407  18.979  -30.031  57.876 0.0000000000
55588  19.371  -29.714  57.511 0.0000000000
55598  19.524  -29.488  57.288 0.0000000000
81405  37.742  -7.891  36.473 0.0000000000
81407  38.051  -7.261  35.965 0.0000000000
82334  38.550  -6.708  35.400 0.0000000000
54393  15.672  -30.340  56.346 0.0000000000
54413  15.526  -30.447  55.718 0.0000000000
55589  15.023  -30.156  56.190 0.0000000000
55615  10.922  -31.770  55.528 0.0000000000
55627  11.350  -31.699  54.736 0.0000000000
53344  8.858  -33.525  59.532 0.0000000000
50512  8.495  -36.500  54.865 0.0000000000
50525  8.710  -36.813  53.945 0.0000000000
64894  29.003  -24.123  47.935 0.0000000000
65879  29.131  -23.325  48.399 0.0000000000
64895  28.363  -23.631  47.516 0.0000000000
64902  28.323  -24.220  47.338 0.0000000000
63993  27.887  -24.821  46.727 0.0000000000
59258  28.662  -28.586  46.107 0.0000000000
60258  28.510  -28.337  45.795 0.0000000000
59259  28.681  -29.044  45.476 0.0000000000
59133  26.455  -27.496  53.732 0.0000000000
59132  27.056  -27.963  53.623 0.0000000000
58092  27.143  -30.488  49.929 0.0000000000
56946  27.740  -30.890  50.252 0.0000000000
56964  28.476  -30.739  49.571 0.0000000000
56979  27.843  -30.668  49.059 0.0000000000
71297  29.339  -16.929  44.297 0.0000000000
71303  29.813  -16.440  43.527 0.0000000000
70231  28.421  -17.515  43.607 0.0000000000
74293  33.155  -13.705  40.896 0.0000000000
73317  32.086  -14.246  40.743 0.0000000000
74313  30.448  -14.475  40.377 0.0000000000
74294  30.629  -14.552  41.168 0.0000000000
75238  36.707  -12.044  42.666 0.0000000000
74276  34.097  -13.156  41.816 0.0000000000
54524  15.974  -31.715  50.863 0.0000000000
53508  16.134  -32.373  49.913 0.0000000000
54525  15.416  -31.815  50.406 0.0000000000
59124  19.642  -28.234  55.550 0.0000000000
58026  18.977  -28.603  54.427 0.0000000000
56930  18.512  -29.909  52.245 0.0000000000
58039  18.706  -28.789  53.422 0.0000000000
58056  18.659  -28.882  52.635 0.0000000000
58057  18.560  -29.398  51.934 0.0000000000
56970  18.463  -30.274  50.502 0.0000000000
53505  18.034  -32.936  50.056 0.0000000000
77431  36.626  -11.754  37.052 0.0000000000
78478  36.168  -11.092  36.420 0.0000000000
79509  36.089  -9.961  36.045 0.0000000000
79508  36.713  -9.585  36.354 0.0000000000
80482  36.050  -8.978  35.526 0.0000000000
78494  33.625  -10.804  35.209 0.0000000000
79521  34.248  -9.780  34.904 0.0000000000
78506  33.009  -10.327  34.452 0.0000000000
56776  14.140  -29.582  58.330 0.0000000000
56788  13.835  -29.792  57.300 0.0000000000
56789  12.869  -29.987  57.870 0.0000000000
55591  10.957  -31.187  57.427 0.0000000000
51471  8.138  -35.379  59.177 0.0000000000
49394  7.251  -36.916  56.668 0.0000000000
49393  7.635  -36.845  56.255 0.0000000000
49406  7.931  -36.789  55.982 0.0000000000
48322  6.929  -37.796  54.963 0.0000000000
48301  6.660  -37.816  55.298 0.0000000000
47207  5.670  -39.352  54.781 0.0000000000
47178  4.513  -39.272  56.341 0.0000000000
47179  3.710  -39.507  56.486 0.0000000000
63975  31.738  -25.032  48.106 0.0000000000
64875  31.485  -24.450  48.667 0.0000000000
64883  31.390  -24.773  48.329 0.0000000000
64884  30.704  -24.545  48.568 0.0000000000
63976  31.097  -25.162  48.212 0.0000000000
63056  29.706  -25.519  48.066 0.0000000000
63055  30.419  -25.769  48.032 0.0000000000
61192  30.174  -26.680  47.963 0.0000000000
61205  29.679  -26.808  47.674 0.0000000000
60244  29.378  -27.219  47.520 0.0000000000
60245  28.818  -27.649  47.077 0.0000000000
59242  28.955  -27.915  47.446 0.0000000000
60168  24.701  -26.764  51.957 0.0000000000
59173  25.365  -27.708  51.239 0.0000000000
59188  25.348  -27.938  50.240 0.0000000000
59201  25.584  -28.878  49.693 0.0000000000
59215  25.423  -29.098  48.739 0.0000000000
58114  25.621  -29.812  48.276 0.0000000000
60235  24.965  -28.557  46.898 0.0000000000
65934  26.408  -22.206  42.582 0.0000000000
65935  26.207  -22.355  41.689 0.0000000000
83377  44.574  -4.730  26.328 0.0000000000
83385  44.075  -4.824  25.128 0.0000000000
83386  43.183  -5.566  24.443 0.0000000000
75312  34.664  -13.527  36.153 0.0000000000
74360  33.723  -14.057  36.326 0.0000000000
73365  33.073  -14.831  36.736 0.0000000000
73379  32.219  -15.044  36.182 0.0000000000
73351  32.147  -14.938  38.209 0.0000000000
71367  29.232  -16.411  36.930 0.0000000000
71366  30.216  -15.858  36.934 0.0000000000
71384  29.722  -16.180  36.257 0.0000000000
75267  37.235  -12.108  41.071 0.0000000000
75266  38.053  -12.087  41.425 0.0000000000
75284  36.961  -12.631  39.008 0.0000000000
76366  37.632  -12.244  39.160 0.0000000000
76373  36.884  -12.430  37.927 0.0000000000
76374  36.316  -12.678  37.481 0.0000000000
75303  35.289  -14.019  36.360 0.0000000000
75310  35.667  -13.542  36.189 0.0000000000
75311  35.341  -13.642  36.281 0.0000000000
76394  34.961  -13.384  35.836 0.0000000000
57945  26.757  -28.103  58.267 0.0000000000
59106  24.560  -27.070  56.171 0.0000000000
59120  25.001  -26.859  55.032 0.0000000000
59119  26.072  -27.228  54.678 0.0000000000
60149  20.649  -26.942  54.838 0.0000000000
60158  23.027  -26.227  53.670 0.0000000000
59148  24.067  -26.549  53.618 0.0000000000
61141  20.958  -26.010  50.786 0.0000000000
61130  22.193  -25.918  51.442 0.0000000000
61154  21.315  -26.205  49.636 0.0000000000
56971  18.496  -30.740  49.695 0.0000000000
58096  18.640  -30.194  49.390 0.0000000000
56984  18.507  -31.383  48.561 0.0000000000
83277  41.016  -5.604  32.836 0.0000000000
83265  41.808  -5.525  33.317 0.0000000000
82367  37.473  -6.441  29.898 0.0000000000
82360  38.973  -6.071  31.632 0.0000000000
83321  40.320  -5.507  30.543 0.0000000000
82382  40.584  -5.725  28.197 0.0000000000
83357  41.501  -5.356  28.495 0.0000000000
54461  18.103  -30.506  55.199 0.0000000000
54462  17.574  -30.808  54.483 0.0000000000
54409  18.035  -30.586  57.063 0.0000000000
54410  17.405  -30.733  56.718 0.0000000000
54411  16.761  -30.695  56.378 0.0000000000
54391  16.835  -30.578  57.118 0.0000000000
54372  18.279  -30.199  58.666 0.0000000000
55550  16.843  -29.748  59.258 0.0000000000
55564  16.105  -30.014  58.121 0.0000000000
56775  15.014  -29.627  58.531 0.0000000000
56768  27.393  -28.375  59.110 0.0000000000
57966  23.803  -27.678  58.450 0.0000000000
56805  20.797  -28.562  58.201 0.0000000000
57968  21.178  -28.084  58.051 0.0000000000
59100  21.581  -27.732  57.663 0.0000000000
59101  20.881  -28.007  57.590 0.0000000000
58004  19.996  -28.458  56.665 0.0000000000
56846  19.858  -28.830  57.015 0.0000000000
55611  18.754  -29.646  55.863 0.0000000000
55623  18.411  -30.027  55.060 0.0000000000
82337  38.641  -6.484  34.622 0.0000000000
82341  38.730  -6.353  33.930 0.0000000000
82342  37.984  -6.615  33.787 0.0000000000
80485  35.915  -8.292  34.687 0.0000000000
80489  35.919  -7.678  33.877 0.0000000000
81420  35.190  -7.492  32.611 0.0000000000
81416  35.895  -7.497  33.501 0.0000000000
81419  35.746  -7.301  32.848 0.0000000000
81418  36.535  -6.757  32.529 0.0000000000
81426  35.965  -6.831  31.807 0.0000000000
53432  16.492  -31.111  52.999 0.0000000000
54464  16.135  -30.862  53.619 0.0000000000
54448  15.022  -30.594  54.104 0.0000000000
54465  15.437  -30.751  53.448 0.0000000000
54466  14.763  -30.752  53.148 0.0000000000
54486  14.522  -30.826  52.208 0.0000000000
55639  14.129  -30.823  52.773 0.0000000000
56825  13.605  -30.631  55.851 0.0000000000
55614  14.076  -30.587  55.286 0.0000000000
56848  13.383  -30.808  55.257 0.0000000000
55642  11.811  -31.756  54.014 0.0000000000
55641  12.633  -31.403  53.725 0.0000000000
55657  12.729  -31.609  52.785 0.0000000000
54507  11.932  -32.161  52.288 0.0000000000
54528  12.300  -32.245  51.325 0.0000000000
52498  10.045  -35.833  51.456 0.0000000000
53362  9.424  -33.071  58.364 0.0000000000
53380  9.603  -33.036  57.677 0.0000000000
54431  10.250  -32.386  56.970 0.0000000000
51489  8.830  -35.189  56.935 0.0000000000
52431  9.295  -34.478  56.458 0.0000000000
52444  9.382  -34.874  55.448 0.0000000000
52443  9.535  -34.125  55.830 0.0000000000
52457  9.445  -35.017  54.421 0.0000000000
47164  2.914  -39.380  57.416 0.0000000000
46065  2.056  -40.043  57.072 0.0000000000
46064  2.253  -40.034  56.961 0.0000000000
70218  30.511  -16.497  44.969 0.0000000000
69210  28.684  -18.615  45.842 0.0000000000
69222  28.526  -18.424  45.346 0.0000000000
66989  27.330  -21.469  45.979 0.0000000000
65897  27.814  -23.010  46.737 0.0000000000
65889  27.834  -22.382  46.872 0.0000000000
64007  26.901  -24.578  44.741 0.0000000000
63073  27.418  -25.882  45.331 0.0000000000
62168  27.530  -26.915  44.566 0.0000000000
62148  28.808  -26.570  47.335 0.0000000000
62149  28.266  -26.299  46.900 0.0000000000
62159  28.250  -26.834  46.513 0.0000000000
60276  28.322  -28.556  44.771 0.0000000000
61230  28.023  -27.528  45.212 0.0000000000
60289  28.090  -27.998  44.834 0.0000000000
59291  28.156  -29.265  43.708 0.0000000000
58214  27.604  -30.737  42.790 0.0000000000
57961  29.112  -28.431  56.669 0.0000000000
57982  28.807  -28.430  56.154 0.0000000000
58013  28.368  -28.497  54.087 0.0000000000
56869  29.192  -28.946  54.088 0.0000000000
56868  29.885  -29.369  54.289 0.0000000000
56890  29.533  -30.003  53.445 0.0000000000
58038  27.135  -28.889  52.431 0.0000000000
58053  27.231  -30.033  52.062 0.0000000000
56928  28.715  -31.191  51.591 0.0000000000
56910  28.019  -30.559  52.468 0.0000000000
56908  29.912  -31.154  52.983 0.0000000000
56926  30.595  -31.087  52.098 0.0000000000
56925  31.476  -30.888  52.316 0.0000000000
56943  30.433  -30.545  50.953 0.0000000000
58071  30.146  -29.403  50.697 0.0000000000
58089  30.232  -28.486  50.600 0.0000000000
59200  30.584  -27.679  50.240 0.0000000000
59214  30.504  -27.318  49.594 0.0000000000
58108  29.892  -27.960  49.690 0.0000000000
58143  28.674  -28.413  47.196 0.0000000000
58131  25.841  -30.049  47.657 0.0000000000
58130  26.789  -30.463  47.691 0.0000000000
58147  26.275  -30.190  46.861 0.0000000000
58162  27.423  -30.657  45.594 0.0000000000
72286  31.662  -15.257  43.233 0.0000000000
72287  31.117  -15.479  42.932 0.0000000000
71312  29.475  -16.382  42.737 0.0000000000
72299  29.663  -15.860  42.103 0.0000000000
72300  28.801  -15.552  41.289 0.0000000000
69240  27.438  -19.140  42.878 0.0000000000
69263  26.612  -18.864  40.483 0.0000000000
70256  26.896  -18.230  40.488 0.0000000000
70269  27.323  -17.461  39.942 0.0000000000
70270  27.181  -17.682  39.195 0.0000000000
84354  46.744  -3.921  23.796 0.0000000000
84342  47.758  -4.262  24.768 0.0000000000
82391  41.560  -6.135  25.652 0.0000000000
73297  32.072  -14.767  41.759 0.0000000000
53487  17.489  -32.038  50.149 0.0000000000
53507  16.883  -32.578  49.765 0.0000000000
53488  17.085  -32.010  50.314 0.0000000000
53468  16.822  -31.745  51.302 0.0000000000
53469  16.277  -31.568  51.476 0.0000000000
56893  18.600  -29.370  54.190 0.0000000000
56911  18.672  -29.043  54.026 0.0000000000
55670  18.234  -30.556  51.515 0.0000000000
55685  18.286  -30.607  50.903 0.0000000000
55671  18.022  -30.835  51.020 0.0000000000
77433  35.870  -12.762  36.376 0.0000000000
78469  36.015  -11.971  36.533 0.0000000000
77443  35.800  -12.281  36.349 0.0000000000
78480  35.038  -11.323  35.761 0.0000000000
79511  34.855  -10.324  35.433 0.0000000000
56777  12.633  -29.758  58.810 0.0000000000
56760  12.241  -29.613  59.826 0.0000000000
49380  6.974  -36.779  57.504 0.0000000000
49408  6.684  -37.432  56.278 0.0000000000
48302  6.326  -37.962  55.689 0.0000000000
48303  5.719  -38.545  55.997 0.0000000000
47161  4.900  -38.642  56.659 0.0000000000
63047  32.045  -25.728  48.288 0.0000000000
62127  31.583  -26.294  48.167 0.0000000000
61179  30.959  -26.508  48.276 0.0000000000
60234  30.238  -26.931  48.175 0.0000000000
60196  24.128  -26.397  50.336 0.0000000000
60210  24.829  -27.526  48.814 0.0000000000
59216  25.060  -28.412  48.359 0.0000000000
60237  24.362  -27.339  47.790 0.0000000000
61180  24.020  -27.277  47.008 0.0000000000
67008  26.732  -21.091  44.060 0.0000000000
83318  43.148  -5.285  30.048 0.0000000000
83302  44.002  -5.627  30.797 0.0000000000
83353  45.882  -5.287  28.326 0.0000000000
74351  34.848  -13.995  36.680 0.0000000000
73366  32.322  -15.361  37.139 0.0000000000
73352  30.877  -14.954  39.011 0.0000000000
72346  30.726  -15.360  37.974 0.0000000000
75269  35.659  -12.796  40.149 0.0000000000
75276  36.416  -12.763  39.621 0.0000000000
75285  36.241  -12.955  38.573 0.0000000000
75293  35.872  -13.016  37.352 0.0000000000
74338  35.197  -13.909  37.035 0.0000000000
54565  14.718  -33.070  48.784 0.0000000000
54568  11.898  -33.517  49.879 0.0000000000
54548  11.572  -33.229  50.723 0.0000000000
60171  20.383  -26.563  52.908 0.0000000000
61119  21.211  -26.138  52.612 0.0000000000
61131  20.726  -26.126  51.992 0.0000000000
61142  19.915  -26.686  51.238 0.0000000000
61156  19.521  -27.444  49.670 0.0000000000
60212  19.432  -27.501  49.991 0.0000000000
60213  19.149  -28.060  49.598 0.0000000000
62173  27.340  -26.967  43.604 0.0000000000
83267  40.116  -5.779  33.805 0.0000000000
83278  40.273  -5.933  33.135 0.0000000000
83293  40.268  -5.875  32.455 0.0000000000
82366  38.890  -5.933  30.427 0.0000000000
82375  38.346  -6.414  28.808 0.0000000000
83341  40.660  -5.443  29.783 0.0000000000
82373  40.582  -5.500  29.180 0.0000000000
55600  18.541  -30.254  56.344 0.0000000000
54443  18.247  -30.545  56.026 0.0000000000
54425  18.474  -30.361  56.707 0.0000000000
54389  18.109  -30.285  57.809 0.0000000000
56823  19.994  -28.929  57.281 0.0000000000
82333  39.018  -6.449  35.816 0.0000000000
54429  15.968  -30.688  55.263 0.0000000000
54430  15.295  -30.545  54.968 0.0000000000
55613  14.522  -30.569  54.695 0.0000000000
56850  11.792  -31.098  55.871 0.0000000000
56849  12.762  -30.875  55.589 0.0000000000
56872  12.037  -31.085  55.169 0.0000000000
54508  11.284  -32.958  52.831 0.0000000000
53452  10.635  -33.707  53.345 0.0000000000
54377  9.324  -32.948  59.206 0.0000000000
50498  8.791  -35.908  55.657 0.0000000000
50511  8.804  -35.962  55.273 0.0000000000
51511  9.342  -35.853  53.956 0.0000000000
69199  28.953  -18.880  46.790 0.0000000000
69200  28.186  -19.921  47.012 0.0000000000
65878  30.033  -23.840  48.706 0.0000000000
65872  29.634  -23.224  49.046 0.0000000000
65880  28.472  -22.821  48.060 0.0000000000
63994  27.620  -24.412  46.317 0.0000000000
63072  27.594  -25.814  46.033 0.0000000000
60274  28.365  -27.629  46.020 0.0000000000
58002  27.591  -27.930  55.056 0.0000000000
58014  27.606  -28.156  53.921 0.0000000000
58024  28.051  -28.690  53.333 0.0000000000
56944  29.531  -31.041  50.618 0.0000000000
56963  29.102  -30.120  49.924 0.0000000000
58091  28.809  -29.216  49.567 0.0000000000
58109  29.027  -28.483  49.254 0.0000000000
59261  25.429  -29.538  45.714 0.0000000000
59260  25.764  -29.885  46.386 0.0000000000
58164  25.619  -29.925  45.289 0.0000000000
58182  25.721  -30.083  44.813 0.0000000000
58199  25.495  -30.333  43.979 0.0000000000
72280  30.560  -16.010  43.515 0.0000000000
71305  28.132  -17.384  42.429 0.0000000000
68097  26.614  -20.164  41.935 0.0000000000
69251  26.386  -19.885  40.831 0.0000000000
84345  44.813  -4.571  24.981 0.0000000000
84332  46.578  -4.536  25.974 0.0000000000
74326  33.362  -14.056  39.207 0.0000000000
74327  32.787  -14.186  39.602 0.0000000000
74312  32.498  -14.136  40.038 0.0000000000
73334  31.066  -14.557  39.832 0.0000000000
74343  29.982  -14.708  39.333 0.0000000000
72331  28.671  -14.822  39.654 0.0000000000
75253  35.529  -12.317  41.248 0.0000000000
59122  22.124  -26.794  55.954 0.0000000000
59136  20.084  -27.531  55.147 0.0000000000
59149  19.799  -27.498  54.627 0.0000000000
59150  19.155  -27.973  54.013 0.0000000000
60161  19.243  -27.738  53.463 0.0000000000
59174  18.796  -28.408  52.243 0.0000000000
59190  18.689  -28.858  50.684 0.0000000000
58075  18.482  -29.650  50.988 0.0000000000
55698  18.231  -31.786  49.399 0.0000000000
55686  18.134  -31.016  50.444 0.0000000000
82356  37.086  -6.458  31.902 0.0000000000
82361  37.876  -6.261  31.181 0.0000000000
54387  19.319  -29.772  58.581 0.0000000000
54370  19.467  -29.611  59.339 0.0000000000
79488  37.604  -10.213  37.557 0.0000000000
78468  36.492  -11.336  36.791 0.0000000000
79497  37.055  -10.185  36.865 0.0000000000
80476  37.364  -8.813  36.647 0.0000000000
80487  34.127  -9.074  34.369 0.0000000000
55576  14.568  -29.905  56.759 0.0000000000
56806  13.821  -30.116  56.466 0.0000000000
56827  11.870  -30.824  56.759 0.0000000000
54449  10.352  -32.624  55.969 0.0000000000
51470  8.500  -34.894  58.693 0.0000000000
51490  8.361  -35.602  57.315 0.0000000000
49423  8.008  -36.950  55.299 0.0000000000
48340  7.128  -38.217  54.279 0.0000000000
65870  31.433  -24.053  49.345 0.0000000000
65871  30.742  -24.031  49.181 0.0000000000
64893  29.845  -24.586  48.283 0.0000000000
63985  29.383  -24.978  47.975 0.0000000000
63064  29.497  -26.052  47.934 0.0000000000
61206  29.045  -26.974  47.228 0.0000000000
59159  25.902  -27.804  52.279 0.0000000000
59171  26.269  -28.433  51.933 0.0000000000
59187  25.670  -28.663  50.636 0.0000000000
58055  26.010  -29.260  50.955 0.0000000000
58073  26.466  -29.948  50.561 0.0000000000
58093  26.453  -30.206  49.538 0.0000000000
58112  27.403  -30.570  48.797 0.0000000000
58132  25.565  -29.793  47.848 0.0000000000
59230  25.595  -29.771  47.450 0.0000000000
59232  24.916  -28.359  47.640 0.0000000000
59245  25.372  -29.304  46.605 0.0000000000
70220  28.222  -18.277  44.512 0.0000000000
68096  27.030  -19.872  42.552 0.0000000000
68088  26.804  -20.545  42.572 0.0000000000
67026  26.413  -20.758  41.548 0.0000000000
84325  45.924  -4.821  26.912 0.0000000000
83376  45.467  -4.812  26.903 0.0000000000
84333  45.518  -4.613  26.128 0.0000000000
76405  34.618  -13.073  35.889 0.0000000000
76406  33.327  -12.833  35.563 0.0000000000
75321  33.097  -13.477  35.659 0.0000000000
74361  32.927  -14.427  36.165 0.0000000000
73388  32.106  -14.631  35.713 0.0000000000
72360  30.842  -15.604  37.328 0.0000000000
72359  31.323  -15.592  36.816 0.0000000000
71383  30.348  -15.806  36.285 0.0000000000
75275  37.205  -12.392  40.138 0.0000000000
76357  38.098  -12.124  40.180 0.0000000000
77421  36.874  -11.937  37.458 0.0000000000
77422  36.375  -12.350  36.998 0.0000000000
75301  35.946  -13.328  36.812 0.0000000000
77434  35.799  -12.935  35.842 0.0000000000
56803  28.427  -28.454  57.890 0.0000000000
57984  26.686  -27.621  56.319 0.0000000000
58003  26.614  -27.535  55.247 0.0000000000
60138  23.164  -26.533  54.998 0.0000000000
60148  22.053  -26.467  54.595 0.0000000000
59135  24.414  -26.612  54.203 0.0000000000
59147  25.099  -26.997  53.062 0.0000000000
60183  23.700  -26.164  51.482 0.0000000000
60184  22.673  -26.008  52.198 0.0000000000
61129  23.179  -25.908  50.732 0.0000000000
61153  22.461  -26.161  49.386 0.0000000000
58117  18.683  -29.672  49.191 0.0000000000
64017  26.605  -23.952  44.275 0.0000000000
83275  42.716  -5.604  32.494 0.0000000000
83306  40.049  -5.736  31.568 0.0000000000
83322  39.665  -5.667  30.841 0.0000000000
83291  41.933  -5.580  31.905 0.0000000000
83290  42.851  -5.586  31.745 0.0000000000
83303  43.002  -5.536  30.922 0.0000000000
83369  41.850  -5.580  26.958 0.0000000000
54482  17.482  -31.056  53.071 0.0000000000
54445  17.119  -30.939  55.060 0.0000000000
54428  16.638  -30.781  55.585 0.0000000000
54388  18.729  -30.064  58.178 0.0000000000
54373  17.517  -30.269  58.343 0.0000000000
55549  17.606  -29.762  59.547 0.0000000000
55562  17.291  -30.104  59.007 0.0000000000
54374  16.843  -30.337  57.847 0.0000000000
54375  16.362  -30.342  57.475 0.0000000000
55574  15.854  -30.160  57.472 0.0000000000
55565  15.250  -29.825  57.929 0.0000000000
56742  14.544  -28.977  60.187 0.0000000000
56766  29.278  -28.610  58.537 0.0000000000
56784  28.022  -28.420  58.492 0.0000000000
57930  27.291  -28.312  58.623 0.0000000000
57946  25.783  -27.861  58.706 0.0000000000
56847  19.370  -29.153  56.546 0.0000000000
56870  18.992  -29.111  55.609 0.0000000000
76416  32.178  -12.722  35.013 0.0000000000
84284  41.092  -4.852  35.013 0.0000000000
83250  39.563  -5.795  35.460 0.0000000000
83257  39.836  -5.678  34.563 0.0000000000
82346  38.804  -6.305  33.259 0.0000000000
81411  37.259  -7.296  34.617 0.0000000000
81414  37.362  -6.952  33.864 0.0000000000
82343  37.479  -6.703  33.438 0.0000000000
82348  37.302  -6.557  32.817 0.0000000000
82357  36.525  -6.568  31.586 0.0000000000
54483  16.947  -31.307  52.883 0.0000000000
53451  16.145  -31.228  52.359 0.0000000000
54484  15.775  -30.963  52.764 0.0000000000
54504  14.902  -31.053  51.362 0.0000000000
54505  14.049  -31.167  51.525 0.0000000000
54506  13.612  -31.531  51.591 0.0000000000
55602  14.360  -30.324  55.937 0.0000000000
56871  12.801  -30.923  55.013 0.0000000000
55656  13.557  -31.291  52.202 0.0000000000
55672  13.147  -31.728  51.620 0.0000000000
53491  10.956  -34.136  51.257 0.0000000000
52412  8.743  -34.532  58.315 0.0000000000
52420  8.976  -34.538  57.529 0.0000000000
53400  9.374  -34.018  56.646 0.0000000000
53417  9.965  -33.459  55.428 0.0000000000
52469  9.797  -34.265  53.760 0.0000000000
52485  10.016  -35.603  52.461 0.0000000000
47144  4.181  -38.474  57.685 0.0000000000
47163  3.673  -39.060  57.231 0.0000000000
46082  2.846  -40.239  56.313 0.0000000000
73271  32.796  -14.384  43.548 0.0000000000
71286  30.079  -16.649  44.921 0.0000000000
71287  29.752  -16.835  44.898 0.0000000000
70205  28.431  -18.358  45.081 0.0000000000
67001  26.966  -21.202  45.096 0.0000000000
68029  28.288  -20.634  47.645 0.0000000000
68044  27.953  -20.927  47.228 0.0000000000
66976  28.003  -21.875  47.298 0.0000000000
66977  27.691  -21.680  46.707 0.0000000000
61221  28.191  -27.353  45.862 0.0000000000
62167  27.788  -27.100  45.091 0.0000000000
60309  28.173  -28.797  42.300 0.0000000000
58213  28.309  -30.508  42.383 0.0000000000
60208  31.517  -26.563  50.104 0.0000000000
56802  29.171  -28.494  57.372 0.0000000000
56822  29.696  -28.524  56.463 0.0000000000
58000  29.282  -28.599  55.528 0.0000000000
56844  29.960  -28.850  55.365 0.0000000000
56888  31.088  -30.500  54.026 0.0000000000
59145  26.760  -28.169  53.059 0.0000000000
56906  31.841  -30.822  53.391 0.0000000000
58070  30.826  -29.247  51.295 0.0000000000
59185  31.247  -28.047  51.331 0.0000000000
59199  31.046  -27.429  50.587 0.0000000000
59227  30.833  -26.827  49.275 0.0000000000
59228  30.112  -27.294  48.816 0.0000000000
59229  29.405  -27.784  48.202 0.0000000000
58129  27.797  -30.403  47.660 0.0000000000
58198  26.651  -30.761  43.657 0.0000000000
58215  27.021  -30.791  43.014 0.0000000000
72298  31.473  -15.189  42.227 0.0000000000
73283  30.964  -15.386  42.345 0.0000000000
73299  30.007  -15.084  41.630 0.0000000000
72301  28.600  -15.113  40.827 0.0000000000
71322  27.901  -15.913  39.561 0.0000000000
70244  27.149  -18.565  41.359 0.0000000000
71314  27.875  -17.177  41.298 0.0000000000
71324  27.632  -16.936  40.039 0.0000000000
71336  27.840  -16.205  38.861 0.0000000000
53490  16.016  -31.960  50.392 0.0000000000
53524  18.146  -33.348  49.691 0.0000000000
53525  17.859  -33.589  49.775 0.0000000000
54361  19.518  -29.551  59.757 0.0000000000
54395  9.363  -33.052  58.684 0.0000000000
55637  18.633  -29.463  54.572 0.0000000000
56892  18.832  -29.133  54.750 0.0000000000
56978  28.201  -30.549  48.990 0.0000000000
58040  18.572  -29.317  52.676 0.0000000000
59243  28.632  -28.391  46.792 0.0000000000
59276  28.597  -28.660  45.437 0.0000000000
60194  31.289  -27.237  50.819 0.0000000000
60209  31.277  -27.002  49.925 0.0000000000
60224  24.681  -27.756  48.028 0.0000000000
61151  31.622  -26.608  49.821 0.0000000000
61182  23.253  -26.630  48.075 0.0000000000
66966  28.663  -22.647  48.319 0.0000000000
70202  30.763  -16.478  45.185 0.0000000000
70217  30.708  -16.389  44.845 0.0000000000
70283  28.326  -16.803  37.383 0.0000000000
71382  30.699  -15.629  36.277 0.0000000000
72315  28.104  -15.707  39.536 0.0000000000
72316  28.333  -15.348  40.109 0.0000000000
72317  28.562  -14.913  40.306 0.0000000000
72332  28.743  -14.665  40.020 0.0000000000
72374  30.681  -15.593  36.041 0.0000000000
73300  29.159  -14.844  41.207 0.0000000000
73301  28.765  -14.831  40.780 0.0000000000
73319  29.026  -14.649  40.818 0.0000000000
73320  28.793  -14.694  40.450 0.0000000000
73335  29.339  -14.693  39.309 0.0000000000
73336  29.097  -14.547  39.768 0.0000000000
73337  28.953  -14.539  40.093 0.0000000000
73353  29.894  -14.930  39.000 0.0000000000
74295  29.910  -14.538  41.074 0.0000000000
74296  29.393  -14.566  40.872 0.0000000000
74315  29.189  -14.547  40.479 0.0000000000
74316  28.962  -14.567  40.340 0.0000000000
74328  30.453  -14.653  39.575 0.0000000000
74329  29.779  -14.524  39.815 0.0000000000
74330  29.349  -14.490  40.097 0.0000000000
74331  29.150  -14.512  40.223 0.0000000000
74342  30.336  -14.822  39.203 0.0000000000
74350  35.362  -14.109  36.819 0.0000000000
74368  33.379  -13.739  35.924 0.0000000000
76365  38.074  -12.070  39.526 0.0000000000
76382  36.010  -12.746  36.830 0.0000000000
76383  36.171  -13.291  36.430 0.0000000000
76391  35.968  -12.893  36.497 0.0000000000
76393  35.381  -13.320  35.821 0.0000000000
76407  32.751  -13.144  35.427 0.0000000000
77403  38.010  -11.999  39.205 0.0000000000
77444  35.506  -12.520  36.110 0.0000000000
79519  35.694  -9.365  35.487 0.0000000000
79522  33.502  -9.926  34.549 0.0000000000
80495  35.183  -7.585  32.917 0.0000000000
82331  38.506  -6.923  36.166 0.0000000000
