#!ascii label  , from subject bert vox2ras=TkReg
1748
69299  49.327  -20.101  37.841 0.0000000000
50573  33.890  -36.791  51.298 0.0000000000
43064  19.447  -44.365  53.463 0.0000000000
46095  13.756  -41.736  57.134 0.0000000000
48262  27.810  -39.121  58.252 0.0000000000
49523  23.975  -38.642  49.086 0.0000000000
67058  43.116  -21.612  38.474 0.0000000000
75328  48.610  -13.174  34.508 0.0000000000
66961  41.663  -22.323  47.198 0.0000000000
55791  36.077  -32.100  42.957 0.0000000000
51669  27.976  -36.481  39.689 0.0000000000
42981  21.195  -44.027  59.062 0.0000000000
45061  16.724  -42.499  54.874 0.0000000000
42986  17.698  -43.272  60.297 0.0000000000
45046  23.616  -42.532  56.556 0.0000000000
70157  44.792  -18.478  47.304 0.0000000000
51485  36.250  -36.242  57.181 0.0000000000
53458  38.596  -34.340  52.650 0.0000000000
56974  39.026  -31.544  48.400 0.0000000000
52548  35.276  -35.101  46.929 0.0000000000
52588  31.692  -35.797  41.633 0.0000000000
49548  30.843  -37.532  45.663 0.0000000000
44211  20.764  -43.747  45.796 0.0000000000
48487  20.894  -40.099  42.749 0.0000000000
72355  46.725  -16.571  36.783 0.0000000000
70351  42.908  -18.352  33.641 0.0000000000
43158  18.404  -44.424  47.290 0.0000000000
43121  14.945  -44.770  49.106 0.0000000000
48307  31.406  -38.603  55.343 0.0000000000
47255  29.786  -38.514  50.361 0.0000000000
49435  26.123  -38.770  54.033 0.0000000000
45134  22.134  -42.594  51.099 0.0000000000
68125  47.377  -21.120  38.574 0.0000000000
47078  15.941  -40.248  63.338 0.0000000000
45022  11.632  -43.036  60.293 0.0000000000
74320  49.096  -13.270  40.139 0.0000000000
71308  49.129  -18.048  41.644 0.0000000000
70225  46.645  -19.078  42.970 0.0000000000
68082  41.334  -20.200  43.461 0.0000000000
65918  37.878  -23.252  42.491 0.0000000000
62101  43.030  -26.193  50.161 0.0000000000
62145  38.070  -26.750  45.564 0.0000000000
60328  34.487  -28.778  39.920 0.0000000000
55877  32.567  -32.517  37.208 0.0000000000
49578  26.301  -37.131  44.879 0.0000000000
44002  21.457  -43.494  60.787 0.0000000000
42983  19.669  -44.153  59.720 0.0000000000
42947  19.935  -43.253  61.727 0.0000000000
44000  22.670  -43.133  59.506 0.0000000000
50527  35.804  -36.795  54.484 0.0000000000
51521  36.157  -35.812  52.475 0.0000000000
53515  37.341  -34.415  49.621 0.0000000000
51557  34.868  -35.749  49.211 0.0000000000
51598  32.761  -36.515  46.492 0.0000000000
50602  32.372  -36.887  48.284 0.0000000000
41312  18.842  -45.965  43.970 0.0000000000
42214  20.137  -45.621  42.260 0.0000000000
70293  48.207  -18.485  37.295 0.0000000000
69325  45.541  -19.506  35.554 0.0000000000
67092  46.491  -21.722  36.486 0.0000000000
43101  19.070  -44.301  50.389 0.0000000000
43137  16.700  -44.293  47.814 0.0000000000
44115  17.417  -43.193  50.990 0.0000000000
45048  15.674  -41.952  56.281 0.0000000000
45092  13.880  -42.622  53.260 0.0000000000
44088  12.606  -43.655  54.022 0.0000000000
43038  11.870  -44.220  55.844 0.0000000000
50462  32.635  -37.890  58.803 0.0000000000
48276  29.880  -38.627  57.053 0.0000000000
48330  28.720  -38.674  54.464 0.0000000000
48311  27.426  -38.802  55.865 0.0000000000
43060  22.048  -44.003  54.717 0.0000000000
45086  22.666  -42.464  53.478 0.0000000000
43098  21.107  -44.276  51.484 0.0000000000
43133  20.458  -44.562  49.007 0.0000000000
68127  45.077  -20.822  38.571 0.0000000000
64954  46.342  -24.205  39.517 0.0000000000
64956  44.027  -24.258  40.081 0.0000000000
43989  10.648  -43.284  62.218 0.0000000000
70223  48.207  -19.043  42.635 0.0000000000
72257  47.307  -17.413  45.021 0.0000000000
69173  43.577  -20.110  47.518 0.0000000000
69216  43.597  -19.266  44.962 0.0000000000
68055  41.028  -20.960  45.486 0.0000000000
67005  39.227  -21.941  42.903 0.0000000000
65892  39.501  -22.765  45.256 0.0000000000
57012  37.673  -31.646  45.665 0.0000000000
59238  38.619  -29.609  47.315 0.0000000000
59273  37.023  -29.524  44.583 0.0000000000
61234  36.110  -28.103  42.667 0.0000000000
58226  35.443  -30.648  41.388 0.0000000000
58258  33.737  -30.694  38.101 0.0000000000
55837  34.542  -32.451  40.188 0.0000000000
52640  30.159  -35.050  38.342 0.0000000000
49520  27.259  -37.799  49.889 0.0000000000
48439  28.457  -37.759  47.736 0.0000000000
49554  24.830  -38.075  46.640 0.0000000000
48511  21.869  -38.980  40.131 0.0000000000
74426  49.347  -15.486  31.708 0.0000000000
74413  47.379  -14.498  31.940 0.0000000000
43036  20.594  -44.551  55.709 0.0000000000
44074  18.278  -43.596  53.853 0.0000000000
43022  19.099  -44.486  56.754 0.0000000000
44037  17.302  -43.231  57.950 0.0000000000
46056  16.446  -41.933  58.310 0.0000000000
48242  26.639  -39.481  59.115 0.0000000000
47170  25.709  -40.608  57.678 0.0000000000
46051  24.482  -41.612  58.368 0.0000000000
44036  22.453  -43.678  57.548 0.0000000000
74214  45.367  -16.071  47.013 0.0000000000
67999  43.465  -20.874  49.666 0.0000000000
54533  39.232  -33.002  50.114 0.0000000000
54593  37.281  -33.395  47.276 0.0000000000
54647  35.966  -33.411  44.733 0.0000000000
53630  34.323  -33.780  42.389 0.0000000000
52565  33.223  -35.572  44.575 0.0000000000
51617  31.648  -36.652  43.602 0.0000000000
49597  29.583  -37.562  43.138 0.0000000000
47307  21.742  -41.249  47.082 0.0000000000
48461  22.296  -39.448  45.498 0.0000000000
46236  20.961  -41.872  44.705 0.0000000000
74364  46.184  -14.392  35.524 0.0000000000
73400  45.145  -15.784  33.398 0.0000000000
71397  45.109  -17.620  34.727 0.0000000000
45109  16.306  -42.525  51.907 0.0000000000
49398  34.438  -37.827  56.215 0.0000000000
49446  33.372  -37.841  54.000 0.0000000000
49502  32.099  -37.743  51.043 0.0000000000
49450  30.585  -38.509  52.886 0.0000000000
48375  28.172  -38.532  51.935 0.0000000000
49491  25.370  -38.646  51.347 0.0000000000
47210  24.252  -40.485  54.657 0.0000000000
48363  23.665  -40.079  52.067 0.0000000000
47274  22.889  -40.436  49.757 0.0000000000
45156  21.962  -42.743  48.597 0.0000000000
42109  19.748  -44.573  46.614 0.0000000000
67074  49.196  -21.307  38.230 0.0000000000
66000  48.141  -22.495  37.288 0.0000000000
64968  47.995  -23.685  38.718 0.0000000000
44983  16.815  -41.904  62.143 0.0000000000
47124  14.913  -40.773  60.503 0.0000000000
47114  13.304  -40.531  61.918 0.0000000000
45029  12.258  -42.460  58.724 0.0000000000
77428  48.399  -11.796  37.634 0.0000000000
74335  47.933  -14.278  38.608 0.0000000000
71344  49.011  -17.677  38.589 0.0000000000
71328  49.579  -18.238  39.669 0.0000000000
69253  49.042  -19.560  40.090 0.0000000000
70261  47.201  -19.162  40.314 0.0000000000
69257  43.951  -19.350  40.521 0.0000000000
70187  45.701  -18.694  45.829 0.0000000000
69235  43.901  -19.146  42.641 0.0000000000
68113  42.028  -20.192  39.929 0.0000000000
68103  39.890  -21.260  40.538 0.0000000000
65948  37.571  -22.766  40.237 0.0000000000
64870  43.000  -23.801  48.901 0.0000000000
60203  40.630  -28.543  49.750 0.0000000000
62123  39.865  -26.672  48.460 0.0000000000
63980  39.648  -24.652  47.043 0.0000000000
63997  37.997  -24.882  44.119 0.0000000000
63100  35.718  -26.072  41.059 0.0000000000
53665  32.216  -33.801  39.111 0.0000000000
49527  30.321  -37.667  47.587 0.0000000000
49562  28.653  -37.518  45.299 0.0000000000
50661  27.091  -36.883  42.859 0.0000000000
49593  23.545  -37.675  43.999 0.0000000000
50682  24.084  -36.937  41.706 0.0000000000
42946  20.596  -43.370  61.475 0.0000000000
43983  20.834  -42.669  61.812 0.0000000000
50540  35.012  -36.912  53.454 0.0000000000
51514  35.966  -36.444  53.678 0.0000000000
51533  34.587  -36.562  51.885 0.0000000000
51544  35.163  -35.954  50.207 0.0000000000
51545  34.556  -36.436  50.805 0.0000000000
50600  33.679  -36.628  49.401 0.0000000000
50588  33.039  -37.096  49.876 0.0000000000
70305  48.334  -19.238  37.158 0.0000000000
69312  46.958  -19.716  36.270 0.0000000000
68151  48.315  -20.874  36.919 0.0000000000
43083  19.064  -44.269  51.466 0.0000000000
44130  18.506  -43.868  50.926 0.0000000000
44100  18.649  -43.949  52.287 0.0000000000
45049  14.452  -41.846  56.067 0.0000000000
45064  13.606  -42.252  55.384 0.0000000000
45065  12.811  -42.693  55.567 0.0000000000
43053  11.975  -44.476  55.040 0.0000000000
45051  12.485  -42.813  56.604 0.0000000000
49355  27.954  -38.515  59.412 0.0000000000
49353  29.483  -38.466  59.010 0.0000000000
49371  30.508  -38.554  58.392 0.0000000000
48261  28.676  -38.843  58.021 0.0000000000
48292  28.150  -38.663  56.642 0.0000000000
48278  27.874  -38.958  57.540 0.0000000000
43062  20.861  -44.510  54.002 0.0000000000
43071  21.292  -44.261  53.325 0.0000000000
43072  20.674  -44.534  53.052 0.0000000000
43099  20.506  -44.581  51.104 0.0000000000
67057  44.307  -21.737  38.468 0.0000000000
65973  44.742  -22.855  38.886 0.0000000000
65974  43.498  -22.669  38.634 0.0000000000
73258  46.602  -15.879  44.248 0.0000000000
72266  47.522  -17.126  44.533 0.0000000000
73248  46.300  -16.173  45.110 0.0000000000
68025  42.995  -21.050  47.549 0.0000000000
68053  42.513  -20.450  46.335 0.0000000000
68039  42.055  -21.068  46.621 0.0000000000
66985  40.343  -21.712  45.391 0.0000000000
66972  40.554  -22.186  46.074 0.0000000000
55751  36.736  -32.373  44.544 0.0000000000
58175  37.487  -30.633  44.960 0.0000000000
57041  36.405  -31.521  43.166 0.0000000000
59299  36.364  -29.854  43.029 0.0000000000
57055  35.608  -31.496  41.807 0.0000000000
57091  34.945  -31.504  40.288 0.0000000000
55816  35.287  -32.369  41.499 0.0000000000
49522  25.050  -38.208  49.317 0.0000000000
49530  25.827  -37.928  48.527 0.0000000000
49544  24.372  -38.262  47.416 0.0000000000
74399  48.083  -14.233  32.669 0.0000000000
75352  47.944  -13.843  33.289 0.0000000000
43010  20.750  -44.401  57.474 0.0000000000
43011  19.897  -44.498  57.679 0.0000000000
42985  18.275  -43.648  60.137 0.0000000000
43000  18.340  -43.675  59.247 0.0000000000
43001  17.720  -43.396  59.490 0.0000000000
45028  16.899  -42.671  58.177 0.0000000000
44015  17.214  -43.142  59.781 0.0000000000
47119  25.259  -40.046  59.726 0.0000000000
46036  24.984  -40.965  58.691 0.0000000000
46037  24.326  -41.491  59.080 0.0000000000
44014  22.218  -43.573  59.193 0.0000000000
44013  22.841  -43.201  58.808 0.0000000000
42995  21.879  -43.985  57.893 0.0000000000
43019  21.641  -44.365  56.494 0.0000000000
52460  38.173  -34.975  54.251 0.0000000000
53422  39.403  -33.868  54.241 0.0000000000
54472  39.921  -33.257  53.723 0.0000000000
55662  40.264  -32.545  51.891 0.0000000000
53475  39.025  -33.893  51.449 0.0000000000
52537  36.087  -34.820  48.397 0.0000000000
53535  37.349  -34.130  48.826 0.0000000000
53569  36.324  -34.174  46.810 0.0000000000
54609  36.672  -33.643  46.491 0.0000000000
53582  35.802  -34.145  45.681 0.0000000000
53593  34.853  -34.303  44.726 0.0000000000
52558  34.279  -35.149  45.408 0.0000000000
50629  32.017  -36.845  45.879 0.0000000000
51604  32.503  -36.450  45.572 0.0000000000
50638  31.211  -37.220  44.189 0.0000000000
50647  30.530  -37.477  43.492 0.0000000000
49574  30.346  -37.547  44.153 0.0000000000
45192  21.587  -42.498  46.552 0.0000000000
47334  21.437  -41.015  45.736 0.0000000000
45202  21.000  -42.916  45.132 0.0000000000
74355  46.281  -14.849  36.438 0.0000000000
74375  45.754  -15.040  35.009 0.0000000000
72382  46.056  -16.873  35.651 0.0000000000
69326  44.555  -19.401  35.185 0.0000000000
42112  17.520  -45.389  46.023 0.0000000000
43185  17.108  -44.970  46.665 0.0000000000
45060  17.589  -43.083  54.438 0.0000000000
45089  17.004  -42.557  52.704 0.0000000000
45090  15.924  -42.263  52.882 0.0000000000
42008  13.392  -45.304  52.259 0.0000000000
44117  13.879  -43.977  51.574 0.0000000000
49386  32.662  -38.373  57.094 0.0000000000
49368  33.256  -38.031  57.673 0.0000000000
49400  33.167  -38.404  56.186 0.0000000000
49427  33.564  -38.035  54.783 0.0000000000
49413  32.332  -38.452  54.826 0.0000000000
49448  31.859  -38.364  53.417 0.0000000000
48327  31.156  -38.663  54.592 0.0000000000
49433  27.880  -38.699  54.335 0.0000000000
48346  28.492  -38.698  53.520 0.0000000000
49470  27.354  -38.545  52.774 0.0000000000
49490  26.481  -38.355  51.630 0.0000000000
49472  25.728  -38.765  52.326 0.0000000000
46088  24.462  -41.443  56.720 0.0000000000
47184  24.971  -40.903  56.612 0.0000000000
47198  24.136  -41.151  55.864 0.0000000000
46135  22.532  -42.408  52.143 0.0000000000
46134  22.801  -41.850  52.422 0.0000000000
46149  22.692  -41.618  51.537 0.0000000000
48378  23.498  -39.971  51.160 0.0000000000
46161  22.493  -41.767  50.734 0.0000000000
46181  22.146  -41.770  48.842 0.0000000000
45146  21.962  -43.057  49.371 0.0000000000
43134  19.573  -44.573  48.652 0.0000000000
43156  20.430  -44.527  47.716 0.0000000000
42087  18.949  -44.617  47.098 0.0000000000
67053  48.476  -21.850  38.477 0.0000000000
65969  48.395  -22.816  38.394 0.0000000000
65970  47.778  -22.962  38.801 0.0000000000
64049  46.746  -24.776  39.522 0.0000000000
45980  16.521  -40.948  62.940 0.0000000000
46012  16.167  -41.545  61.506 0.0000000000
45996  15.594  -40.914  61.707 0.0000000000
44993  11.840  -42.203  61.510 0.0000000000
46033  12.391  -41.608  61.052 0.0000000000
46032  12.987  -41.111  60.627 0.0000000000
45021  12.049  -42.581  59.674 0.0000000000
44029  11.919  -43.183  58.251 0.0000000000
44030  11.399  -43.746  58.729 0.0000000000
77426  49.674  -11.241  36.654 0.0000000000
76369  48.961  -12.100  38.868 0.0000000000
74334  48.545  -14.027  39.216 0.0000000000
72340  48.374  -16.182  38.831 0.0000000000
73330  48.669  -14.963  39.659 0.0000000000
72291  48.972  -17.027  41.301 0.0000000000
72324  49.386  -17.293  39.869 0.0000000000
71316  49.460  -18.413  40.485 0.0000000000
70259  49.464  -19.258  39.753 0.0000000000
70246  49.265  -18.938  40.814 0.0000000000
70224  47.574  -19.258  42.860 0.0000000000
70249  47.535  -19.104  41.173 0.0000000000
70250  46.619  -18.998  41.056 0.0000000000
70263  45.523  -18.995  39.906 0.0000000000
69242  44.804  -18.990  41.190 0.0000000000
72231  45.739  -16.885  47.341 0.0000000000
71256  46.122  -17.599  46.745 0.0000000000
70175  45.343  -18.565  46.568 0.0000000000
69228  42.838  -19.486  44.038 0.0000000000
69227  44.013  -19.135  43.850 0.0000000000
69236  43.015  -19.420  42.952 0.0000000000
69244  43.069  -19.368  41.874 0.0000000000
68101  41.567  -20.194  41.325 0.0000000000
68102  40.702  -20.752  40.585 0.0000000000
68092  40.706  -20.674  41.812 0.0000000000
67006  38.669  -22.431  42.588 0.0000000000
67013  38.770  -22.258  42.058 0.0000000000
65940  37.574  -22.851  41.079 0.0000000000
64936  36.560  -23.938  40.880 0.0000000000
63954  42.939  -25.112  49.387 0.0000000000
56958  40.112  -31.218  50.066 0.0000000000
59181  41.062  -29.568  50.500 0.0000000000
58105  39.679  -29.939  49.063 0.0000000000
61201  38.462  -27.833  46.680 0.0000000000
61176  39.137  -27.875  47.760 0.0000000000
62135  38.959  -26.929  47.275 0.0000000000
63972  39.988  -24.941  47.689 0.0000000000
63052  38.931  -25.735  46.742 0.0000000000
63988  38.522  -24.811  45.391 0.0000000000
63061  38.103  -25.822  45.137 0.0000000000
61247  35.644  -27.960  41.832 0.0000000000
62171  35.953  -27.001  42.207 0.0000000000
62200  35.188  -26.805  40.529 0.0000000000
62214  35.027  -26.341  39.745 0.0000000000
61273  34.328  -27.752  39.359 0.0000000000
60340  33.818  -28.839  38.359 0.0000000000
57125  33.376  -31.605  37.359 0.0000000000
57147  33.001  -31.244  35.925 0.0000000000
53632  32.926  -34.460  41.674 0.0000000000
53646  33.385  -33.821  41.185 0.0000000000
53648  32.021  -34.546  40.220 0.0000000000
53676  30.211  -34.232  37.417 0.0000000000
48389  30.921  -38.338  50.854 0.0000000000
48420  30.788  -37.903  49.219 0.0000000000
48408  30.349  -38.244  49.583 0.0000000000
49552  27.319  -37.608  46.643 0.0000000000
49551  28.290  -37.662  46.266 0.0000000000
49563  27.534  -37.278  45.423 0.0000000000
50650  27.625  -37.007  43.842 0.0000000000
50651  26.596  -36.895  43.530 0.0000000000
48480  21.881  -39.432  43.915 0.0000000000
49582  22.702  -38.856  45.115 0.0000000000
49601  22.039  -38.870  43.419 0.0000000000
50695  22.826  -37.431  41.279 0.0000000000
51652  24.394  -36.684  40.472 0.0000000000
72402  44.194  -16.830  33.171 0.0000000000
72412  44.039  -16.346  32.146 0.0000000000
64996  45.963  -23.809  37.139 0.0000000000
42970  21.146  -43.795  60.036 0.0000000000
42982  20.479  -44.120  59.418 0.0000000000
42971  20.305  -43.993  60.366 0.0000000000
42972  19.533  -44.070  60.660 0.0000000000
42961  18.751  -43.345  61.570 0.0000000000
44001  22.096  -43.400  60.178 0.0000000000
50488  36.137  -36.886  55.868 0.0000000000
51493  36.963  -35.995  56.127 0.0000000000
51501  36.986  -36.084  55.218 0.0000000000
52461  37.418  -35.368  53.756 0.0000000000
52489  37.958  -34.751  52.365 0.0000000000
53476  38.380  -34.329  51.378 0.0000000000
52503  36.574  -35.156  50.804 0.0000000000
52513  35.702  -35.433  49.593 0.0000000000
52526  34.867  -35.530  48.212 0.0000000000
52549  34.343  -35.581  46.642 0.0000000000
51570  34.048  -36.082  48.433 0.0000000000
50615  32.885  -36.612  47.997 0.0000000000
50617  31.820  -37.197  46.955 0.0000000000
43242  19.712  -44.888  44.797 0.0000000000
44226  20.599  -43.774  44.748 0.0000000000
42188  19.746  -45.707  43.376 0.0000000000
71360  47.474  -17.464  37.105 0.0000000000
71378  46.553  -17.664  36.161 0.0000000000
70307  46.771  -18.695  36.199 0.0000000000
69313  46.170  -19.918  35.932 0.0000000000
43119  18.957  -44.311  49.422 0.0000000000
43136  17.657  -44.068  47.964 0.0000000000
44167  17.745  -43.755  48.816 0.0000000000
44151  16.897  -43.480  49.274 0.0000000000
44133  16.047  -43.300  49.749 0.0000000000
45062  15.751  -41.995  55.132 0.0000000000
45076  15.638  -42.163  54.112 0.0000000000
45077  14.620  -42.219  54.124 0.0000000000
44087  12.975  -43.478  53.564 0.0000000000
41142  12.232  -46.207  54.229 0.0000000000
49370  31.426  -38.510  58.140 0.0000000000
48275  30.748  -38.615  56.855 0.0000000000
48308  30.530  -38.649  55.294 0.0000000000
48291  29.272  -38.588  56.363 0.0000000000
48310  28.733  -38.594  55.508 0.0000000000
48331  26.733  -38.868  55.347 0.0000000000
44071  22.812  -42.996  55.297 0.0000000000
45072  22.818  -42.659  54.432 0.0000000000
45073  22.433  -43.222  54.248 0.0000000000
44111  22.032  -43.291  52.292 0.0000000000
44128  21.904  -43.217  51.461 0.0000000000
44148  21.695  -43.591  49.989 0.0000000000
43116  21.131  -44.230  50.505 0.0000000000
43118  19.714  -44.534  49.719 0.0000000000
68126  46.286  -20.977  38.538 0.0000000000
65971  46.915  -22.831  38.965 0.0000000000
65972  45.921  -22.774  38.941 0.0000000000
64955  45.283  -24.062  39.845 0.0000000000
44985  11.073  -42.632  62.825 0.0000000000
43997  10.886  -43.651  61.337 0.0000000000
42976  10.840  -44.349  59.988 0.0000000000
42977  10.500  -44.635  60.449 0.0000000000
73266  48.341  -16.740  42.932 0.0000000000
71299  48.733  -18.207  42.507 0.0000000000
71289  48.530  -18.139  43.184 0.0000000000
70209  48.056  -19.038  43.552 0.0000000000
70210  47.206  -19.043  43.739 0.0000000000
69172  43.970  -19.479  47.601 0.0000000000
69171  44.619  -18.863  46.855 0.0000000000
69195  43.611  -19.926  47.022 0.0000000000
69207  42.592  -20.032  45.856 0.0000000000
68074  41.312  -20.285  44.346 0.0000000000
68083  40.695  -20.685  42.870 0.0000000000
68066  40.211  -21.085  44.162 0.0000000000
66998  39.673  -21.721  44.207 0.0000000000
65906  38.713  -23.050  43.963 0.0000000000
56987  38.598  -31.385  47.643 0.0000000000
58122  38.791  -30.373  47.759 0.0000000000
58157  38.157  -30.516  46.228 0.0000000000
59254  37.995  -29.664  45.935 0.0000000000
60271  37.323  -28.623  45.048 0.0000000000
61227  37.032  -27.768  44.050 0.0000000000
60286  36.733  -28.709  43.942 0.0000000000
60306  35.712  -28.960  42.182 0.0000000000
59323  34.720  -29.746  40.336 0.0000000000
59333  33.990  -29.656  38.751 0.0000000000
58240  34.645  -30.651  39.873 0.0000000000
57102  34.084  -31.675  38.733 0.0000000000
55864  33.353  -32.525  38.248 0.0000000000
51644  31.205  -36.234  41.289 0.0000000000
52606  31.375  -35.490  40.414 0.0000000000
52624  30.235  -35.944  39.545 0.0000000000
52641  29.257  -36.067  38.673 0.0000000000
52657  28.403  -35.891  36.918 0.0000000000
48409  28.302  -38.057  49.663 0.0000000000
47273  28.903  -38.107  49.193 0.0000000000
48424  27.657  -37.746  48.203 0.0000000000
49542  26.702  -37.753  47.666 0.0000000000
49565  25.152  -37.751  45.810 0.0000000000
48501  21.134  -39.272  41.972 0.0000000000
47386  21.214  -40.196  40.278 0.0000000000
74397  49.813  -15.139  32.780 0.0000000000
74428  47.823  -15.004  31.159 0.0000000000
73444  45.945  -15.505  30.561 0.0000000000
43051  20.315  -44.559  54.737 0.0000000000
44085  18.826  -43.965  53.187 0.0000000000
44061  18.997  -44.408  54.992 0.0000000000
44062  18.366  -43.797  55.032 0.0000000000
44063  17.540  -43.189  55.624 0.0000000000
43012  18.997  -44.377  57.993 0.0000000000
43024  17.810  -43.641  57.853 0.0000000000
45047  16.685  -42.578  56.019 0.0000000000
45035  16.777  -42.514  57.134 0.0000000000
46075  15.557  -41.680  57.299 0.0000000000
46057  15.456  -41.343  58.463 0.0000000000
48263  26.992  -39.586  58.480 0.0000000000
48279  27.059  -39.578  57.808 0.0000000000
47152  25.678  -40.534  58.353 0.0000000000
46050  25.074  -41.100  58.012 0.0000000000
45033  24.084  -42.114  57.231 0.0000000000
45018  23.907  -42.144  58.775 0.0000000000
45034  23.593  -42.701  57.581 0.0000000000
44045  22.970  -43.197  56.406 0.0000000000
43033  22.237  -43.945  56.005 0.0000000000
43050  21.075  -44.485  54.933 0.0000000000
67060  41.432  -21.859  38.491 0.0000000000
64971  42.707  -23.485  38.938 0.0000000000
64972  41.517  -23.659  38.786 0.0000000000
75210  45.274  -15.617  45.872 0.0000000000
71227  44.273  -17.882  48.605 0.0000000000
69147  43.867  -19.576  48.488 0.0000000000
68016  43.605  -20.460  48.827 0.0000000000
66950  43.148  -21.746  48.393 0.0000000000
55676  40.475  -31.629  51.088 0.0000000000
55689  39.368  -32.200  49.462 0.0000000000
53496  38.149  -34.130  50.136 0.0000000000
54553  38.418  -33.355  49.312 0.0000000000
55702  38.705  -32.335  48.491 0.0000000000
55725  37.618  -32.511  46.463 0.0000000000
55737  36.788  -32.725  45.263 0.0000000000
54668  35.665  -33.265  43.742 0.0000000000
54683  35.421  -33.072  42.850 0.0000000000
53605  34.748  -34.053  43.794 0.0000000000
53606  34.160  -34.363  43.343 0.0000000000
52577  32.459  -35.389  42.538 0.0000000000
52559  33.467  -35.742  45.486 0.0000000000
52566  32.570  -35.953  44.237 0.0000000000
51620  31.630  -36.426  42.737 0.0000000000
50675  30.724  -37.142  41.892 0.0000000000
50676  30.035  -37.364  41.724 0.0000000000
51628  28.761  -36.983  41.411 0.0000000000
48425  22.849  -39.793  48.273 0.0000000000
49546  23.079  -39.015  47.272 0.0000000000
48453  22.033  -40.084  46.412 0.0000000000
47344  21.325  -40.850  44.864 0.0000000000
47354  20.800  -40.890  43.383 0.0000000000
44239  20.505  -43.713  43.668 0.0000000000
45226  20.466  -42.479  42.952 0.0000000000
75329  47.688  -13.282  34.810 0.0000000000
74386  46.414  -14.132  33.732 0.0000000000
74374  46.209  -14.217  34.629 0.0000000000
72393  44.909  -16.803  34.000 0.0000000000
71411  43.825  -17.755  33.704 0.0000000000
70321  45.199  -18.530  35.143 0.0000000000
69342  44.179  -19.088  34.827 0.0000000000
45088  17.702  -43.083  52.455 0.0000000000
45124  16.826  -42.853  51.185 0.0000000000
45126  15.259  -43.095  50.704 0.0000000000
44102  14.334  -43.190  51.694 0.0000000000
44116  14.346  -43.591  51.096 0.0000000000
50474  35.373  -37.098  56.996 0.0000000000
50503  35.104  -37.425  55.476 0.0000000000
49445  34.116  -37.591  54.309 0.0000000000
49482  33.736  -37.404  52.891 0.0000000000
49501  32.801  -37.500  51.418 0.0000000000
49484  32.294  -38.007  51.934 0.0000000000
49468  31.030  -38.497  52.359 0.0000000000
49487  30.459  -38.524  51.714 0.0000000000
48344  30.272  -38.644  53.706 0.0000000000
48359  29.121  -38.613  52.639 0.0000000000
48374  28.746  -38.551  51.621 0.0000000000
49505  27.310  -38.057  50.975 0.0000000000
49506  26.282  -38.036  50.645 0.0000000000
49508  24.445  -38.706  50.005 0.0000000000
47182  26.300  -39.993  57.014 0.0000000000
48312  26.199  -39.553  56.124 0.0000000000
48333  24.942  -39.785  54.898 0.0000000000
47222  23.819  -41.175  54.160 0.0000000000
47221  24.102  -40.547  53.773 0.0000000000
48361  25.052  -39.144  53.071 0.0000000000
48377  24.288  -39.301  51.569 0.0000000000
48393  23.967  -39.248  50.612 0.0000000000
48412  23.229  -39.566  49.258 0.0000000000
47289  22.311  -40.738  48.455 0.0000000000
46194  21.819  -41.830  47.553 0.0000000000
44196  21.587  -43.272  47.150 0.0000000000
43155  21.185  -44.221  48.419 0.0000000000
44182  21.200  -44.114  47.688 0.0000000000
43212  20.003  -44.521  45.393 0.0000000000
42134  19.212  -44.895  45.587 0.0000000000
68139  49.421  -20.989  37.968 0.0000000000
67090  48.540  -21.696  37.280 0.0000000000
65988  48.555  -22.758  37.863 0.0000000000
64953  47.131  -24.160  39.291 0.0000000000
64066  47.177  -24.901  39.006 0.0000000000
64957  42.953  -24.193  39.662 0.0000000000
44980  20.171  -42.491  62.069 0.0000000000
43985  18.797  -42.746  62.961 0.0000000000
42949  18.599  -42.757  62.254 0.0000000000
43974  17.797  -42.384  62.891 0.0000000000
43996  17.306  -42.705  61.126 0.0000000000
44992  16.798  -42.228  61.289 0.0000000000
46044  15.610  -41.251  59.526 0.0000000000
46058  14.333  -41.061  58.446 0.0000000000
47080  14.136  -40.039  63.465 0.0000000000
47125  14.232  -40.492  60.795 0.0000000000
47158  13.720  -40.841  59.624 0.0000000000
46077  13.423  -41.575  57.872 0.0000000000
44038  11.946  -43.370  57.367 0.0000000000
76412  49.171  -12.753  35.114 0.0000000000
76400  48.632  -12.379  35.859 0.0000000000
75306  47.187  -13.018  36.801 0.0000000000
75307  46.728  -13.937  37.123 0.0000000000
78455  49.274  -10.988  38.210 0.0000000000
75297  47.481  -13.464  37.884 0.0000000000
73361  47.219  -15.536  37.708 0.0000000000
72341  47.688  -16.366  37.958 0.0000000000
71359  48.391  -17.975  37.806 0.0000000000
70292  48.947  -18.970  37.837 0.0000000000
72325  49.053  -16.512  39.560 0.0000000000
71343  49.575  -18.270  38.943 0.0000000000
70291  49.455  -19.446  38.270 0.0000000000
69281  49.400  -20.042  38.874 0.0000000000
68110  49.021  -20.475  39.051 0.0000000000
69283  48.057  -20.409  38.854 0.0000000000
70236  48.445  -18.944  41.786 0.0000000000
69255  48.229  -19.381  40.375 0.0000000000
69284  47.082  -20.181  38.865 0.0000000000
69285  45.846  -19.945  38.887 0.0000000000
69286  44.651  -19.998  38.858 0.0000000000
68111  43.633  -20.041  39.022 0.0000000000
72243  46.479  -17.047  46.355 0.0000000000
70186  46.438  -18.520  45.470 0.0000000000
70211  46.273  -18.933  43.935 0.0000000000
69204  45.202  -18.855  45.426 0.0000000000
69226  44.686  -19.042  44.163 0.0000000000
70226  45.611  -18.957  43.116 0.0000000000
69243  43.935  -19.229  41.571 0.0000000000
69273  43.142  -19.736  40.056 0.0000000000
68129  42.648  -20.772  38.868 0.0000000000
68114  40.898  -20.926  39.455 0.0000000000
67040  40.243  -21.487  39.034 0.0000000000
67012  39.344  -21.706  41.798 0.0000000000
67032  38.813  -22.069  40.405 0.0000000000
65865  43.300  -22.788  49.101 0.0000000000
65874  42.359  -22.878  47.927 0.0000000000
61145  42.394  -27.148  50.296 0.0000000000
59223  39.469  -29.351  48.632 0.0000000000
61161  40.652  -27.441  49.494 0.0000000000
62110  41.997  -26.219  49.633 0.0000000000
63964  41.205  -25.066  48.248 0.0000000000
64879  41.406  -23.890  47.747 0.0000000000
64887  41.240  -23.313  47.389 0.0000000000
64898  39.341  -23.457  45.710 0.0000000000
64899  38.837  -23.780  45.122 0.0000000000
64908  37.995  -24.197  43.659 0.0000000000
62164  37.083  -26.815  43.668 0.0000000000
64004  37.017  -25.209  42.677 0.0000000000
64015  36.751  -24.814  42.037 0.0000000000
63114  35.944  -25.293  40.883 0.0000000000
59346  33.302  -29.848  37.165 0.0000000000
58289  33.266  -30.475  35.477 0.0000000000
54711  34.319  -32.992  40.897 0.0000000000
54725  33.470  -33.126  39.497 0.0000000000
54751  32.286  -32.995  37.714 0.0000000000
52639  30.867  -34.602  38.520 0.0000000000
54752  31.617  -33.351  37.601 0.0000000000
49517  32.161  -37.493  50.122 0.0000000000
50590  31.763  -37.236  48.611 0.0000000000
49539  30.953  -37.557  46.876 0.0000000000
48438  29.294  -37.749  47.452 0.0000000000
49540  30.005  -37.712  46.783 0.0000000000
49549  30.148  -37.766  45.962 0.0000000000
49588  29.322  -37.500  43.747 0.0000000000
50660  28.099  -37.166  42.914 0.0000000000
51630  27.015  -36.630  41.233 0.0000000000
49555  23.816  -38.363  46.645 0.0000000000
49580  24.351  -37.735  44.991 0.0000000000
49592  24.625  -37.402  44.288 0.0000000000
49611  22.289  -38.050  41.930 0.0000000000
50664  23.888  -37.346  43.062 0.0000000000
50653  24.812  -37.215  43.624 0.0000000000
50681  25.431  -36.832  41.925 0.0000000000
51631  25.980  -36.596  41.150 0.0000000000
73411  45.345  -15.327  32.404 0.0000000000
73428  45.621  -15.283  31.467 0.0000000000
72443  44.263  -16.377  30.298 0.0000000000
67091  47.736  -21.797  36.785 0.0000000000
51523  34.562  -36.794  52.527 0.0000000000
51522  35.214  -36.573  52.768 0.0000000000
50587  33.822  -36.786  50.302 0.0000000000
50574  33.269  -37.109  50.856 0.0000000000
69310  48.714  -20.014  37.319 0.0000000000
43074  19.306  -44.300  52.484 0.0000000000
46094  14.442  -41.682  56.814 0.0000000000
45050  13.469  -42.104  56.366 0.0000000000
45037  13.094  -42.104  57.130 0.0000000000
48241  27.717  -39.007  58.961 0.0000000000
49354  28.636  -38.478  59.229 0.0000000000
48240  28.583  -38.750  58.650 0.0000000000
48239  29.239  -38.691  58.436 0.0000000000
43063  20.136  -44.565  53.743 0.0000000000
43073  19.977  -44.614  52.766 0.0000000000
43082  19.839  -44.632  51.772 0.0000000000
73249  46.002  -15.882  44.623 0.0000000000
66960  42.393  -21.860  47.528 0.0000000000
66970  42.098  -21.388  46.989 0.0000000000
66971  41.340  -21.809  46.553 0.0000000000
55772  36.360  -32.421  43.630 0.0000000000
57025  36.748  -31.571  43.935 0.0000000000
57054  35.960  -31.467  42.534 0.0000000000
55792  35.617  -32.296  42.428 0.0000000000
49531  24.740  -38.188  48.323 0.0000000000
49532  23.822  -38.559  48.074 0.0000000000
75342  47.890  -13.460  33.981 0.0000000000
42997  20.594  -44.275  58.435 0.0000000000
44003  17.319  -43.009  60.485 0.0000000000
48221  25.479  -39.229  59.788 0.0000000000
47135  24.796  -40.765  59.374 0.0000000000
47120  24.512  -40.552  60.009 0.0000000000
42980  21.758  -43.874  58.721 0.0000000000
42996  21.288  -44.132  58.168 0.0000000000
53440  38.760  -34.426  53.712 0.0000000000
53439  39.271  -33.810  53.160 0.0000000000
54493  39.886  -33.201  52.559 0.0000000000
53457  39.145  -33.869  52.065 0.0000000000
52538  35.521  -35.044  47.792 0.0000000000
53556  36.463  -34.305  47.666 0.0000000000
53557  35.874  -34.615  47.131 0.0000000000
53570  35.802  -34.492  46.461 0.0000000000
52557  35.151  -34.866  46.074 0.0000000000
50626  31.546  -37.233  46.203 0.0000000000
50630  31.370  -37.209  45.269 0.0000000000
49573  30.773  -37.462  44.278 0.0000000000
49559  30.794  -37.469  44.754 0.0000000000
45193  21.421  -42.939  46.036 0.0000000000
46219  21.233  -42.244  45.461 0.0000000000
73374  46.269  -15.899  36.207 0.0000000000
73375  46.088  -15.604  35.838 0.0000000000
73383  46.165  -16.371  35.859 0.0000000000
43184  17.879  -44.668  46.620 0.0000000000
45075  16.805  -42.498  53.749 0.0000000000
41178  13.792  -46.197  51.803 0.0000000000
48288  31.859  -38.591  55.951 0.0000000000
48273  32.375  -38.530  56.364 0.0000000000
48287  32.513  -38.536  55.777 0.0000000000
49412  32.888  -38.430  55.295 0.0000000000
48326  31.796  -38.545  54.852 0.0000000000
49429  31.985  -38.482  54.232 0.0000000000
49434  26.905  -38.645  54.403 0.0000000000
49451  27.604  -38.635  53.495 0.0000000000
49452  26.756  -38.607  53.409 0.0000000000
49471  26.631  -38.532  52.542 0.0000000000
49453  25.914  -38.777  53.232 0.0000000000
46089  24.000  -41.939  56.521 0.0000000000
46103  24.264  -41.236  56.151 0.0000000000
46104  23.888  -41.731  55.935 0.0000000000
46150  22.469  -42.190  51.663 0.0000000000
46160  22.784  -41.267  51.159 0.0000000000
46171  22.345  -41.824  49.727 0.0000000000
45145  22.090  -42.654  50.107 0.0000000000
43157  19.303  -44.563  47.568 0.0000000000
43183  18.407  -44.600  46.718 0.0000000000
68124  48.216  -21.161  38.620 0.0000000000
67054  47.630  -22.013  38.684 0.0000000000
45971  16.743  -40.732  63.298 0.0000000000
45995  16.192  -41.081  62.321 0.0000000000
47095  15.798  -40.502  62.903 0.0000000000
46014  12.274  -41.420  62.014 0.0000000000
45007  11.996  -42.363  60.621 0.0000000000
46046  12.497  -41.726  60.158 0.0000000000
44016  11.821  -43.115  59.006 0.0000000000
44017  11.438  -43.568  59.640 0.0000000000
78464  49.772  -10.784  36.830 0.0000000000
78453  49.743  -10.342  37.006 0.0000000000
75281  49.108  -12.819  39.785 0.0000000000
74321  48.910  -13.668  39.793 0.0000000000
72307  49.380  -17.577  40.469 0.0000000000
72290  49.296  -17.906  41.011 0.0000000000
71307  49.303  -18.399  41.076 0.0000000000
70234  49.209  -18.576  41.332 0.0000000000
70238  47.070  -19.045  42.028 0.0000000000
70239  45.892  -18.907  41.928 0.0000000000
71243  45.423  -17.623  47.456 0.0000000000
71257  45.633  -18.151  46.902 0.0000000000
69229  41.947  -19.867  44.144 0.0000000000
69237  42.120  -19.797  43.191 0.0000000000
69245  42.236  -19.736  42.140 0.0000000000
68091  41.429  -20.201  42.458 0.0000000000
65928  38.285  -22.740  42.272 0.0000000000
65929  37.709  -23.096  41.837 0.0000000000
64935  37.090  -23.459  41.386 0.0000000000
64925  37.280  -23.837  42.167 0.0000000000
63027  42.930  -25.756  49.775 0.0000000000
56973  39.486  -31.044  48.987 0.0000000000
58085  40.136  -30.282  49.607 0.0000000000
61202  38.118  -27.749  45.948 0.0000000000
62144  38.457  -26.783  46.359 0.0000000000
63060  38.452  -25.753  45.921 0.0000000000
60315  34.923  -28.808  40.720 0.0000000000
61258  35.263  -27.872  41.032 0.0000000000
61259  34.774  -27.826  40.267 0.0000000000
61274  33.990  -28.122  38.662 0.0000000000
60329  34.124  -28.812  39.114 0.0000000000
55876  33.166  -32.134  37.429 0.0000000000
57136  32.796  -31.843  36.276 0.0000000000
55890  32.822  -32.120  36.792 0.0000000000
52587  32.191  -35.027  41.265 0.0000000000
48390  30.250  -38.478  50.555 0.0000000000
47271  29.876  -38.452  49.899 0.0000000000
49577  27.078  -36.890  44.533 0.0000000000
49590  26.306  -37.016  44.123 0.0000000000
47362  20.966  -40.295  43.096 0.0000000000
48486  21.296  -39.590  42.974 0.0000000000
71420  43.655  -17.370  33.247 0.0000000000
71421  42.981  -17.691  33.104 0.0000000000
42958  20.813  -43.658  60.914 0.0000000000
42959  20.113  -43.798  61.187 0.0000000000
42960  19.385  -43.675  61.437 0.0000000000
43994  21.895  -43.063  61.165 0.0000000000
45005  22.386  -42.795  60.820 0.0000000000
50514  36.034  -36.892  55.101 0.0000000000
51502  36.445  -36.592  55.586 0.0000000000
51508  36.350  -36.522  54.719 0.0000000000
51513  36.690  -35.716  53.274 0.0000000000
51520  36.750  -35.563  52.691 0.0000000000
52475  37.319  -35.251  52.764 0.0000000000
52476  36.884  -35.434  52.267 0.0000000000
52490  37.455  -34.991  51.807 0.0000000000
52491  36.641  -35.363  51.643 0.0000000000
52504  35.915  -35.499  50.542 0.0000000000
52525  35.439  -35.324  48.692 0.0000000000
51569  34.769  -35.647  48.630 0.0000000000
50601  33.108  -36.717  48.751 0.0000000000
51571  33.307  -36.454  48.141 0.0000000000
50616  32.436  -36.824  47.422 0.0000000000
42161  19.245  -45.476  44.401 0.0000000000
42160  20.065  -45.257  43.767 0.0000000000
41328  19.065  -46.133  43.516 0.0000000000
71377  47.112  -18.155  36.532 0.0000000000
70306  47.600  -18.798  36.695 0.0000000000
68152  47.359  -20.787  36.469 0.0000000000
68153  46.396  -20.629  36.178 0.0000000000
67111  45.755  -21.175  36.147 0.0000000000
44166  18.378  -43.879  49.263 0.0000000000
44149  18.502  -43.825  50.040 0.0000000000
44131  17.883  -43.450  50.564 0.0000000000
44132  16.937  -43.091  50.302 0.0000000000
46106  15.170  -41.946  54.859 0.0000000000
45063  14.668  -41.932  55.082 0.0000000000
44075  12.939  -43.057  54.119 0.0000000000
45078  13.456  -42.579  54.342 0.0000000000
43065  12.684  -44.516  53.317 0.0000000000
42000  12.470  -45.147  53.611 0.0000000000
43066  12.398  -44.255  54.019 0.0000000000
41995  12.130  -45.406  54.301 0.0000000000
41143  11.924  -46.262  54.857 0.0000000000
41988  11.654  -45.588  55.491 0.0000000000
50424  31.104  -37.488  59.707 0.0000000000
48260  29.655  -38.722  57.919 0.0000000000
48259  30.566  -38.646  57.634 0.0000000000
48258  31.249  -38.595  57.391 0.0000000000
48290  30.188  -38.588  56.176 0.0000000000
44072  22.422  -43.456  54.841 0.0000000000
44083  22.132  -43.657  54.048 0.0000000000
43080  21.160  -44.279  52.422 0.0000000000
44099  21.635  -43.820  52.758 0.0000000000
44112  21.552  -43.769  51.881 0.0000000000
44129  21.540  -43.736  50.979 0.0000000000
43100  19.763  -44.577  50.750 0.0000000000
67056  45.517  -21.885  38.591 0.0000000000
64969  44.661  -23.673  39.455 0.0000000000
44994  11.207  -42.777  61.887 0.0000000000
42964  10.786  -44.202  60.698 0.0000000000
72273  48.518  -17.564  43.134 0.0000000000
72274  47.985  -16.939  43.646 0.0000000000
71290  48.203  -18.036  43.889 0.0000000000
71280  47.501  -17.873  44.708 0.0000000000
70195  47.530  -18.570  44.293 0.0000000000
68054  41.651  -20.846  46.019 0.0000000000
68063  42.166  -20.305  45.709 0.0000000000
69218  41.831  -20.097  44.685 0.0000000000
68064  41.600  -20.439  45.159 0.0000000000
68075  40.684  -20.667  43.819 0.0000000000
68065  40.718  -20.853  44.741 0.0000000000
66986  39.647  -22.144  44.848 0.0000000000
65916  39.024  -22.386  43.733 0.0000000000
65905  39.227  -22.522  44.446 0.0000000000
56999  38.113  -31.467  46.535 0.0000000000
57011  38.006  -31.066  45.971 0.0000000000
58176  36.926  -30.651  44.247 0.0000000000
59272  37.557  -29.652  45.330 0.0000000000
60253  37.794  -28.695  45.647 0.0000000000
60272  37.026  -28.458  44.475 0.0000000000
59288  36.636  -29.745  43.757 0.0000000000
58210  35.776  -30.661  42.119 0.0000000000
59300  35.940  -29.862  42.438 0.0000000000
59311  35.545  -29.801  41.779 0.0000000000
59322  35.153  -29.765  41.078 0.0000000000
58239  35.086  -30.645  40.643 0.0000000000
55836  35.082  -32.136  40.737 0.0000000000
57092  34.495  -31.547  39.544 0.0000000000
55851  34.227  -32.221  39.401 0.0000000000
57103  33.821  -32.152  38.435 0.0000000000
55852  33.788  -32.523  38.963 0.0000000000
51645  30.654  -36.431  40.891 0.0000000000
52607  30.628  -36.138  40.267 0.0000000000
51666  30.209  -36.447  40.322 0.0000000000
52650  28.588  -36.163  37.840 0.0000000000
48410  27.721  -37.809  49.046 0.0000000000
49529  26.894  -37.742  48.805 0.0000000000
49543  25.434  -38.046  47.528 0.0000000000
49553  25.975  -37.844  46.657 0.0000000000
74412  48.488  -14.680  31.995 0.0000000000
73427  46.667  -15.011  31.242 0.0000000000
43052  19.560  -44.492  54.445 0.0000000000
43037  19.649  -44.523  55.579 0.0000000000
44047  18.846  -44.288  55.739 0.0000000000
44048  18.315  -43.808  56.273 0.0000000000
42998  19.774  -44.274  58.713 0.0000000000
42999  19.006  -43.993  58.986 0.0000000000
43014  17.775  -43.496  58.618 0.0000000000
43013  18.346  -43.870  58.337 0.0000000000
44049  17.490  -43.359  56.914 0.0000000000
45020  16.881  -42.653  59.138 0.0000000000
46074  16.491  -42.077  57.569 0.0000000000
48220  26.406  -38.821  59.570 0.0000000000
48219  27.272  -38.838  59.412 0.0000000000
47133  26.265  -39.995  58.606 0.0000000000
46069  24.548  -41.620  57.627 0.0000000000
45026  24.052  -42.184  58.018 0.0000000000
46038  23.701  -42.045  59.568 0.0000000000
45019  23.288  -42.684  59.209 0.0000000000
44026  22.987  -43.235  58.012 0.0000000000
44035  23.071  -43.242  57.135 0.0000000000
44046  22.478  -43.707  56.629 0.0000000000
43018  22.087  -44.162  56.403 0.0000000000
43020  20.999  -44.491  56.570 0.0000000000
43035  21.323  -44.455  55.782 0.0000000000
65976  41.026  -22.771  38.466 0.0000000000
70137  44.140  -18.746  48.540 0.0000000000
70117  43.808  -18.635  49.161 0.0000000000
69127  43.557  -19.792  49.524 0.0000000000
69148  43.753  -19.788  48.932 0.0000000000
66959  43.060  -21.325  47.841 0.0000000000
52434  37.610  -35.536  55.756 0.0000000000
55661  40.585  -31.736  51.611 0.0000000000
55677  40.021  -32.174  50.767 0.0000000000
53497  37.631  -34.529  50.632 0.0000000000
54574  37.613  -33.615  48.486 0.0000000000
54573  37.930  -32.971  48.047 0.0000000000
55712  38.066  -32.346  47.247 0.0000000000
55713  37.708  -32.823  47.057 0.0000000000
54626  36.447  -33.407  45.568 0.0000000000
54625  36.862  -32.931  45.662 0.0000000000
54667  36.284  -32.933  44.290 0.0000000000
53604  35.361  -33.765  44.403 0.0000000000
52564  34.125  -34.745  44.276 0.0000000000
52572  34.138  -34.515  43.712 0.0000000000
52573  33.455  -34.904  43.476 0.0000000000
51597  33.581  -36.045  46.728 0.0000000000
52550  33.776  -35.763  46.072 0.0000000000
51603  33.153  -36.105  45.976 0.0000000000
51610  31.826  -36.660  44.284 0.0000000000
51609  32.423  -36.278  44.699 0.0000000000
51616  32.180  -36.266  43.962 0.0000000000
51619  32.084  -36.113  43.309 0.0000000000
50646  31.151  -37.095  43.142 0.0000000000
50658  29.879  -37.577  42.823 0.0000000000
50657  30.600  -37.368  42.553 0.0000000000
50677  29.257  -37.333  41.838 0.0000000000
48426  22.406  -40.228  47.741 0.0000000000
48441  22.708  -39.598  47.201 0.0000000000
48442  22.212  -40.269  47.185 0.0000000000
47345  20.917  -41.095  44.123 0.0000000000
46252  20.682  -41.736  43.707 0.0000000000
43269  20.353  -44.645  43.338 0.0000000000
43292  20.308  -44.835  42.580 0.0000000000
44253  20.331  -43.785  42.454 0.0000000000
44269  20.482  -43.540  41.204 0.0000000000
45246  20.414  -42.591  41.719 0.0000000000
75330  46.767  -13.589  35.168 0.0000000000
72383  45.518  -16.805  34.945 0.0000000000
73392  45.397  -15.865  34.496 0.0000000000
71410  44.540  -17.704  34.199 0.0000000000
70320  46.071  -18.561  35.655 0.0000000000
71396  45.754  -17.676  35.378 0.0000000000
43160  16.477  -45.033  47.309 0.0000000000
44086  18.250  -43.501  52.866 0.0000000000
45108  17.212  -42.824  51.912 0.0000000000
45125  15.926  -42.754  51.102 0.0000000000
45091  14.841  -42.344  53.113 0.0000000000
45111  14.300  -42.671  52.559 0.0000000000
42018  14.103  -45.467  51.078 0.0000000000
43084  14.001  -44.569  51.263 0.0000000000
42032  14.385  -45.721  50.467 0.0000000000
50442  33.019  -37.348  59.103 0.0000000000
49385  33.716  -37.981  56.945 0.0000000000
50476  33.895  -37.668  57.682 0.0000000000
50475  34.570  -37.460  57.191 0.0000000000
50490  34.893  -37.533  56.358 0.0000000000
50489  35.724  -37.113  56.248 0.0000000000
49410  34.444  -37.842  55.805 0.0000000000
49464  33.927  -37.480  53.554 0.0000000000
49465  33.205  -37.741  53.216 0.0000000000
49483  33.117  -37.577  52.322 0.0000000000
49466  32.461  -38.033  52.851 0.0000000000
49449  31.089  -38.503  53.280 0.0000000000
49467  31.694  -38.320  52.557 0.0000000000
49486  30.827  -38.498  51.721 0.0000000000
49469  30.480  -38.527  52.195 0.0000000000
49415  29.736  -38.630  54.900 0.0000000000
48328  30.319  -38.684  54.568 0.0000000000
48329  29.638  -38.657  54.638 0.0000000000
48360  28.158  -38.617  52.548 0.0000000000
49504  28.100  -38.373  51.182 0.0000000000
49488  28.164  -38.476  51.663 0.0000000000
49507  25.313  -38.364  50.283 0.0000000000
49492  24.676  -38.845  50.763 0.0000000000
47169  26.331  -40.052  57.417 0.0000000000
47197  24.718  -40.640  55.928 0.0000000000
47196  25.476  -40.119  56.188 0.0000000000
48313  25.415  -39.832  55.679 0.0000000000
46113  23.541  -41.885  54.796 0.0000000000
46122  23.147  -41.856  53.615 0.0000000000
47230  23.533  -40.756  53.020 0.0000000000
47229  24.123  -40.239  53.326 0.0000000000
48348  24.540  -39.847  53.798 0.0000000000
48362  24.263  -39.738  52.736 0.0000000000
47258  22.974  -40.769  50.678 0.0000000000
48394  23.347  -39.820  50.233 0.0000000000
48411  23.735  -39.127  49.867 0.0000000000
47288  22.741  -40.297  49.017 0.0000000000
46182  21.974  -42.092  48.186 0.0000000000
45169  21.869  -42.573  47.848 0.0000000000
45182  21.707  -42.664  47.191 0.0000000000
43132  21.169  -44.220  49.474 0.0000000000
43182  19.809  -44.600  47.030 0.0000000000
43181  20.270  -44.419  46.526 0.0000000000
43213  19.506  -44.911  45.037 0.0000000000
42133  19.686  -44.599  46.170 0.0000000000
67089  48.914  -21.727  37.757 0.0000000000
67075  48.999  -21.719  38.180 0.0000000000
64967  48.263  -23.268  38.503 0.0000000000
64985  48.312  -23.306  38.268 0.0000000000
64986  47.885  -23.815  38.142 0.0000000000
65958  46.173  -23.517  39.298 0.0000000000
65957  47.033  -23.591  39.197 0.0000000000
63138  46.613  -25.253  39.362 0.0000000000
63150  46.753  -25.329  38.880 0.0000000000
64958  42.149  -24.133  39.246 0.0000000000
43972  18.675  -42.836  63.399 0.0000000000
42938  18.536  -42.874  62.980 0.0000000000
42939  18.345  -42.540  62.810 0.0000000000
43975  17.225  -42.106  62.734 0.0000000000
43987  17.805  -42.514  62.437 0.0000000000
43988  17.388  -42.459  62.098 0.0000000000
46013  15.549  -41.099  60.958 0.0000000000
46030  16.161  -41.669  60.454 0.0000000000
46031  15.484  -41.077  60.227 0.0000000000
47156  14.977  -40.940  59.029 0.0000000000
47138  14.954  -40.844  59.733 0.0000000000
47098  12.971  -40.547  62.665 0.0000000000
47081  13.162  -40.257  63.472 0.0000000000
47097  13.764  -40.262  62.595 0.0000000000
47113  14.117  -40.356  61.677 0.0000000000
46060  12.610  -41.741  59.263 0.0000000000
46045  13.152  -41.222  59.806 0.0000000000
46078  12.785  -41.813  58.473 0.0000000000
46059  13.426  -41.206  58.923 0.0000000000
45038  12.509  -42.429  57.753 0.0000000000
44051  11.469  -44.061  57.181 0.0000000000
41962  10.568  -44.972  58.697 0.0000000000
76398  50.353  -12.132  35.598 0.0000000000
77427  48.957  -11.363  37.105 0.0000000000
76386  48.447  -11.911  36.741 0.0000000000
76387  47.805  -12.377  37.331 0.0000000000
78443  49.374  -11.095  38.642 0.0000000000
75289  48.299  -13.300  38.714 0.0000000000
76370  48.627  -12.692  38.806 0.0000000000
74346  47.359  -14.604  37.965 0.0000000000
73347  47.757  -15.346  38.440 0.0000000000
71345  48.234  -17.147  38.062 0.0000000000
73312  48.857  -15.293  40.294 0.0000000000
71329  49.424  -17.593  39.301 0.0000000000
70277  49.422  -18.722  38.482 0.0000000000
70276  49.637  -19.182  38.887 0.0000000000
69298  49.483  -20.119  38.314 0.0000000000
69266  49.183  -20.095  39.274 0.0000000000
69267  48.713  -20.144  39.334 0.0000000000
69282  48.543  -20.622  38.814 0.0000000000
70222  48.577  -18.756  42.356 0.0000000000
70235  48.995  -18.767  41.695 0.0000000000
70260  47.883  -19.252  40.513 0.0000000000
69268  47.903  -19.573  39.663 0.0000000000
69269  46.733  -19.456  39.481 0.0000000000
69256  44.767  -18.995  40.104 0.0000000000
69271  45.095  -19.425  39.370 0.0000000000
69272  43.996  -19.688  39.337 0.0000000000
69287  44.129  -19.980  38.861 0.0000000000
75196  45.333  -15.652  46.277 0.0000000000
73234  46.117  -16.420  46.105 0.0000000000
73222  46.172  -16.704  46.589 0.0000000000
70174  46.071  -18.285  46.269 0.0000000000
71272  46.693  -17.790  45.852 0.0000000000
70196  46.774  -18.727  44.588 0.0000000000
70197  45.840  -18.853  44.918 0.0000000000
69205  44.330  -19.071  45.718 0.0000000000
69193  44.935  -18.866  46.189 0.0000000000
70213  44.671  -19.062  43.873 0.0000000000
70227  44.708  -19.050  43.323 0.0000000000
69234  44.800  -19.025  42.299 0.0000000000
69259  42.426  -19.751  41.096 0.0000000000
69258  43.169  -19.487  40.918 0.0000000000
69274  42.672  -19.778  40.487 0.0000000000
68130  41.655  -21.006  38.879 0.0000000000
67030  40.087  -21.247  39.818 0.0000000000
67041  39.524  -21.716  39.323 0.0000000000
67031  39.402  -21.633  40.085 0.0000000000
68076  40.078  -21.211  43.373 0.0000000000
68084  40.002  -21.223  42.344 0.0000000000
65947  38.179  -22.430  40.739 0.0000000000
67022  38.792  -22.118  41.243 0.0000000000
65960  38.180  -22.400  39.881 0.0000000000
65866  42.851  -22.903  48.420 0.0000000000
64871  42.223  -23.846  48.298 0.0000000000
60191  40.898  -29.073  50.213 0.0000000000
59180  41.788  -29.456  50.949 0.0000000000
60190  41.500  -28.634  50.424 0.0000000000
61136  42.128  -28.115  50.559 0.0000000000
60202  41.288  -28.085  50.134 0.0000000000
59224  39.005  -29.495  47.996 0.0000000000
62124  39.360  -27.117  47.954 0.0000000000
61175  39.537  -27.711  48.412 0.0000000000
62112  40.565  -26.592  49.032 0.0000000000
62111  41.390  -26.556  49.578 0.0000000000
63035  42.001  -25.631  49.235 0.0000000000
63036  41.165  -25.678  48.785 0.0000000000
63971  40.786  -24.768  47.871 0.0000000000
63979  40.371  -24.413  47.482 0.0000000000
64888  40.579  -23.697  47.157 0.0000000000
65883  40.450  -22.809  46.439 0.0000000000
64889  39.701  -23.778  46.315 0.0000000000
63989  38.157  -25.150  44.757 0.0000000000
63996  38.376  -24.487  44.729 0.0000000000
64907  38.425  -23.860  44.267 0.0000000000
61233  36.641  -27.864  43.417 0.0000000000
62170  36.506  -26.918  42.932 0.0000000000
63085  35.909  -26.263  41.753 0.0000000000
63084  36.418  -25.911  42.368 0.0000000000
63099  36.156  -25.485  41.572 0.0000000000
64027  36.351  -24.693  41.225 0.0000000000
62215  34.628  -26.595  39.011 0.0000000000
58250  33.871  -30.182  38.476 0.0000000000
59340  33.626  -29.672  38.099 0.0000000000
57165  32.945  -31.144  34.974 0.0000000000
58276  33.220  -30.639  36.450 0.0000000000
54684  34.877  -33.450  42.543 0.0000000000
54696  34.579  -33.199  41.697 0.0000000000
54697  33.929  -33.406  41.232 0.0000000000
54713  33.027  -33.581  39.923 0.0000000000
54726  32.818  -33.422  39.283 0.0000000000
54738  33.221  -32.970  38.884 0.0000000000
54739  32.559  -33.232  38.445 0.0000000000
52623  31.032  -34.989  39.100 0.0000000000
53686  29.947  -34.099  36.322 0.0000000000
53675  31.013  -33.878  37.785 0.0000000000
54753  30.968  -33.542  37.232 0.0000000000
49516  32.682  -37.396  50.654 0.0000000000
49518  31.454  -37.624  49.450 0.0000000000
49526  31.036  -37.583  48.300 0.0000000000
47287  28.905  -37.867  48.473 0.0000000000
47305  28.992  -37.757  47.967 0.0000000000
49550  29.278  -37.788  46.330 0.0000000000
49561  29.536  -37.693  45.242 0.0000000000
49575  29.732  -37.598  44.377 0.0000000000
49576  29.083  -37.501  44.500 0.0000000000
50679  27.545  -36.923  42.079 0.0000000000
48452  22.650  -39.293  46.257 0.0000000000
49556  23.084  -38.871  46.766 0.0000000000
49567  23.109  -38.693  45.876 0.0000000000
49594  22.571  -38.573  44.167 0.0000000000
49581  23.344  -38.202  45.023 0.0000000000
48512  21.246  -39.357  40.873 0.0000000000
49620  21.626  -38.670  41.598 0.0000000000
50683  23.114  -37.510  42.342 0.0000000000
50663  24.987  -37.068  42.776 0.0000000000
51672  24.739  -36.708  39.440 0.0000000000
51651  25.412  -36.498  40.301 0.0000000000
51650  26.481  -36.431  40.316 0.0000000000
73441  49.400  -15.980  31.409 0.0000000000
74401  45.809  -14.661  33.063 0.0000000000
73429  44.762  -15.765  31.773 0.0000000000
72430  44.106  -16.208  31.193 0.0000000000
73445  44.926  -15.744  30.825 0.0000000000
66001  47.014  -22.910  37.083 0.0000000000
43982  21.702  -42.554  61.746 0.0000000000
43995  21.237  -43.190  61.399 0.0000000000
50528  35.291  -36.926  54.061 0.0000000000
51515  35.365  -36.720  53.499 0.0000000000
51531  36.042  -35.627  51.763 0.0000000000
51532  35.452  -35.999  51.482 0.0000000000
51558  34.380  -36.338  49.703 0.0000000000
69311  47.959  -19.902  36.713 0.0000000000
44113  18.440  -43.866  51.640 0.0000000000
44114  17.922  -43.498  51.380 0.0000000000
45079  13.044  -42.633  54.939 0.0000000000
44076  12.600  -43.304  54.552 0.0000000000
44064  12.202  -43.525  55.670 0.0000000000
49331  30.262  -38.004  59.416 0.0000000000
49352  30.363  -38.363  58.996 0.0000000000
49372  29.840  -38.588  58.560 0.0000000000
48277  28.914  -38.707  57.282 0.0000000000
48293  26.867  -39.337  56.969 0.0000000000
43061  21.573  -44.214  54.234 0.0000000000
43081  20.562  -44.588  52.091 0.0000000000
64970  43.792  -23.588  39.201 0.0000000000
43998  10.363  -43.862  61.773 0.0000000000
74252  47.131  -15.632  43.691 0.0000000000
73257  47.339  -16.282  44.009 0.0000000000
72267  46.973  -16.450  44.685 0.0000000000
72258  46.994  -16.948  45.471 0.0000000000
68037  43.262  -20.500  47.335 0.0000000000
68038  42.619  -20.917  47.073 0.0000000000
66984  41.046  -21.283  45.927 0.0000000000
65891  40.120  -22.489  45.827 0.0000000000
55750  37.143  -32.195  45.161 0.0000000000
57024  37.175  -31.553  44.721 0.0000000000
58193  36.600  -30.695  43.448 0.0000000000
58209  36.237  -30.689  42.748 0.0000000000
57073  35.350  -31.485  41.008 0.0000000000
55817  34.783  -32.634  40.992 0.0000000000
49521  26.081  -37.841  49.586 0.0000000000
74385  49.523  -14.132  33.493 0.0000000000
75351  48.526  -14.059  33.132 0.0000000000
43021  20.169  -44.542  56.634 0.0000000000
42984  18.907  -44.016  59.965 0.0000000000
44028  17.270  -43.170  58.872 0.0000000000
48243  25.890  -39.546  59.451 0.0000000000
47134  25.666  -40.221  59.051 0.0000000000
44027  22.334  -43.624  58.397 0.0000000000
43008  22.057  -44.163  57.064 0.0000000000
43009  21.450  -44.306  57.293 0.0000000000
53423  38.840  -34.454  54.768 0.0000000000
53404  39.379  -33.795  55.269 0.0000000000
54492  40.431  -32.636  53.280 0.0000000000
55647  40.375  -32.588  52.601 0.0000000000
54512  39.427  -33.307  51.303 0.0000000000
53516  36.740  -34.726  49.322 0.0000000000
53536  36.793  -34.517  48.718 0.0000000000
53555  37.087  -33.985  48.204 0.0000000000
54594  36.679  -33.867  47.050 0.0000000000
53581  36.258  -33.999  46.174 0.0000000000
53592  35.527  -33.934  45.027 0.0000000000
53583  35.129  -34.448  45.394 0.0000000000
50637  31.865  -36.799  44.983 0.0000000000
50639  30.721  -37.463  44.027 0.0000000000
49587  29.824  -37.574  43.585 0.0000000000
46205  21.609  -41.866  46.811 0.0000000000
47322  21.607  -41.029  46.453 0.0000000000
46218  21.439  -41.890  46.059 0.0000000000
45215  20.711  -42.758  44.147 0.0000000000
74365  46.008  -15.194  35.722 0.0000000000
73384  45.864  -15.956  35.473 0.0000000000
44169  16.258  -44.092  48.227 0.0000000000
45074  17.667  -42.993  53.359 0.0000000000
43085  13.589  -44.457  51.890 0.0000000000
44103  13.840  -43.396  52.192 0.0000000000
42019  13.738  -45.198  51.638 0.0000000000
49369  32.498  -38.259  58.100 0.0000000000
49399  34.036  -38.115  56.214 0.0000000000
49411  33.779  -38.193  55.550 0.0000000000
49428  32.808  -38.267  54.457 0.0000000000
49447  32.622  -38.152  53.684 0.0000000000
49430  31.365  -38.569  53.907 0.0000000000
48343  30.830  -38.657  54.019 0.0000000000
49489  27.565  -38.415  51.908 0.0000000000
46068  25.075  -41.062  57.310 0.0000000000
47183  25.633  -40.435  56.808 0.0000000000
47211  23.930  -41.125  55.253 0.0000000000
45106  22.463  -42.692  52.720 0.0000000000
47242  23.056  -40.877  51.740 0.0000000000
47259  22.656  -41.191  50.032 0.0000000000
47275  22.496  -41.043  49.323 0.0000000000
45155  22.104  -42.434  49.326 0.0000000000
42110  19.248  -44.638  46.645 0.0000000000
42111  18.474  -44.778  46.179 0.0000000000
64050  45.596  -24.787  40.149 0.0000000000
44962  17.022  -41.514  63.097 0.0000000000
44971  16.869  -41.670  62.722 0.0000000000
47112  14.907  -40.637  61.340 0.0000000000
45997  12.031  -41.401  62.958 0.0000000000
47115  12.747  -40.831  62.116 0.0000000000
47127  12.828  -40.954  61.447 0.0000000000
47126  13.489  -40.607  61.102 0.0000000000
76385  49.291  -11.772  36.328 0.0000000000
77416  49.336  -10.991  37.420 0.0000000000
76368  49.302  -11.707  39.042 0.0000000000
76362  49.123  -12.477  39.397 0.0000000000
75288  48.817  -12.990  39.285 0.0000000000
73346  48.248  -14.969  39.035 0.0000000000
73290  48.610  -15.656  41.070 0.0000000000
72308  49.078  -16.565  40.420 0.0000000000
70237  47.891  -19.094  41.962 0.0000000000
70262  46.281  -19.046  40.129 0.0000000000
70251  45.640  -18.921  40.717 0.0000000000
72230  46.137  -16.961  46.907 0.0000000000
71242  45.932  -17.265  47.165 0.0000000000
68093  39.982  -21.179  41.328 0.0000000000
65939  38.222  -22.575  41.544 0.0000000000
64959  37.040  -23.178  39.702 0.0000000000
64944  36.990  -23.253  40.572 0.0000000000
64945  36.472  -23.751  40.027 0.0000000000
63961  43.095  -24.513  49.296 0.0000000000
63962  42.553  -24.757  48.980 0.0000000000
56957  40.616  -30.888  50.671 0.0000000000
58065  41.143  -30.316  50.925 0.0000000000
58084  40.610  -30.324  50.289 0.0000000000
59194  40.584  -29.563  49.958 0.0000000000
59195  40.158  -29.445  49.474 0.0000000000
60241  38.507  -28.778  46.958 0.0000000000
60230  38.845  -28.744  47.596 0.0000000000
61189  38.740  -28.035  47.271 0.0000000000
62134  39.502  -26.396  47.855 0.0000000000
63045  40.043  -25.618  48.124 0.0000000000
63051  39.467  -25.697  47.463 0.0000000000
63981  38.973  -24.754  46.238 0.0000000000
63069  37.823  -25.793  44.450 0.0000000000
62187  35.591  -26.984  41.412 0.0000000000
62201  34.749  -27.038  39.805 0.0000000000
61287  34.276  -27.343  38.404 0.0000000000
60345  33.595  -28.796  37.514 0.0000000000
57114  33.948  -31.303  38.294 0.0000000000
58267  33.383  -31.007  37.315 0.0000000000
57135  33.125  -31.526  36.791 0.0000000000
53631  33.733  -33.915  41.920 0.0000000000
53647  32.713  -34.182  40.638 0.0000000000
53655  32.416  -33.977  39.789 0.0000000000
52648  29.790  -34.833  37.709 0.0000000000
53687  29.465  -34.645  36.905 0.0000000000
49503  31.447  -37.937  50.508 0.0000000000
48407  30.896  -38.194  50.013 0.0000000000
48421  30.225  -37.864  48.584 0.0000000000
48451  27.743  -37.695  46.990 0.0000000000
48449  28.684  -37.769  46.924 0.0000000000
50632  28.242  -37.309  45.009 0.0000000000
50640  28.415  -37.318  44.576 0.0000000000
50641  27.824  -37.129  44.680 0.0000000000
48471  21.761  -39.893  44.713 0.0000000000
48470  22.237  -39.207  44.579 0.0000000000
49595  22.186  -38.994  43.887 0.0000000000
49619  22.088  -38.305  40.821 0.0000000000
50694  23.437  -37.061  40.519 0.0000000000
73401  44.766  -16.312  33.131 0.0000000000
73412  44.722  -16.055  32.661 0.0000000000
65990  47.225  -23.531  37.432 0.0000000000
64995  46.786  -23.728  37.379 0.0000000000
42973  18.811  -43.881  60.856 0.0000000000
42974  18.260  -43.373  60.909 0.0000000000
45004  22.914  -42.618  60.104 0.0000000000
42969  21.672  -43.765  59.440 0.0000000000
51494  36.362  -36.519  56.443 0.0000000000
51507  36.784  -35.930  54.248 0.0000000000
52447  37.561  -35.530  54.761 0.0000000000
52474  38.010  -34.809  53.253 0.0000000000
52502  37.160  -34.877  51.090 0.0000000000
52511  37.025  -34.726  50.413 0.0000000000
52492  36.103  -35.503  51.266 0.0000000000
52512  36.513  -34.973  49.903 0.0000000000
52524  36.256  -35.014  49.083 0.0000000000
52539  34.660  -35.560  47.552 0.0000000000
51583  33.933  -35.913  47.312 0.0000000000
51584  33.217  -36.427  47.438 0.0000000000
51585  32.684  -36.699  47.003 0.0000000000
50625  32.223  -36.895  46.658 0.0000000000
43241  20.177  -44.691  44.348 0.0000000000
42215  20.033  -45.797  42.880 0.0000000000
40464  19.012  -46.738  43.028 0.0000000000
41348  19.696  -46.303  42.630 0.0000000000
72369  46.429  -16.752  36.192 0.0000000000
71361  46.772  -17.126  36.577 0.0000000000
69324  46.315  -19.279  35.898 0.0000000000
68165  45.595  -20.459  35.860 0.0000000000
43135  18.599  -44.238  48.429 0.0000000000
43159  17.370  -44.483  47.227 0.0000000000
44168  16.878  -43.853  48.457 0.0000000000
44150  17.783  -43.481  49.685 0.0000000000
44152  15.883  -43.803  48.819 0.0000000000
44153  15.228  -44.070  49.014 0.0000000000
46105  15.319  -42.044  54.622 0.0000000000
43075  13.134  -44.402  52.652 0.0000000000
49351  31.245  -38.234  59.001 0.0000000000
49350  32.001  -38.199  58.740 0.0000000000
49387  31.900  -38.513  57.516 0.0000000000
48274  31.680  -38.588  56.760 0.0000000000
48289  31.044  -38.588  56.066 0.0000000000
48309  29.738  -38.611  55.400 0.0000000000
49416  28.050  -38.656  55.059 0.0000000000
49417  27.407  -38.670  55.031 0.0000000000
44059  23.066  -42.947  55.907 0.0000000000
45059  23.335  -42.493  55.479 0.0000000000
45087  22.430  -43.034  53.670 0.0000000000
44084  21.743  -43.892  53.507 0.0000000000
44098  22.088  -43.413  53.159 0.0000000000
45122  22.323  -42.751  51.890 0.0000000000
44147  21.853  -43.176  50.700 0.0000000000
43117  20.474  -44.501  50.085 0.0000000000
67055  46.648  -21.968  38.654 0.0000000000
65959  45.374  -23.415  39.282 0.0000000000
44972  11.397  -41.885  63.342 0.0000000000
44984  11.646  -42.064  62.438 0.0000000000
45008  11.423  -42.936  61.011 0.0000000000
44004  11.190  -43.665  60.507 0.0000000000
41951  10.075  -45.037  60.490 0.0000000000
72282  48.682  -17.297  42.291 0.0000000000
70208  48.453  -18.608  43.060 0.0000000000
69194  44.150  -19.292  46.622 0.0000000000
69206  43.269  -19.689  46.111 0.0000000000
68052  43.085  -20.308  46.797 0.0000000000
69217  42.467  -19.844  45.102 0.0000000000
66997  40.190  -21.296  44.650 0.0000000000
65917  38.416  -22.842  43.102 0.0000000000
62094  43.188  -26.592  50.576 0.0000000000
56986  39.035  -30.933  48.220 0.0000000000
58140  38.446  -30.523  46.981 0.0000000000
59253  38.335  -29.658  46.587 0.0000000000
58158  37.877  -30.561  45.641 0.0000000000
60252  38.203  -28.737  46.272 0.0000000000
61216  37.678  -27.699  45.290 0.0000000000
61217  37.298  -27.709  44.660 0.0000000000
60296  36.086  -29.146  42.727 0.0000000000
60314  35.353  -28.863  41.449 0.0000000000
59332  34.331  -29.729  39.510 0.0000000000
58249  34.175  -30.665  38.928 0.0000000000
57115  33.708  -31.677  37.939 0.0000000000
55865  32.816  -32.692  37.805 0.0000000000
52649  29.239  -35.322  37.564 0.0000000000
47257  28.973  -38.319  49.818 0.0000000000
47272  29.422  -38.304  49.541 0.0000000000
48423  28.342  -37.863  48.718 0.0000000000
48440  27.690  -37.715  47.357 0.0000000000
49564  26.267  -37.452  45.756 0.0000000000
49579  25.360  -37.449  44.987 0.0000000000
47377  20.585  -40.441  41.916 0.0000000000
48502  20.806  -39.945  42.311 0.0000000000
47387  20.677  -40.539  41.049 0.0000000000
48522  21.627  -39.663  40.014 0.0000000000
47401  21.799  -40.475  39.561 0.0000000000
74411  49.441  -15.174  32.169 0.0000000000
74398  49.119  -14.465  32.928 0.0000000000
74427  48.834  -15.309  31.447 0.0000000000
73443  47.086  -15.506  30.451 0.0000000000
73454  45.206  -16.071  29.932 0.0000000000
70352  42.207  -18.535  33.511 0.0000000000
44073  18.870  -44.196  54.160 0.0000000000
43023  18.296  -43.998  57.367 0.0000000000
45036  16.199  -41.978  57.026 0.0000000000
46093  15.032  -41.748  56.596 0.0000000000
46076  14.489  -41.392  57.609 0.0000000000
47151  26.360  -40.114  58.072 0.0000000000
45045  24.050  -42.024  56.776 0.0000000000
46024  24.076  -41.270  59.758 0.0000000000
45027  23.476  -42.712  58.418 0.0000000000
44060  22.575  -43.469  55.782 0.0000000000
43048  22.180  -43.974  55.380 0.0000000000
43034  21.882  -44.267  55.858 0.0000000000
43049  21.703  -44.302  55.142 0.0000000000
67059  42.214  -21.538  38.546 0.0000000000
65975  42.226  -22.526  38.535 0.0000000000
74215  45.067  -15.834  47.197 0.0000000000
73210  44.768  -16.182  47.692 0.0000000000
72213  45.157  -16.863  47.811 0.0000000000
71226  44.754  -17.476  48.044 0.0000000000
70136  44.553  -18.157  47.961 0.0000000000
70158  44.224  -18.867  47.982 0.0000000000
68023  43.693  -20.001  48.344 0.0000000000
69126  43.870  -19.310  48.933 0.0000000000
68015  43.704  -20.008  48.614 0.0000000000
68024  43.452  -20.589  47.951 0.0000000000
56937  40.790  -31.084  51.241 0.0000000000
56938  40.418  -31.422  50.766 0.0000000000
55701  39.224  -31.845  48.777 0.0000000000
54513  38.966  -33.872  51.137 0.0000000000
54534  38.807  -33.716  50.536 0.0000000000
53514  37.930  -33.971  49.556 0.0000000000
55690  38.885  -32.730  49.182 0.0000000000
55724  37.932  -32.103  46.589 0.0000000000
57000  37.847  -31.955  46.279 0.0000000000
54608  37.033  -33.081  46.164 0.0000000000
55736  37.200  -32.531  45.706 0.0000000000
55773  35.842  -32.650  43.122 0.0000000000
54669  35.085  -33.603  43.176 0.0000000000
53616  34.539  -33.969  42.992 0.0000000000
53617  33.817  -34.327  42.767 0.0000000000
53618  33.211  -34.552  42.370 0.0000000000
52576  33.214  -34.770  42.817 0.0000000000
51608  32.933  -36.042  45.283 0.0000000000
52574  32.629  -35.700  43.690 0.0000000000
52578  31.753  -36.052  42.234 0.0000000000
51624  31.396  -36.537  41.937 0.0000000000
51625  30.906  -36.731  41.565 0.0000000000
51626  30.441  -36.937  41.412 0.0000000000
50692  29.693  -37.147  41.279 0.0000000000
51647  29.237  -36.924  41.024 0.0000000000
49524  23.375  -39.096  48.502 0.0000000000
49533  23.203  -39.100  47.775 0.0000000000
48454  21.649  -40.566  46.047 0.0000000000
48462  21.708  -40.274  45.551 0.0000000000
47353  21.286  -40.300  43.846 0.0000000000
46268  20.585  -41.404  42.936 0.0000000000
46289  20.464  -41.385  42.014 0.0000000000
75343  46.965  -13.611  34.289 0.0000000000
74387  45.649  -14.872  34.062 0.0000000000
72401  44.787  -16.447  33.407 0.0000000000
70322  44.567  -18.745  34.850 0.0000000000
70337  44.722  -18.220  34.664 0.0000000000
70338  44.130  -18.502  34.406 0.0000000000
42113  16.674  -45.851  46.725 0.0000000000
44101  18.080  -43.592  52.090 0.0000000000
45107  17.692  -43.228  51.859 0.0000000000
45135  16.414  -42.933  50.758 0.0000000000
45137  15.568  -43.232  50.144 0.0000000000
44134  15.051  -43.665  49.749 0.0000000000
45110  14.935  -42.715  51.851 0.0000000000
43102  14.421  -44.763  50.325 0.0000000000
42047  14.659  -45.630  49.779 0.0000000000
50461  33.395  -37.651  58.371 0.0000000000
51486  35.663  -36.607  57.433 0.0000000000
50502  35.813  -37.093  55.502 0.0000000000
50515  35.507  -37.115  54.851 0.0000000000
49426  34.316  -37.745  55.080 0.0000000000
50516  34.843  -37.349  54.589 0.0000000000
50529  34.631  -37.239  53.836 0.0000000000
50541  34.465  -37.102  53.048 0.0000000000
50557  33.944  -37.029  52.262 0.0000000000
50558  33.394  -37.190  51.640 0.0000000000
49485  31.415  -38.285  51.522 0.0000000000
48371  30.934  -38.421  51.330 0.0000000000
48372  30.562  -38.483  51.295 0.0000000000
48391  29.495  -38.521  50.819 0.0000000000
48345  29.388  -38.669  53.640 0.0000000000
48358  29.973  -38.547  52.805 0.0000000000
48373  29.903  -38.554  51.698 0.0000000000
48392  28.734  -38.389  50.526 0.0000000000
49519  27.973  -38.131  50.444 0.0000000000
48294  26.260  -39.879  56.761 0.0000000000
48332  25.881  -39.122  54.998 0.0000000000
48347  25.343  -39.169  54.030 0.0000000000
48376  24.909  -39.068  52.214 0.0000000000
47306  21.972  -40.878  47.614 0.0000000000
46193  22.003  -41.458  48.143 0.0000000000
45183  21.585  -43.065  46.744 0.0000000000
44165  21.671  -43.612  48.929 0.0000000000
44181  21.607  -43.419  47.824 0.0000000000
44197  21.179  -43.762  46.916 0.0000000000
42162  18.490  -45.882  44.619 0.0000000000
41313  18.416  -46.538  44.115 0.0000000000
68150  48.942  -20.925  37.535 0.0000000000
65999  48.618  -22.178  37.549 0.0000000000
65989  47.756  -23.324  37.537 0.0000000000
65956  47.552  -23.723  39.048 0.0000000000
64952  47.540  -24.091  39.100 0.0000000000
64048  47.263  -24.385  39.247 0.0000000000
64081  47.549  -24.314  38.665 0.0000000000
64082  47.086  -24.778  38.364 0.0000000000
44979  21.131  -42.357  62.001 0.0000000000
43984  19.580  -42.744  62.114 0.0000000000
42948  18.924  -43.188  62.155 0.0000000000
42962  18.250  -42.894  61.579 0.0000000000
43973  18.408  -42.563  63.261 0.0000000000
42940  18.008  -42.540  62.639 0.0000000000
42963  17.728  -42.674  61.687 0.0000000000
42975  17.733  -42.959  60.975 0.0000000000
45006  16.861  -42.593  60.258 0.0000000000
46043  16.389  -41.832  59.352 0.0000000000
47079  15.137  -40.006  63.387 0.0000000000
47096  14.994  -40.345  62.411 0.0000000000
47140  13.616  -40.737  60.298 0.0000000000
47139  14.287  -40.638  60.003 0.0000000000
47157  14.274  -40.782  59.238 0.0000000000
44050  11.833  -43.848  56.492 0.0000000000
42987  10.932  -44.312  59.156 0.0000000000
43002  10.965  -44.496  58.346 0.0000000000
75327  49.521  -13.255  34.490 0.0000000000
76411  50.011  -12.768  35.139 0.0000000000
75315  48.341  -12.898  35.191 0.0000000000
75316  47.504  -12.914  35.724 0.0000000000
76401  47.852  -12.419  36.458 0.0000000000
75317  46.581  -13.667  36.144 0.0000000000
73362  46.660  -15.682  37.022 0.0000000000
79483  49.495  -10.038  37.692 0.0000000000
77418  48.504  -11.836  38.125 0.0000000000
76377  48.643  -11.905  38.382 0.0000000000
76378  48.274  -12.388  38.279 0.0000000000
74347  46.838  -14.800  37.339 0.0000000000
72354  47.121  -16.347  37.352 0.0000000000
74306  48.962  -14.057  40.221 0.0000000000
68138  49.264  -20.865  38.357 0.0000000000
68122  49.160  -20.564  38.780 0.0000000000
67052  49.049  -21.208  38.398 0.0000000000
68123  48.804  -20.839  38.696 0.0000000000
70247  48.798  -19.170  40.963 0.0000000000
70248  48.246  -19.183  41.021 0.0000000000
69254  48.557  -19.512  40.251 0.0000000000
69270  45.895  -19.325  39.509 0.0000000000
68128  43.822  -20.454  38.662 0.0000000000
74234  45.685  -15.996  45.620 0.0000000000
70185  47.068  -18.237  45.063 0.0000000000
69215  44.750  -18.963  44.769 0.0000000000
69214  45.339  -18.868  44.988 0.0000000000
70212  45.259  -18.964  44.126 0.0000000000
68112  43.200  -20.143  39.291 0.0000000000
67021  39.360  -21.640  40.900 0.0000000000
67042  38.844  -22.065  39.581 0.0000000000
66941  43.416  -21.717  49.374 0.0000000000
66951  42.706  -22.339  48.075 0.0000000000
65875  41.776  -22.921  47.518 0.0000000000
61134  43.036  -27.187  50.634 0.0000000000
62102  42.736  -26.660  50.178 0.0000000000
58121  39.241  -30.203  48.426 0.0000000000
59211  39.806  -29.254  49.138 0.0000000000
60204  40.092  -28.958  49.365 0.0000000000
60229  39.296  -28.630  48.221 0.0000000000
60220  39.811  -28.497  49.038 0.0000000000
60219  40.257  -28.000  49.353 0.0000000000
61147  41.217  -27.542  49.930 0.0000000000
62103  42.080  -26.726  50.009 0.0000000000
63028  42.412  -26.054  49.717 0.0000000000
63034  42.598  -25.462  49.402 0.0000000000
63963  41.766  -24.837  48.514 0.0000000000
63044  40.765  -25.401  48.289 0.0000000000
63970  41.397  -24.586  48.069 0.0000000000
64872  41.707  -24.288  48.146 0.0000000000
64878  41.967  -23.382  47.863 0.0000000000
65882  41.160  -22.784  47.077 0.0000000000
65884  39.787  -23.033  45.946 0.0000000000
64890  38.981  -24.049  45.820 0.0000000000
65893  38.919  -23.175  44.621 0.0000000000
64915  38.254  -23.544  43.609 0.0000000000
64916  37.749  -23.832  43.026 0.0000000000
62155  37.631  -26.730  44.802 0.0000000000
62163  37.488  -26.434  44.178 0.0000000000
63075  37.482  -25.777  43.807 0.0000000000
63076  36.973  -25.898  43.146 0.0000000000
64003  37.484  -24.885  43.305 0.0000000000
64014  37.254  -24.505  42.647 0.0000000000
64926  36.771  -24.120  41.565 0.0000000000
64040  35.982  -24.597  40.346 0.0000000000
63115  35.465  -25.649  40.207 0.0000000000
59354  33.381  -29.707  36.024 0.0000000000
54695  35.171  -32.896  42.197 0.0000000000
54712  33.713  -33.317  40.385 0.0000000000
55838  34.014  -32.778  39.655 0.0000000000
52605  32.043  -34.791  40.647 0.0000000000
53656  31.769  -34.473  39.516 0.0000000000
53666  31.543  -34.004  38.479 0.0000000000
53667  30.743  -34.338  38.129 0.0000000000
54740  31.993  -33.357  38.086 0.0000000000
50589  32.315  -37.155  49.193 0.0000000000
50603  31.735  -37.190  47.729 0.0000000000
47286  29.376  -38.046  48.907 0.0000000000
47303  29.722  -37.946  48.642 0.0000000000
48422  29.879  -37.728  47.796 0.0000000000
49541  29.576  -37.730  46.910 0.0000000000
49560  30.237  -37.670  45.016 0.0000000000
49598  29.461  -37.539  43.349 0.0000000000
50649  28.636  -37.338  43.744 0.0000000000
50659  29.086  -37.497  42.942 0.0000000000
50678  28.466  -37.166  42.081 0.0000000000
51629  27.984  -36.720  41.356 0.0000000000
51649  27.504  -36.478  40.448 0.0000000000
49545  23.552  -38.653  47.322 0.0000000000
49566  24.085  -38.076  45.836 0.0000000000
49612  21.775  -38.692  42.498 0.0000000000
49600  22.702  -38.060  43.072 0.0000000000
50665  23.229  -37.624  42.944 0.0000000000
49599  23.307  -37.644  43.273 0.0000000000
50654  24.197  -37.343  43.771 0.0000000000
49591  25.506  -37.224  44.233 0.0000000000
50652  25.702  -37.088  43.517 0.0000000000
50662  26.052  -37.006  42.764 0.0000000000
50680  26.517  -36.871  41.988 0.0000000000
51632  25.036  -36.605  41.123 0.0000000000
51670  27.000  -36.372  39.453 0.0000000000
75353  47.214  -13.734  33.588 0.0000000000
74400  46.973  -14.104  32.851 0.0000000000
74414  46.240  -14.694  32.113 0.0000000000
71422  41.921  -17.984  32.873 0.0000000000
42088  18.730  -44.619  46.797 0.0000000000
42187  20.195  -45.361  43.069 0.0000000000
42950  18.084  -42.613  62.241 0.0000000000
42951  17.741  -42.557  62.131 0.0000000000
43054  11.785  -45.072  55.338 0.0000000000
43986  18.731  -42.897  63.719 0.0000000000
45105  22.719  -42.184  53.035 0.0000000000
45123  17.445  -43.103  51.466 0.0000000000
45136  16.006  -43.013  50.439 0.0000000000
46087  25.042  -40.992  56.886 0.0000000000
46114  15.120  -42.127  54.379 0.0000000000
46115  14.966  -42.049  54.615 0.0000000000
46235  21.266  -41.573  45.372 0.0000000000
47256  29.406  -38.465  50.164 0.0000000000
47285  29.857  -38.174  49.210 0.0000000000
47304  29.339  -37.827  48.271 0.0000000000
47321  21.879  -40.668  46.955 0.0000000000
47363  20.674  -40.613  42.632 0.0000000000
48305  32.544  -38.502  55.478 0.0000000000
48306  32.191  -38.522  55.355 0.0000000000
48437  29.705  -37.795  48.151 0.0000000000
48450  28.062  -37.724  46.974 0.0000000000
48460  22.693  -39.106  45.793 0.0000000000
48479  22.229  -39.063  44.121 0.0000000000
48513  20.781  -39.866  41.603 0.0000000000
49330  30.870  -38.013  59.406 0.0000000000
49384  34.342  -37.776  56.566 0.0000000000
49414  30.018  -38.651  54.958 0.0000000000
49431  29.862  -38.658  54.704 0.0000000000
49432  29.754  -38.652  54.744 0.0000000000
49528  29.805  -37.692  47.266 0.0000000000
49568  22.701  -39.022  45.559 0.0000000000
49586  30.189  -37.555  43.664 0.0000000000
49589  26.887  -36.824  44.011 0.0000000000
50501  36.122  -36.883  55.514 0.0000000000
50631  28.497  -37.404  44.967 0.0000000000
50648  30.098  -37.577  43.396 0.0000000000
50656  31.128  -36.992  42.346 0.0000000000
50674  31.066  -36.923  41.916 0.0000000000
50693  29.549  -37.222  41.470 0.0000000000
51495  35.921  -36.745  56.913 0.0000000000
51596  33.936  -35.856  46.934 0.0000000000
51627  29.094  -37.110  41.426 0.0000000000
53477  37.649  -34.667  51.228 0.0000000000
53677  29.653  -34.752  37.417 0.0000000000
54552  39.005  -32.872  49.499 0.0000000000
54554  37.734  -33.905  49.167 0.0000000000
54592  37.758  -32.905  47.384 0.0000000000
54627  35.946  -33.697  45.248 0.0000000000
54646  36.452  -32.975  44.881 0.0000000000
58257  34.044  -31.097  38.494 0.0000000000
60295  36.405  -28.909  43.260 0.0000000000
61135  42.696  -27.612  50.619 0.0000000000
61146  41.886  -27.617  50.279 0.0000000000
61162  40.062  -27.480  49.001 0.0000000000
62095  42.945  -27.048  50.457 0.0000000000
62104  41.632  -27.082  50.006 0.0000000000
62156  37.316  -27.082  44.255 0.0000000000
63026  43.254  -25.663  50.282 0.0000000000
63037  40.474  -25.958  48.555 0.0000000000
64065  47.448  -24.386  39.064 0.0000000000
64864  43.372  -23.835  49.705 0.0000000000
64880  40.813  -24.194  47.545 0.0000000000
68109  49.214  -20.362  39.033 0.0000000000
69327  43.998  -19.483  35.006 0.0000000000
70198  45.339  -18.898  44.734 0.0000000000
71271  47.153  -17.669  45.252 0.0000000000
72394  44.399  -17.284  33.756 0.0000000000
73209  45.330  -16.341  47.334 0.0000000000
73223  45.770  -16.411  46.821 0.0000000000
73235  45.719  -16.176  46.452 0.0000000000
74224  45.357  -15.819  46.662 0.0000000000
74235  45.583  -15.910  46.174 0.0000000000
74246  45.600  -15.937  45.075 0.0000000000
74356  46.147  -15.383  36.042 0.0000000000
75197  45.169  -15.465  46.389 0.0000000000
75209  45.381  -15.868  45.443 0.0000000000
75280  49.220  -12.641  40.169 0.0000000000
75298  47.085  -14.197  37.587 0.0000000000
77407  49.377  -11.330  39.014 0.0000000000
77408  49.244  -11.423  38.680 0.0000000000
77417  48.835  -11.407  38.129 0.0000000000
78454  49.432  -10.601  37.598 0.0000000000
