#!ascii label  , from subject bert vox2ras=TkReg
745
45978  21.870  -41.718  62.256 0.0000000000
70177  37.961  -18.912  45.938 0.0000000000
74247  45.319  -15.723  44.756 0.0000000000
60143  42.220  -28.729  54.192 0.0000000000
53357  27.373  -36.398  57.249 0.0000000000
47120  24.512  -40.552  60.009 0.0000000000
72260  41.691  -16.190  45.725 0.0000000000
70091  42.071  -19.241  50.796 0.0000000000
56815  38.766  -31.417  56.751 0.0000000000
53325  31.794  -35.825  58.869 0.0000000000
80461  49.977  -9.315  36.743 0.0000000000
74308  46.884  -14.129  41.169 0.0000000000
61115  38.748  -27.404  51.628 0.0000000000
65831  39.919  -22.960  52.567 0.0000000000
50431  24.034  -38.371  59.718 0.0000000000
47109  23.072  -41.997  61.156 0.0000000000
71259  38.995  -17.806  46.048 0.0000000000
71228  41.536  -17.405  48.876 0.0000000000
70119  40.048  -18.831  49.042 0.0000000000
52446  38.261  -35.043  55.290 0.0000000000
50427  28.432  -37.512  59.534 0.0000000000
53328  29.940  -36.432  58.347 0.0000000000
50425  30.316  -37.474  59.558 0.0000000000
79485  47.175  -9.397  38.104 0.0000000000
77407  49.377  -11.330  39.014 0.0000000000
78429  47.554  -10.405  39.873 0.0000000000
73279  43.800  -15.613  42.805 0.0000000000
72326  45.235  -16.058  40.584 0.0000000000
73276  46.262  -14.858  42.599 0.0000000000
74271  47.493  -14.637  42.234 0.0000000000
74252  47.131  -15.632  43.691 0.0000000000
57994  40.311  -30.718  55.809 0.0000000000
59129  39.168  -29.438  54.709 0.0000000000
61099  40.120  -27.361  54.794 0.0000000000
63008  39.719  -25.031  52.710 0.0000000000
62983  41.205  -25.556  54.374 0.0000000000
64828  42.180  -23.551  53.048 0.0000000000
61114  43.063  -27.679  52.521 0.0000000000
50408  25.578  -37.744  59.557 0.0000000000
72284  41.579  -16.271  42.512 0.0000000000
73251  43.743  -15.407  45.979 0.0000000000
73212  43.668  -15.805  48.102 0.0000000000
70117  43.808  -18.635  49.161 0.0000000000
54386  35.537  -34.564  57.742 0.0000000000
54403  37.629  -33.918  57.243 0.0000000000
54437  39.894  -33.095  55.735 0.0000000000
55631  40.871  -32.037  53.793 0.0000000000
58047  41.333  -30.617  51.463 0.0000000000
53369  33.198  -34.944  57.511 0.0000000000
52407  34.739  -36.168  58.540 0.0000000000
77439  50.042  -11.671  36.095 0.0000000000
76363  45.917  -12.619  39.456 0.0000000000
76340  48.400  -12.225  41.088 0.0000000000
73312  48.857  -15.293  40.294 0.0000000000
68001  39.147  -20.768  49.878 0.0000000000
67946  41.097  -20.922  51.964 0.0000000000
65842  42.877  -22.074  51.243 0.0000000000
43970  21.723  -42.269  62.117 0.0000000000
45976  22.347  -41.826  62.072 0.0000000000
44991  22.267  -42.467  61.492 0.0000000000
70176  38.377  -18.445  45.774 0.0000000000
70159  39.281  -18.220  47.113 0.0000000000
70139  38.811  -19.025  47.411 0.0000000000
50426  29.582  -37.435  59.418 0.0000000000
79486  46.561  -9.793  37.522 0.0000000000
79470  47.278  -9.752  39.132 0.0000000000
78444  46.525  -10.406  38.615 0.0000000000
73268  44.582  -15.367  44.211 0.0000000000
73278  45.039  -15.430  43.141 0.0000000000
74261  45.859  -15.222  43.500 0.0000000000
74260  46.585  -15.107  43.196 0.0000000000
57992  41.731  -30.279  54.928 0.0000000000
60135  40.213  -28.348  55.173 0.0000000000
60133  41.356  -28.501  54.962 0.0000000000
62064  40.742  -26.602  54.790 0.0000000000
61096  41.874  -27.497  54.629 0.0000000000
62076  42.920  -26.650  53.320 0.0000000000
60152  42.659  -28.383  53.131 0.0000000000
50410  24.702  -38.108  59.753 0.0000000000
48205  25.000  -38.953  60.032 0.0000000000
48220  26.406  -38.821  59.570 0.0000000000
71291  40.072  -17.005  43.810 0.0000000000
71300  40.114  -16.918  42.836 0.0000000000
72269  41.404  -16.315  44.658 0.0000000000
73262  42.793  -15.760  44.580 0.0000000000
73252  42.718  -15.759  45.822 0.0000000000
73238  43.133  -15.546  46.817 0.0000000000
73226  42.694  -15.874  47.450 0.0000000000
71189  41.994  -18.405  50.280 0.0000000000
71208  42.607  -17.675  49.656 0.0000000000
70101  42.894  -18.710  50.203 0.0000000000
69127  43.557  -19.792  49.524 0.0000000000
69112  42.932  -19.682  50.497 0.0000000000
53348  36.502  -34.858  57.737 0.0000000000
54404  36.859  -33.912  57.425 0.0000000000
52416  37.370  -35.150  57.230 0.0000000000
53405  38.805  -34.399  55.785 0.0000000000
54454  40.390  -32.720  55.129 0.0000000000
53326  31.325  -35.908  58.943 0.0000000000
53353  31.595  -35.393  57.816 0.0000000000
53352  32.254  -34.859  58.007 0.0000000000
53351  33.381  -34.998  58.280 0.0000000000
52395  33.154  -36.108  58.947 0.0000000000
79504  49.087  -8.712  36.129 0.0000000000
78463  50.268  -10.506  36.384 0.0000000000
76361  49.295  -12.002  39.539 0.0000000000
73331  46.424  -15.051  40.917 0.0000000000
73348  45.490  -15.578  39.201 0.0000000000
74323  45.923  -14.548  39.550 0.0000000000
75283  45.613  -13.612  39.184 0.0000000000
75282  46.150  -13.484  39.899 0.0000000000
76354  47.167  -12.276  40.672 0.0000000000
75272  47.243  -13.072  41.198 0.0000000000
73274  48.281  -16.120  42.130 0.0000000000
74270  48.269  -14.885  41.771 0.0000000000
56838  37.078  -31.658  55.965 0.0000000000
56861  37.533  -30.906  55.238 0.0000000000
60154  39.183  -28.271  53.145 0.0000000000
58048  38.483  -29.682  52.521 0.0000000000
64845  39.716  -23.678  52.391 0.0000000000
64860  38.214  -23.782  50.324 0.0000000000
65850  38.857  -22.704  51.109 0.0000000000
66942  38.356  -21.714  49.387 0.0000000000
67965  39.361  -21.306  50.954 0.0000000000
67964  39.856  -20.892  51.126 0.0000000000
67927  40.567  -21.804  52.419 0.0000000000
63015  43.651  -25.514  51.461 0.0000000000
64843  42.939  -23.558  52.023 0.0000000000
63946  43.505  -24.605  50.672 0.0000000000
64864  43.372  -23.835  49.705 0.0000000000
48207  23.370  -40.161  60.495 0.0000000000
47107  24.019  -40.312  60.363 0.0000000000
46038  23.701  -42.045  59.568 0.0000000000
44990  22.727  -42.246  60.919 0.0000000000
72262  39.995  -17.166  45.926 0.0000000000
72234  41.204  -16.746  47.474 0.0000000000
72235  40.529  -17.229  47.341 0.0000000000
71211  40.595  -18.287  49.289 0.0000000000
70104  40.787  -18.733  50.369 0.0000000000
52396  27.229  -36.697  58.613 0.0000000000
53356  28.490  -36.318  57.349 0.0000000000
52385  29.370  -36.662  58.781 0.0000000000
52372  30.713  -36.458  59.304 0.0000000000
51429  31.165  -36.658  59.788 0.0000000000
50422  32.429  -36.945  59.447 0.0000000000
50444  31.388  -37.726  59.505 0.0000000000
80473  49.192  -8.565  37.434 0.0000000000
79483  49.495  -10.038  37.692 0.0000000000
80464  48.428  -8.850  38.658 0.0000000000
79429  48.282  -9.781  39.911 0.0000000000
76352  49.221  -11.835  40.304 0.0000000000
72294  42.725  -15.998  41.762 0.0000000000
72292  44.372  -15.887  41.469 0.0000000000
73292  45.637  -15.229  42.194 0.0000000000
74290  46.885  -14.418  41.900 0.0000000000
74289  47.395  -14.107  41.800 0.0000000000
73275  47.845  -15.270  42.537 0.0000000000
57976  39.456  -31.255  56.425 0.0000000000
57996  38.979  -30.283  55.740 0.0000000000
59114  39.627  -29.358  55.251 0.0000000000
60144  39.846  -28.261  54.749 0.0000000000
61108  39.548  -27.435  53.353 0.0000000000
62082  38.991  -26.490  51.928 0.0000000000
63003  39.670  -26.064  52.980 0.0000000000
63922  39.979  -24.617  53.633 0.0000000000
64817  40.453  -24.160  53.452 0.0000000000
65780  41.200  -23.251  52.939 0.0000000000
62992  42.204  -25.187  53.966 0.0000000000
62075  43.355  -25.961  52.758 0.0000000000
62088  43.488  -26.505  51.319 0.0000000000
52400  24.321  -37.016  58.442 0.0000000000
52398  25.300  -36.664  58.245 0.0000000000
52397  26.147  -36.782  58.619 0.0000000000
50446  26.808  -37.365  59.339 0.0000000000
48219  27.272  -38.838  59.412 0.0000000000
72283  42.249  -15.878  42.937 0.0000000000
73261  43.689  -15.486  44.952 0.0000000000
73260  44.382  -15.354  45.184 0.0000000000
74236  44.583  -15.216  46.532 0.0000000000
74216  44.632  -15.652  47.419 0.0000000000
72214  44.333  -16.886  48.322 0.0000000000
72217  42.157  -16.789  48.581 0.0000000000
72198  43.662  -17.292  48.814 0.0000000000
54423  35.020  -34.151  56.902 0.0000000000
55597  36.490  -33.238  57.006 0.0000000000
55585  37.295  -33.146  56.977 0.0000000000
55584  38.212  -32.846  56.874 0.0000000000
52433  38.227  -34.982  56.269 0.0000000000
54421  39.089  -33.686  56.672 0.0000000000
56794  39.390  -31.842  56.733 0.0000000000
55594  40.206  -32.180  56.185 0.0000000000
56859  41.467  -31.151  54.786 0.0000000000
56882  41.720  -31.031  53.964 0.0000000000
58030  41.990  -30.278  52.742 0.0000000000
56901  41.256  -31.213  52.680 0.0000000000
53368  34.268  -34.668  57.583 0.0000000000
53349  35.448  -35.135  58.048 0.0000000000
51475  35.918  -36.041  57.710 0.0000000000
50441  33.871  -37.031  58.784 0.0000000000
50460  34.421  -37.177  58.086 0.0000000000
76397  50.773  -11.840  35.452 0.0000000000
77410  45.556  -11.634  38.268 0.0000000000
77399  46.499  -11.475  39.385 0.0000000000
77370  47.957  -11.679  40.947 0.0000000000
76339  48.922  -12.497  40.767 0.0000000000
75247  47.934  -13.757  41.657 0.0000000000
74288  48.739  -14.057  40.847 0.0000000000
74306  48.962  -14.057  40.221 0.0000000000
58021  38.066  -30.374  53.730 0.0000000000
66963  37.466  -21.117  47.387 0.0000000000
68026  38.438  -20.318  47.738 0.0000000000
69149  39.475  -19.576  48.783 0.0000000000
70094  40.412  -19.420  50.815 0.0000000000
70083  41.460  -19.635  51.198 0.0000000000
66865  41.609  -21.949  52.408 0.0000000000
66891  42.071  -21.293  51.792 0.0000000000
69084  42.341  -20.339  51.262 0.0000000000
66931  43.391  -21.791  50.296 0.0000000000
59165  42.588  -29.133  51.786 0.0000000000
60189  42.277  -28.555  50.823 0.0000000000
44969  21.684  -42.163  62.308 0.0000000000
43971  21.451  -42.362  62.057 0.0000000000
44968  22.128  -42.056  62.324 0.0000000000
70160  38.776  -18.521  46.804 0.0000000000
69196  38.185  -18.942  46.357 0.0000000000
78456  46.490  -9.973  38.000 0.0000000000
78445  46.008  -10.896  38.315 0.0000000000
74255  45.067  -15.427  44.322 0.0000000000
74254  45.669  -15.478  44.025 0.0000000000
73259  46.002  -15.647  44.191 0.0000000000
59111  41.729  -29.602  54.815 0.0000000000
60132  41.793  -28.591  54.658 0.0000000000
61102  42.532  -27.529  53.794 0.0000000000
59140  42.319  -29.473  53.630 0.0000000000
48206  24.315  -39.416  60.291 0.0000000000
48222  24.793  -39.723  60.139 0.0000000000
47119  25.259  -40.046  59.726 0.0000000000
72261  40.573  -16.796  45.515 0.0000000000
72270  40.651  -16.758  44.330 0.0000000000
72268  42.034  -15.989  44.829 0.0000000000
73239  42.354  -15.899  46.847 0.0000000000
72244  41.680  -16.262  46.793 0.0000000000
71188  42.715  -18.240  50.124 0.0000000000
70102  42.360  -18.771  50.485 0.0000000000
69113  42.500  -19.223  50.637 0.0000000000
52417  36.593  -35.593  57.421 0.0000000000
52404  36.925  -35.060  57.597 0.0000000000
53338  31.073  -35.842  58.471 0.0000000000
53337  31.703  -35.370  58.756 0.0000000000
53336  32.493  -35.454  58.638 0.0000000000
53324  32.409  -35.798  58.824 0.0000000000
80480  49.473  -8.587  36.757 0.0000000000
80479  49.933  -8.829  36.358 0.0000000000
80471  50.273  -9.128  36.365 0.0000000000
79492  50.349  -9.797  36.210 0.0000000000
79482  49.881  -9.840  36.881 0.0000000000
73332  45.953  -15.496  40.191 0.0000000000
74322  46.431  -14.357  40.348 0.0000000000
75273  46.721  -13.286  40.590 0.0000000000
72291  48.972  -17.027  41.301 0.0000000000
56816  38.171  -31.502  56.587 0.0000000000
56837  37.885  -31.055  55.981 0.0000000000
60165  38.837  -28.252  52.251 0.0000000000
60178  38.462  -28.262  51.428 0.0000000000
64852  39.197  -23.646  51.716 0.0000000000
65843  39.463  -22.833  51.910 0.0000000000
66915  39.426  -21.870  51.424 0.0000000000
66893  39.857  -22.316  52.081 0.0000000000
66914  40.038  -21.720  51.838 0.0000000000
66892  40.243  -22.268  52.546 0.0000000000
63020  43.498  -25.797  50.848 0.0000000000
63940  43.573  -24.571  51.562 0.0000000000
63953  43.267  -24.936  49.793 0.0000000000
48197  22.946  -41.072  60.979 0.0000000000
48224  23.078  -39.841  60.451 0.0000000000
47108  23.313  -41.183  60.709 0.0000000000
46025  23.430  -41.796  60.386 0.0000000000
46006  22.976  -41.902  60.912 0.0000000000
71275  38.893  -17.802  45.093 0.0000000000
71283  38.833  -17.772  44.110 0.0000000000
71274  39.731  -17.347  45.361 0.0000000000
72246  40.202  -17.158  46.483 0.0000000000
71258  39.668  -17.563  46.272 0.0000000000
70138  39.472  -18.699  47.768 0.0000000000
71230  40.334  -17.936  48.196 0.0000000000
71191  40.782  -18.475  49.947 0.0000000000
51450  28.336  -36.978  59.228 0.0000000000
52386  28.241  -36.635  58.709 0.0000000000
50407  30.060  -37.092  59.403 0.0000000000
50406  30.434  -37.068  59.545 0.0000000000
51430  30.838  -36.681  59.677 0.0000000000
50405  30.909  -37.195  59.995 0.0000000000
50423  31.666  -37.189  59.698 0.0000000000
79495  47.046  -9.336  36.969 0.0000000000
79494  48.193  -8.716  37.228 0.0000000000
80474  48.594  -8.708  37.974 0.0000000000
79484  47.998  -8.812  38.219 0.0000000000
79450  47.486  -10.029  39.572 0.0000000000
79449  47.922  -9.557  39.801 0.0000000000
79430  48.164  -9.918  40.084 0.0000000000
77383  48.989  -10.817  39.941 0.0000000000
78412  47.999  -10.323  40.295 0.0000000000
73294  43.504  -15.814  42.076 0.0000000000
72293  43.890  -15.939  41.485 0.0000000000
73293  44.588  -15.712  41.874 0.0000000000
74273  45.738  -15.147  43.203 0.0000000000
73277  45.948  -14.994  42.720 0.0000000000
73313  46.381  -14.953  41.682 0.0000000000
73291  46.304  -14.842  42.348 0.0000000000
74272  46.541  -14.868  42.606 0.0000000000
74259  47.251  -15.224  43.129 0.0000000000
73267  47.771  -15.959  43.190 0.0000000000
73266  48.341  -16.740  42.932 0.0000000000
57995  39.589  -30.397  55.862 0.0000000000
59113  40.261  -29.446  55.503 0.0000000000
60153  39.467  -28.318  54.070 0.0000000000
61103  39.763  -27.376  54.189 0.0000000000
62077  39.759  -26.574  53.498 0.0000000000
62071  39.974  -26.450  54.258 0.0000000000
62984  40.747  -25.722  54.436 0.0000000000
62995  40.235  -25.565  54.249 0.0000000000
62994  40.450  -25.245  54.146 0.0000000000
63908  40.296  -24.714  53.879 0.0000000000
63907  40.731  -24.949  53.991 0.0000000000
64816  40.946  -24.161  53.467 0.0000000000
63906  41.405  -24.870  53.918 0.0000000000
61107  42.918  -27.447  53.035 0.0000000000
61106  43.345  -26.921  52.609 0.0000000000
62081  43.699  -26.282  52.067 0.0000000000
61113  43.379  -27.319  51.884 0.0000000000
50448  23.864  -37.812  58.961 0.0000000000
51466  24.097  -37.265  58.545 0.0000000000
50447  24.148  -37.519  58.920 0.0000000000
51435  25.029  -37.750  59.577 0.0000000000
52388  25.065  -37.070  58.882 0.0000000000
52387  25.462  -37.037  58.909 0.0000000000
51451  25.730  -37.359  59.298 0.0000000000
51464  26.654  -37.109  59.158 0.0000000000
50429  26.286  -37.604  59.468 0.0000000000
72285  40.851  -16.636  42.185 0.0000000000
72295  41.606  -16.462  41.481 0.0000000000
73250  44.227  -15.284  45.984 0.0000000000
73236  44.414  -15.190  46.236 0.0000000000
73237  43.974  -15.171  46.816 0.0000000000
73225  43.339  -15.668  47.677 0.0000000000
73224  43.996  -15.240  47.649 0.0000000000
73211  44.203  -15.818  47.935 0.0000000000
73210  44.768  -16.182  47.692 0.0000000000
72215  43.665  -16.463  48.486 0.0000000000
72218  41.423  -16.969  48.242 0.0000000000
72233  42.001  -16.327  47.664 0.0000000000
71207  43.247  -18.030  49.580 0.0000000000
72199  43.143  -17.069  49.076 0.0000000000
71206  43.823  -17.846  48.990 0.0000000000
72197  44.011  -17.482  48.677 0.0000000000
54406  35.233  -34.285  57.543 0.0000000000
54422  35.730  -33.580  57.008 0.0000000000
54405  36.138  -33.935  57.443 0.0000000000
56796  37.895  -32.301  56.866 0.0000000000
52424  37.523  -35.386  56.616 0.0000000000
53404  39.379  -33.795  55.269 0.0000000000
53385  39.224  -33.724  56.149 0.0000000000
54420  39.433  -33.150  56.495 0.0000000000
54401  39.238  -32.880  56.804 0.0000000000
55595  39.916  -32.713  56.198 0.0000000000
56793  39.929  -31.965  56.529 0.0000000000
55607  40.192  -32.629  55.886 0.0000000000
54471  40.465  -32.694  54.251 0.0000000000
55619  40.778  -31.977  54.649 0.0000000000
55618  41.284  -31.559  54.164 0.0000000000
56881  41.789  -30.786  54.402 0.0000000000
55630  41.277  -31.483  53.511 0.0000000000
56900  41.557  -30.949  53.163 0.0000000000
55645  41.235  -31.383  53.036 0.0000000000
53340  29.257  -36.346  57.886 0.0000000000
53355  29.583  -36.203  57.503 0.0000000000
53388  32.925  -35.057  56.618 0.0000000000
53387  33.994  -34.662  56.553 0.0000000000
53334  34.545  -35.394  58.391 0.0000000000
53350  34.549  -34.907  58.113 0.0000000000
52393  34.877  -35.603  58.389 0.0000000000
52406  35.438  -35.810  58.178 0.0000000000
50442  33.019  -37.348  59.103 0.0000000000
50459  35.099  -36.982  57.590 0.0000000000
78473  50.594  -11.054  36.098 0.0000000000
77438  50.523  -11.518  35.910 0.0000000000
76399  49.656  -12.268  35.705 0.0000000000
78442  49.337  -10.639  38.591 0.0000000000
72327  44.489  -16.477  40.184 0.0000000000
75290  45.140  -13.670  38.457 0.0000000000
76364  45.430  -12.717  38.792 0.0000000000
76371  44.987  -12.759  38.112 0.0000000000
77400  45.788  -12.084  39.018 0.0000000000
76341  47.720  -12.307  41.143 0.0000000000
77371  47.628  -11.871  40.807 0.0000000000
76353  48.804  -11.957  40.683 0.0000000000
73290  48.610  -15.656  41.070 0.0000000000
74287  48.942  -13.414  40.661 0.0000000000
58009  38.722  -30.062  55.075 0.0000000000
58010  38.090  -30.429  54.691 0.0000000000
58020  38.642  -29.896  54.239 0.0000000000
63009  39.458  -25.555  52.332 0.0000000000
66952  38.139  -21.105  48.206 0.0000000000
68027  37.907  -20.310  47.195 0.0000000000
68018  38.930  -20.503  48.735 0.0000000000
69150  38.896  -19.578  47.919 0.0000000000
68017  39.367  -20.126  49.464 0.0000000000
69088  40.909  -20.464  51.618 0.0000000000
69114  40.020  -19.788  50.672 0.0000000000
69101  40.524  -20.079  51.220 0.0000000000
70084  41.185  -19.718  51.266 0.0000000000
69087  41.306  -20.225  51.522 0.0000000000
64829  41.762  -23.499  53.143 0.0000000000
65806  41.540  -22.924  52.813 0.0000000000
65827  42.880  -22.848  51.465 0.0000000000
65829  42.235  -21.941  51.961 0.0000000000
66890  42.518  -21.638  51.497 0.0000000000
67944  41.915  -20.689  51.649 0.0000000000
66913  42.995  -21.320  50.967 0.0000000000
66930  43.359  -22.337  50.634 0.0000000000
65865  43.300  -22.788  49.101 0.0000000000
58046  41.782  -30.379  51.914 0.0000000000
59153  42.282  -29.819  52.102 0.0000000000
58064  41.682  -30.126  51.330 0.0000000000
48198  22.142  -40.772  61.010 0.0000000000
47091  22.859  -41.506  61.212 0.0000000000
46007  22.763  -42.144  61.620 0.0000000000
44977  22.823  -42.013  62.408 0.0000000000
44978  22.374  -42.061  62.143 0.0000000000
70188  38.205  -18.288  44.742 0.0000000000
71245  39.258  -17.956  46.697 0.0000000000
49333  28.623  -38.087  59.703 0.0000000000
49332  29.489  -38.045  59.509 0.0000000000
78430  47.066  -10.462  39.421 0.0000000000
74262  45.349  -15.318  43.664 0.0000000000
74253  46.545  -15.429  43.705 0.0000000000
57993  41.426  -30.605  55.187 0.0000000000
59112  41.038  -29.534  55.402 0.0000000000
60134  40.744  -28.415  55.248 0.0000000000
61098  40.542  -27.434  54.989 0.0000000000
62065  40.351  -26.563  54.688 0.0000000000
61097  41.099  -27.441  54.981 0.0000000000
62063  41.440  -26.391  54.733 0.0000000000
62062  41.904  -26.585  54.640 0.0000000000
62069  42.304  -26.366  54.233 0.0000000000
50430  24.341  -37.742  59.289 0.0000000000
49313  24.608  -38.686  60.083 0.0000000000
49312  25.113  -38.372  59.867 0.0000000000
49311  25.669  -38.048  59.704 0.0000000000
48204  25.639  -38.545  59.743 0.0000000000
72277  40.776  -16.639  43.208 0.0000000000
72276  41.439  -16.274  43.597 0.0000000000
72275  42.099  -15.903  43.991 0.0000000000
72259  42.298  -15.920  45.237 0.0000000000
72232  42.653  -16.161  47.998 0.0000000000
71209  41.902  -17.656  49.470 0.0000000000
70118  43.329  -18.945  49.817 0.0000000000
67999  43.465  -20.874  49.666 0.0000000000
54385  36.259  -34.484  57.665 0.0000000000
54384  36.823  -34.338  57.568 0.0000000000
54383  37.289  -34.427  57.451 0.0000000000
53367  37.507  -34.651  57.367 0.0000000000
54455  40.002  -33.300  54.764 0.0000000000
54436  40.267  -32.706  55.607 0.0000000000
53327  30.783  -36.146  58.669 0.0000000000
53339  30.339  -36.080  57.887 0.0000000000
53354  30.586  -35.957  57.797 0.0000000000
53371  31.026  -35.738  57.230 0.0000000000
53370  32.107  -35.255  57.280 0.0000000000
53335  33.308  -35.586  58.662 0.0000000000
52394  34.030  -35.956  58.747 0.0000000000
79502  50.485  -9.417  35.823 0.0000000000
78462  50.467  -10.295  36.065 0.0000000000
77425  50.252  -11.143  36.352 0.0000000000
77397  49.339  -11.125  39.500 0.0000000000
72342  45.278  -16.197  39.801 0.0000000000
74336  45.391  -14.614  38.771 0.0000000000
76355  46.500  -12.473  40.088 0.0000000000
55608  36.842  -32.230  56.469 0.0000000000
59142  39.090  -29.127  53.815 0.0000000000
58031  38.583  -29.783  53.313 0.0000000000
59154  38.824  -29.048  52.833 0.0000000000
59167  38.549  -29.087  51.968 0.0000000000
63934  39.559  -24.496  52.231 0.0000000000
63941  39.088  -24.584  51.545 0.0000000000
65851  38.514  -23.098  50.434 0.0000000000
65858  37.915  -22.853  49.782 0.0000000000
66943  37.744  -22.300  49.227 0.0000000000
65857  38.572  -22.415  50.218 0.0000000000
66932  38.966  -21.638  50.548 0.0000000000
67983  39.351  -20.968  50.603 0.0000000000
67982  39.574  -20.344  50.343 0.0000000000
67947  40.548  -21.210  51.927 0.0000000000
63920  42.881  -23.988  52.714 0.0000000000
64827  42.536  -23.177  52.399 0.0000000000
63932  43.329  -24.357  52.174 0.0000000000
63931  43.325  -23.813  51.602 0.0000000000
64857  43.433  -23.318  50.816 0.0000000000
65849  43.461  -22.716  50.490 0.0000000000
64858  43.488  -23.486  50.400 0.0000000000
49356  23.502  -38.508  59.332 0.0000000000
49336  23.361  -39.267  60.109 0.0000000000
49314  24.020  -38.970  60.300 0.0000000000
47121  23.873  -41.024  60.276 0.0000000000
46024  24.076  -41.270  59.758 0.0000000000
71281  40.028  -17.105  44.578 0.0000000000
71273  40.224  -16.985  44.953 0.0000000000
72245  40.934  -16.680  46.584 0.0000000000
72219  40.842  -17.240  48.015 0.0000000000
71244  39.884  -17.903  47.085 0.0000000000
71229  40.986  -17.659  48.654 0.0000000000
71210  41.173  -18.030  49.403 0.0000000000
71190  41.272  -18.501  50.218 0.0000000000
70092  41.621  -19.080  50.775 0.0000000000
51484  36.838  -35.790  56.880 0.0000000000
53342  26.853  -36.520  57.916 0.0000000000
53341  28.069  -36.413  58.003 0.0000000000
53329  28.992  -36.466  58.316 0.0000000000
51449  29.279  -37.021  59.218 0.0000000000
52373  30.012  -36.759  59.169 0.0000000000
52384  30.436  -36.397  58.815 0.0000000000
52383  30.914  -35.992  59.200 0.0000000000
52382  31.392  -35.868  59.010 0.0000000000
52370  31.327  -36.379  59.485 0.0000000000
52381  31.747  -36.142  59.087 0.0000000000
51446  31.719  -36.603  59.461 0.0000000000
50443  32.074  -37.673  59.281 0.0000000000
49350  32.001  -38.199  58.740 0.0000000000
79493  49.009  -8.447  36.884 0.0000000000
80462  49.526  -9.247  37.618 0.0000000000
80463  49.050  -8.827  38.230 0.0000000000
80442  49.186  -9.205  38.362 0.0000000000
79468  48.964  -9.529  39.093 0.0000000000
79469  47.768  -9.058  38.967 0.0000000000
80425  48.317  -9.269  39.594 0.0000000000
78427  49.105  -10.237  39.378 0.0000000000
72311  43.570  -16.320  40.770 0.0000000000
72310  44.628  -15.948  41.073 0.0000000000
73315  44.912  -15.796  41.381 0.0000000000
73314  45.496  -15.664  41.228 0.0000000000
74307  47.263  -13.692  41.576 0.0000000000
57977  38.936  -30.964  56.495 0.0000000000
57978  38.461  -30.849  56.171 0.0000000000
59115  39.160  -29.797  55.250 0.0000000000
59141  39.366  -28.957  54.332 0.0000000000
61109  39.160  -27.408  52.505 0.0000000000
62078  39.511  -26.596  52.736 0.0000000000
63002  39.853  -25.526  53.372 0.0000000000
64844  39.957  -23.751  53.089 0.0000000000
65830  40.153  -23.195  52.953 0.0000000000
65808  40.447  -23.238  52.937 0.0000000000
65782  40.629  -23.795  53.171 0.0000000000
64815  41.461  -23.772  53.273 0.0000000000
63921  42.560  -24.574  53.317 0.0000000000
63001  42.809  -25.612  53.453 0.0000000000
63000  43.172  -24.955  52.807 0.0000000000
63007  43.631  -25.271  52.181 0.0000000000
53358  26.338  -36.404  57.216 0.0000000000
52389  24.744  -37.170  58.886 0.0000000000
53359  25.475  -36.385  57.371 0.0000000000
53343  25.989  -36.522  57.873 0.0000000000
51463  27.453  -36.963  59.144 0.0000000000
50428  27.281  -37.488  59.435 0.0000000000
49335  26.448  -38.093  59.646 0.0000000000
49334  27.496  -38.192  59.660 0.0000000000
73295  43.065  -15.819  42.085 0.0000000000
73280  43.022  -15.752  42.493 0.0000000000
73270  42.932  -15.674  43.428 0.0000000000
73269  43.790  -15.470  43.848 0.0000000000
74248  44.786  -15.378  45.418 0.0000000000
75221  45.192  -15.776  45.297 0.0000000000
75223  44.844  -15.255  45.969 0.0000000000
75211  45.002  -15.263  46.234 0.0000000000
74225  44.921  -15.380  46.867 0.0000000000
74226  44.404  -15.337  47.301 0.0000000000
72216  43.042  -16.378  48.450 0.0000000000
72200  42.584  -17.075  49.063 0.0000000000
54438  35.470  -33.510  56.433 0.0000000000
55609  36.038  -32.659  56.187 0.0000000000
55586  36.725  -33.564  57.257 0.0000000000
55596  36.929  -32.634  56.741 0.0000000000
56817  37.397  -32.126  56.663 0.0000000000
56795  38.729  -31.864  56.915 0.0000000000
52423  37.994  -34.827  56.976 0.0000000000
53366  38.088  -34.351  57.128 0.0000000000
53386  38.678  -34.261  56.684 0.0000000000
54402  38.700  -33.454  56.926 0.0000000000
55583  39.025  -32.522  56.930 0.0000000000
57956  39.136  -31.570  56.746 0.0000000000
56814  39.727  -31.592  56.478 0.0000000000
57975  39.850  -31.316  56.243 0.0000000000
56836  40.858  -31.441  55.575 0.0000000000
55606  40.507  -32.229  55.474 0.0000000000
56835  41.313  -31.102  55.224 0.0000000000
58008  41.678  -30.799  54.915 0.0000000000
58007  41.810  -30.521  54.684 0.0000000000
58018  42.007  -30.340  54.003 0.0000000000
58019  41.891  -30.520  53.489 0.0000000000
56920  41.543  -30.779  52.490 0.0000000000
56921  41.144  -31.085  52.002 0.0000000000
55646  40.817  -31.855  52.720 0.0000000000
55661  40.585  -31.736  51.611 0.0000000000
53374  27.712  -36.252  56.648 0.0000000000
52405  36.179  -35.411  57.825 0.0000000000
51445  32.603  -36.453  59.174 0.0000000000
51462  33.336  -36.596  59.071 0.0000000000
51461  34.121  -36.474  58.795 0.0000000000
51477  34.494  -36.674  58.495 0.0000000000
51476  35.175  -36.525  58.072 0.0000000000
45991  21.429  -41.819  61.903 0.0000000000
76410  50.624  -12.533  35.034 0.0000000000
77409  46.113  -11.084  38.666 0.0000000000
77398  47.171  -10.897  39.759 0.0000000000
77386  46.887  -11.849  40.168 0.0000000000
77385  47.498  -11.305  40.313 0.0000000000
77384  48.477  -11.255  40.514 0.0000000000
75271  49.142  -12.674  40.508 0.0000000000
75264  47.827  -13.119  41.474 0.0000000000
75246  48.226  -14.038  41.550 0.0000000000
75263  48.518  -13.210  41.198 0.0000000000
75262  48.980  -13.149  40.745 0.0000000000
74305  49.048  -13.276  40.469 0.0000000000
69197  37.665  -19.491  46.180 0.0000000000
57997  38.278  -30.587  55.535 0.0000000000
66953  37.419  -22.040  48.514 0.0000000000
68040  37.441  -20.340  46.652 0.0000000000
69175  37.800  -19.888  46.782 0.0000000000
69174  38.280  -19.482  47.060 0.0000000000
68000  39.418  -20.178  49.911 0.0000000000
69128  39.710  -19.633  49.834 0.0000000000
70105  40.321  -18.912  50.230 0.0000000000
70093  40.943  -19.202  50.905 0.0000000000
69099  41.842  -19.560  51.087 0.0000000000
66867  40.664  -22.252  52.642 0.0000000000
66866  41.136  -22.100  52.582 0.0000000000
67925  41.306  -21.386  52.237 0.0000000000
65805  42.145  -22.553  52.408 0.0000000000
66864  41.924  -21.755  52.170 0.0000000000
67945  41.510  -20.770  51.799 0.0000000000
69085  42.148  -20.223  51.368 0.0000000000
69098  42.260  -19.727  51.046 0.0000000000
67963  42.822  -20.483  50.869 0.0000000000
67981  43.254  -20.639  50.336 0.0000000000
65856  43.486  -22.712  49.892 0.0000000000
66941  43.416  -21.717  49.374 0.0000000000
59152  42.465  -29.363  52.688 0.0000000000
60164  42.905  -28.302  52.091 0.0000000000
59180  41.788  -29.456  50.949 0.0000000000
59179  42.383  -29.062  51.243 0.0000000000
60177  42.821  -28.309  51.244 0.0000000000
61124  42.979  -27.830  50.970 0.0000000000
44967  22.593  -42.070  62.295 0.0000000000
45977  22.148  -41.719  62.204 0.0000000000
45989  23.018  -41.901  62.461 0.0000000000
45990  23.042  -41.796  62.205 0.0000000000
47074  22.068  -41.194  61.758 0.0000000000
47075  21.857  -41.180  62.035 0.0000000000
47076  21.961  -41.370  61.981 0.0000000000
47092  22.885  -41.826  61.975 0.0000000000
48188  22.298  -40.892  61.307 0.0000000000
48189  22.043  -41.030  61.569 0.0000000000
48223  23.305  -39.733  60.431 0.0000000000
50409  25.205  -37.969  59.720 0.0000000000
50445  27.044  -37.232  59.279 0.0000000000
51428  31.316  -36.564  59.668 0.0000000000
51431  30.312  -36.834  59.367 0.0000000000
51432  29.830  -36.871  59.151 0.0000000000
51433  25.468  -37.582  59.431 0.0000000000
51434  25.278  -37.715  59.536 0.0000000000
51447  31.252  -37.176  60.071 0.0000000000
51448  29.861  -37.081  59.286 0.0000000000
51452  25.215  -37.411  59.284 0.0000000000
51453  24.795  -37.489  59.274 0.0000000000
51465  24.434  -37.281  58.849 0.0000000000
52371  31.083  -36.360  59.540 0.0000000000
52374  29.603  -36.770  58.998 0.0000000000
52380  32.494  -36.066  58.958 0.0000000000
52415  37.909  -34.816  57.218 0.0000000000
53323  32.867  -36.034  59.062 0.0000000000
53333  34.975  -35.335  58.296 0.0000000000
53347  37.057  -34.683  57.567 0.0000000000
53408  32.730  -35.211  56.101 0.0000000000
55581  39.956  -32.191  56.472 0.0000000000
55582  39.668  -32.424  56.590 0.0000000000
56797  37.432  -32.549  56.809 0.0000000000
56813  40.126  -31.555  56.180 0.0000000000
56858  41.732  -30.846  54.630 0.0000000000
56860  40.830  -31.666  55.082 0.0000000000
57957  39.000  -31.376  56.744 0.0000000000
58029  42.166  -30.013  53.340 0.0000000000
59127  42.072  -29.783  54.283 0.0000000000
59128  39.551  -28.881  54.651 0.0000000000
59166  42.146  -29.699  51.521 0.0000000000
59168  38.063  -29.053  51.232 0.0000000000
60163  43.089  -27.853  51.479 0.0000000000
60176  43.040  -27.872  51.172 0.0000000000
61123  43.175  -27.390  51.055 0.0000000000
62070  41.875  -26.264  54.610 0.0000000000
62985  40.478  -26.134  54.545 0.0000000000
62993  41.764  -25.758  54.419 0.0000000000
63891  41.035  -25.221  54.155 0.0000000000
63892  40.902  -25.388  54.264 0.0000000000
63905  41.972  -24.230  53.585 0.0000000000
63933  39.839  -24.497  52.936 0.0000000000
63939  43.494  -23.890  51.128 0.0000000000
63945  43.497  -23.812  50.779 0.0000000000
64814  41.861  -23.749  53.314 0.0000000000
64830  40.208  -23.936  53.357 0.0000000000
64842  43.015  -23.168  51.520 0.0000000000
64851  43.286  -23.284  51.186 0.0000000000
64859  38.733  -23.725  50.987 0.0000000000
65781  40.916  -23.506  53.053 0.0000000000
65804  42.430  -22.792  52.233 0.0000000000
65807  40.950  -22.842  52.794 0.0000000000
65828  42.641  -22.643  51.790 0.0000000000
65841  43.025  -22.700  51.237 0.0000000000
65848  43.298  -22.744  50.864 0.0000000000
66912  43.205  -22.141  50.885 0.0000000000
66962  38.004  -20.724  47.615 0.0000000000
67924  41.694  -21.263  52.049 0.0000000000
67926  40.877  -21.565  52.371 0.0000000000
67943  42.402  -20.728  51.321 0.0000000000
69086  41.796  -20.097  51.428 0.0000000000
69097  42.482  -20.174  51.089 0.0000000000
69100  40.980  -19.900  51.349 0.0000000000
70103  41.996  -18.885  50.613 0.0000000000
71172  41.529  -18.717  50.509 0.0000000000
71173  41.309  -18.865  50.644 0.0000000000
71187  43.005  -18.265  50.039 0.0000000000
72309  45.129  -15.901  40.945 0.0000000000
73253  42.074  -15.980  46.317 0.0000000000
74237  44.245  -15.140  47.139 0.0000000000
74274  45.446  -15.296  43.372 0.0000000000
75222  44.980  -15.495  45.596 0.0000000000
78410  48.848  -10.366  39.721 0.0000000000
78411  48.495  -10.250  39.957 0.0000000000
78428  48.763  -10.120  39.637 0.0000000000
79447  49.028  -9.748  39.178 0.0000000000
79448  48.594  -9.661  39.497 0.0000000000
79467  49.228  -9.700  38.624 0.0000000000
79491  50.519  -10.192  35.901 0.0000000000
80424  48.471  -9.242  39.386 0.0000000000
80443  48.804  -9.208  38.934 0.0000000000
80444  48.295  -9.019  39.348 0.0000000000
80472  49.833  -8.866  36.913 0.0000000000
