#!ascii label  , from subject bert vox2ras=TkReg
1220
108617  42.082  26.664  13.542 0.0000000000
112622  46.321  32.958  16.581 0.0000000000
105463  47.473  21.296  18.369 0.0000000000
108590  37.660  26.436  16.246 0.0000000000
107361  38.376  23.483  14.870 0.0000000000
113972  46.035  35.605  13.796 0.0000000000
115199  42.085  37.128  22.492 0.0000000000
116444  46.377  39.839  25.529 0.0000000000
105403  48.355  20.680  24.597 0.0000000000
104139  44.510  18.954  24.284 0.0000000000
110865  47.256  30.037  10.546 0.0000000000
106726  44.575  22.896  12.370 0.0000000000
109148  47.712  26.948  15.236 0.0000000000
108536  46.067  26.483  22.190 0.0000000000
117110  42.453  39.817  20.097 0.0000000000
115222  49.211  37.556  17.057 0.0000000000
106631  41.811  23.853  20.732 0.0000000000
108598  39.756  26.842  15.513 0.0000000000
107997  37.148  24.472  14.000 0.0000000000
108018  39.322  24.367  12.425 0.0000000000
110840  44.545  30.667  14.004 0.0000000000
110242  42.014  29.361  16.123 0.0000000000
115825  42.049  38.663  26.857 0.0000000000
104759  48.201  19.691  26.968 0.0000000000
102814  47.695  17.569  25.904 0.0000000000
101389  48.167  15.216  27.951 0.0000000000
120140  44.968  45.320  17.793 0.0000000000
111425  48.301  31.136  13.034 0.0000000000
109174  47.379  27.426  12.117 0.0000000000
110238  46.650  29.335  15.132 0.0000000000
110749  46.260  30.447  24.936 0.0000000000
109614  48.153  28.771  21.456 0.0000000000
110148  48.453  29.909  24.912 0.0000000000
108516  46.212  26.347  25.675 0.0000000000
114555  46.529  36.670  21.046 0.0000000000
115877  47.208  37.797  21.209 0.0000000000
113266  48.603  35.123  17.084 0.0000000000
112660  49.412  33.870  12.985 0.0000000000
106063  46.559  22.367  15.398 0.0000000000
106684  43.457  24.275  15.861 0.0000000000
106035  45.497  22.302  18.844 0.0000000000
106074  35.866  22.359  15.960 0.0000000000
106648  37.095  23.595  18.940 0.0000000000
116521  47.830  39.987  16.215 0.0000000000
115259  44.941  37.282  15.124 0.0000000000
113223  44.434  34.712  19.937 0.0000000000
110813  45.020  30.788  17.701 0.0000000000
116967  41.991  41.091  30.871 0.0000000000
117029  43.387  41.359  26.967 0.0000000000
115863  44.755  38.341  24.263 0.0000000000
105431  48.494  20.744  21.290 0.0000000000
104811  46.606  20.257  20.825 0.0000000000
103513  47.535  18.975  23.531 0.0000000000
102127  44.303  16.135  26.354 0.0000000000
109707  44.836  28.677  12.057 0.0000000000
108026  42.108  24.638  11.132 0.0000000000
108643  45.329  26.121  10.490 0.0000000000
107383  47.472  24.228  12.747 0.0000000000
107342  47.898  23.983  16.681 0.0000000000
109664  46.571  28.152  18.146 0.0000000000
108569  48.238  26.600  18.802 0.0000000000
107307  46.755  23.982  19.708 0.0000000000
106605  46.563  23.100  22.987 0.0000000000
106589  47.170  22.997  26.130 0.0000000000
118914  42.725  43.532  18.179 0.0000000000
117721  45.299  42.856  18.818 0.0000000000
116498  45.602  39.338  19.109 0.0000000000
117139  48.862  40.475  17.228 0.0000000000
115270  49.136  37.136  14.292 0.0000000000
112028  46.790  32.843  12.479 0.0000000000
106729  40.975  23.504  12.861 0.0000000000
107324  39.828  24.364  17.786 0.0000000000
106012  38.491  22.825  21.824 0.0000000000
105418  43.740  21.087  22.615 0.0000000000
108607  41.541  26.816  14.365 0.0000000000
108620  39.175  25.353  13.185 0.0000000000
108618  41.174  25.990  13.171 0.0000000000
110258  43.988  29.267  13.754 0.0000000000
110240  43.283  29.716  15.073 0.0000000000
109150  42.309  27.916  14.949 0.0000000000
109684  41.117  28.040  15.916 0.0000000000
104100  47.913  19.168  28.719 0.0000000000
102790  48.441  16.879  28.027 0.0000000000
102780  48.353  16.617  28.851 0.0000000000
104826  35.675  20.593  20.369 0.0000000000
112004  48.015  32.349  14.914 0.0000000000
110838  47.727  30.486  13.594 0.0000000000
111399  46.613  31.660  15.765 0.0000000000
111320  47.120  31.575  26.240 0.0000000000
110747  47.891  30.678  24.671 0.0000000000
113253  46.532  34.936  17.980 0.0000000000
113922  47.034  35.652  18.595 0.0000000000
113280  47.538  34.424  16.850 0.0000000000
112003  48.670  33.061  14.584 0.0000000000
105482  47.456  21.696  16.817 0.0000000000
106052  46.437  22.146  16.871 0.0000000000
105474  46.783  21.498  17.873 0.0000000000
108582  35.600  26.033  17.087 0.0000000000
107983  35.960  25.090  15.624 0.0000000000
106717  37.360  23.580  14.172 0.0000000000
106718  36.504  23.238  14.694 0.0000000000
106686  37.076  23.057  15.687 0.0000000000
106675  36.323  22.890  17.153 0.0000000000
106660  37.893  23.714  17.074 0.0000000000
115257  47.036  37.708  15.009 0.0000000000
115918  46.603  38.402  15.484 0.0000000000
114624  45.484  36.424  14.446 0.0000000000
108579  38.607  27.084  17.034 0.0000000000
108581  36.895  26.770  17.502 0.0000000000
113215  43.520  34.694  20.866 0.0000000000
112574  43.531  33.318  20.294 0.0000000000
113216  42.615  34.156  21.250 0.0000000000
115856  41.467  38.206  24.596 0.0000000000
115841  42.961  38.652  25.960 0.0000000000
115185  43.354  37.712  23.353 0.0000000000
114536  44.561  36.743  22.324 0.0000000000
105407  48.009  21.319  23.159 0.0000000000
104156  48.179  19.511  22.602 0.0000000000
104145  48.264  19.407  23.495 0.0000000000
102110  46.612  15.982  27.135 0.0000000000
102125  46.302  16.680  26.585 0.0000000000
101406  44.590  15.246  26.828 0.0000000000
110275  45.991  29.245  10.787 0.0000000000
109721  45.112  27.411  10.635 0.0000000000
109719  46.810  28.502  10.518 0.0000000000
109166  47.377  27.371  13.381 0.0000000000
108624  47.278  26.231  12.669 0.0000000000
107994  47.936  25.127  14.202 0.0000000000
107367  48.006  24.095  14.642 0.0000000000
107988  48.154  25.161  15.262 0.0000000000
110797  44.226  30.223  19.003 0.0000000000
110223  45.384  29.429  17.471 0.0000000000
109646  45.568  28.731  19.684 0.0000000000
109089  48.361  28.219  21.869 0.0000000000
109642  48.456  28.056  19.904 0.0000000000
108552  47.247  26.276  20.266 0.0000000000
107959  47.449  25.380  18.985 0.0000000000
107953  46.265  25.506  20.561 0.0000000000
107288  46.295  23.782  21.220 0.0000000000
107934  45.577  25.557  22.743 0.0000000000
108508  46.849  26.177  27.236 0.0000000000
107263  46.516  24.423  26.558 0.0000000000
117739  41.992  41.827  19.022 0.0000000000
118321  43.210  42.792  18.589 0.0000000000
117135  44.102  41.390  18.755 0.0000000000
117663  44.744  41.026  26.722 0.0000000000
117070  44.116  40.887  25.070 0.0000000000
117082  45.771  40.381  24.491 0.0000000000
115212  48.602  37.165  18.963 0.0000000000
115878  46.742  38.268  20.659 0.0000000000
115891  48.205  38.126  18.652 0.0000000000
116506  47.906  39.684  18.260 0.0000000000
115895  49.168  38.458  16.988 0.0000000000
116528  49.357  38.992  15.579 0.0000000000
115238  49.488  37.618  15.985 0.0000000000
112040  48.582  32.375  11.735 0.0000000000
112662  48.384  33.279  12.209 0.0000000000
111439  47.265  31.495  11.020 0.0000000000
110854  46.005  30.521  11.590 0.0000000000
106752  43.438  23.622  10.944 0.0000000000
106754  41.464  23.460  11.706 0.0000000000
106727  43.331  23.456  12.680 0.0000000000
107321  42.828  24.360  18.516 0.0000000000
107334  41.547  24.749  17.262 0.0000000000
107311  41.111  24.467  19.029 0.0000000000
107301  39.567  24.062  19.463 0.0000000000
106618  40.123  23.469  21.228 0.0000000000
104787  45.529  19.926  22.916 0.0000000000
104813  45.241  20.715  21.857 0.0000000000
104149  44.016  19.552  23.794 0.0000000000
108599  38.423  26.305  15.250 0.0000000000
108600  37.268  25.740  15.093 0.0000000000
108610  38.043  25.590  14.272 0.0000000000
108007  38.325  24.403  13.145 0.0000000000
106732  38.617  23.689  13.306 0.0000000000
112645  45.731  33.695  13.760 0.0000000000
109143  39.769  27.554  16.532 0.0000000000
104771  48.297  20.010  26.057 0.0000000000
104132  48.393  19.027  25.469 0.0000000000
104126  48.419  18.890  26.510 0.0000000000
102123  47.775  16.696  26.830 0.0000000000
110852  48.617  30.873  11.574 0.0000000000
109718  47.337  28.501  10.816 0.0000000000
110262  47.990  29.378  11.763 0.0000000000
109698  47.407  28.631  13.548 0.0000000000
109158  47.320  27.530  14.680 0.0000000000
110173  45.873  29.263  22.757 0.0000000000
109616  46.729  28.860  21.192 0.0000000000
110172  46.984  29.468  22.658 0.0000000000
110170  48.178  29.405  23.056 0.0000000000
109082  47.963  28.074  23.188 0.0000000000
108529  46.385  27.050  23.841 0.0000000000
109071  47.288  27.880  25.113 0.0000000000
109068  47.071  27.506  26.238 0.0000000000
108507  47.050  26.539  27.847 0.0000000000
116483  41.294  39.642  21.855 0.0000000000
115181  47.196  38.132  23.514 0.0000000000
116456  47.182  39.018  23.574 0.0000000000
115204  47.435  37.559  21.925 0.0000000000
114567  48.341  36.518  19.082 0.0000000000
113938  49.413  36.065  16.923 0.0000000000
113962  49.631  35.739  15.209 0.0000000000
112630  49.346  34.409  14.847 0.0000000000
112027  48.901  32.530  12.627 0.0000000000
106081  46.250  22.222  13.597 0.0000000000
106695  44.467  23.501  14.671 0.0000000000
106682  45.584  22.924  15.631 0.0000000000
106671  44.830  23.458  17.354 0.0000000000
106645  43.829  23.637  19.494 0.0000000000
102830  42.332  16.791  25.165 0.0000000000
103507  42.684  18.169  24.651 0.0000000000
106067  34.220  22.219  16.259 0.0000000000
107362  36.050  24.163  14.867 0.0000000000
106076  35.160  22.462  15.415 0.0000000000
105475  34.850  21.683  16.848 0.0000000000
106055  35.401  22.164  17.393 0.0000000000
106650  35.512  22.441  19.002 0.0000000000
106026  35.884  22.046  20.587 0.0000000000
117146  47.435  40.883  16.530 0.0000000000
116523  45.639  40.057  16.262 0.0000000000
112602  45.519  34.006  17.893 0.0000000000
111986  45.636  32.380  17.069 0.0000000000
111969  44.366  32.970  18.928 0.0000000000
111376  43.553  31.669  19.706 0.0000000000
110196  43.675  29.798  20.416 0.0000000000
110175  43.763  29.200  22.528 0.0000000000
110152  44.644  29.794  24.411 0.0000000000
116993  42.858  41.407  29.392 0.0000000000
117630  44.529  41.049  28.698 0.0000000000
116418  45.017  39.976  27.561 0.0000000000
115852  45.992  38.837  25.187 0.0000000000
115195  46.103  37.359  22.940 0.0000000000
113887  45.463  36.207  21.049 0.0000000000
105454  48.155  20.818  19.300 0.0000000000
104834  47.389  20.580  19.243 0.0000000000
104180  48.056  19.710  20.945 0.0000000000
104158  47.165  19.277  22.672 0.0000000000
103504  46.099  18.726  24.292 0.0000000000
103494  47.567  18.258  24.883 0.0000000000
102826  46.409  18.057  25.209 0.0000000000
103497  44.633  17.942  25.198 0.0000000000
109168  43.477  27.496  12.849 0.0000000000
108627  42.499  26.142  12.311 0.0000000000
109184  43.891  26.835  11.523 0.0000000000
108035  43.699  24.933  10.591 0.0000000000
106750  45.062  23.262  10.760 0.0000000000
108634  46.763  26.244  11.322 0.0000000000
107393  46.593  24.313  11.369 0.0000000000
106090  46.556  22.421  12.131 0.0000000000
106084  47.348  22.611  13.706 0.0000000000
106071  47.591  22.315  15.538 0.0000000000
106669  47.775  22.842  17.035 0.0000000000
110821  46.010  30.505  16.172 0.0000000000
109679  46.356  28.510  15.972 0.0000000000
109141  47.019  27.617  16.717 0.0000000000
109644  47.543  28.614  19.687 0.0000000000
109123  47.846  27.968  18.470 0.0000000000
108587  48.244  26.459  16.789 0.0000000000
107975  47.968  24.944  17.400 0.0000000000
107318  47.500  23.839  18.165 0.0000000000
106642  47.609  22.415  18.893 0.0000000000
106021  47.517  22.344  20.781 0.0000000000
105990  47.188  22.525  22.394 0.0000000000
105983  47.516  22.008  23.840 0.0000000000
107921  45.683  25.345  24.626 0.0000000000
105977  46.903  22.859  25.004 0.0000000000
105398  48.067  21.467  25.357 0.0000000000
105391  48.069  21.088  26.481 0.0000000000
119512  43.657  44.626  17.586 0.0000000000
119494  45.642  44.526  18.525 0.0000000000
118317  47.007  43.031  18.805 0.0000000000
116468  45.988  39.565  22.722 0.0000000000
116500  43.744  39.523  19.699 0.0000000000
117134  44.994  40.751  18.779 0.0000000000
117733  47.788  41.886  18.530 0.0000000000
118315  48.516  42.544  17.910 0.0000000000
117144  48.797  40.555  16.729 0.0000000000
115916  48.565  38.539  15.204 0.0000000000
114622  47.805  36.260  13.916 0.0000000000
114631  49.536  35.965  13.941 0.0000000000
113980  48.106  35.114  13.019 0.0000000000
113311  46.685  34.397  13.355 0.0000000000
112029  46.020  32.340  12.832 0.0000000000
110256  45.222  29.998  12.814 0.0000000000
108016  40.983  24.540  11.691 0.0000000000
106730  40.114  23.449  12.912 0.0000000000
106698  39.419  23.586  14.210 0.0000000000
106697  42.025  24.269  14.706 0.0000000000
107358  40.906  24.327  15.185 0.0000000000
107336  39.541  24.293  16.694 0.0000000000
106647  38.080  23.797  18.273 0.0000000000
106620  37.848  23.372  21.078 0.0000000000
105446  45.888  21.156  20.170 0.0000000000
106006  44.471  22.055  20.997 0.0000000000
106008  42.683  22.765  21.578 0.0000000000
104151  41.914  19.634  24.117 0.0000000000
105993  41.070  22.356  22.498 0.0000000000
100619  48.415  13.878  28.862 0.0000000000
99857  47.352  12.854  27.458 0.0000000000
108606  42.046  26.852  14.057 0.0000000000
109159  43.251  27.853  13.689 0.0000000000
109692  42.960  28.095  14.470 0.0000000000
109160  42.417  27.263  14.162 0.0000000000
109161  41.946  27.344  14.694 0.0000000000
103463  48.223  17.833  28.675 0.0000000000
112633  47.554  32.829  15.613 0.0000000000
111408  47.213  31.605  15.236 0.0000000000
111994  46.779  32.407  15.908 0.0000000000
112610  46.698  34.027  16.955 0.0000000000
113268  46.914  34.452  17.253 0.0000000000
112621  47.259  33.717  16.411 0.0000000000
112632  48.222  33.346  15.467 0.0000000000
105472  47.380  21.730  17.133 0.0000000000
105473  47.208  21.569  17.445 0.0000000000
105464  47.191  21.086  18.501 0.0000000000
108591  36.478  25.855  16.123 0.0000000000
108592  35.654  25.413  16.221 0.0000000000
106700  37.920  23.446  14.551 0.0000000000
106701  37.123  23.220  14.911 0.0000000000
106685  37.788  23.355  15.231 0.0000000000
106674  37.073  23.236  16.618 0.0000000000
106673  37.818  23.459  16.062 0.0000000000
114623  46.656  36.382  14.069 0.0000000000
115273  46.361  37.073  14.594 0.0000000000
108580  38.117  26.950  17.109 0.0000000000
113889  43.153  35.264  21.359 0.0000000000
114549  42.546  35.886  21.688 0.0000000000
115186  42.362  37.582  23.201 0.0000000000
115865  42.534  38.049  23.957 0.0000000000
115198  43.070  37.249  22.647 0.0000000000
114537  43.672  36.837  22.284 0.0000000000
105406  48.348  20.660  23.559 0.0000000000
104786  48.553  19.979  22.987 0.0000000000
104783  48.530  19.938  23.985 0.0000000000
101405  45.359  15.573  27.084 0.0000000000
110269  46.306  29.828  10.813 0.0000000000
109720  45.866  28.272  10.618 0.0000000000
110274  46.631  29.396  10.574 0.0000000000
109157  47.513  26.897  14.343 0.0000000000
108616  47.519  26.120  13.796 0.0000000000
108605  47.942  26.105  14.756 0.0000000000
108595  48.223  26.243  15.781 0.0000000000
110206  44.513  29.320  19.655 0.0000000000
109657  45.151  28.900  19.105 0.0000000000
109095  47.852  27.421  21.930 0.0000000000
108540  47.891  27.164  21.157 0.0000000000
108541  47.253  26.946  21.476 0.0000000000
108542  46.239  26.231  21.389 0.0000000000
107937  45.723  25.567  21.774 0.0000000000
107912  46.916  25.516  27.630 0.0000000000
117123  41.660  40.628  19.695 0.0000000000
117724  41.352  41.556  19.186 0.0000000000
117723  42.237  41.259  19.249 0.0000000000
117738  42.660  41.952  18.839 0.0000000000
117722  43.183  41.239  19.013 0.0000000000
117049  45.891  40.273  26.019 0.0000000000
117050  45.280  40.912  26.023 0.0000000000
117067  46.312  40.148  25.354 0.0000000000
115216  48.655  37.462  18.363 0.0000000000
115890  48.518  37.911  18.191 0.0000000000
115897  48.328  39.027  17.886 0.0000000000
115901  49.396  38.538  16.440 0.0000000000
111444  47.906  31.046  10.613 0.0000000000
112056  48.006  32.040  11.188 0.0000000000
110859  46.811  30.403  10.732 0.0000000000
110860  46.285  30.292  11.048 0.0000000000
106738  44.258  23.122  11.460 0.0000000000
106739  43.346  23.302  11.791 0.0000000000
107298  42.383  24.033  20.070 0.0000000000
107310  42.095  24.308  19.220 0.0000000000
107299  41.424  24.243  19.929 0.0000000000
106632  40.759  23.978  20.612 0.0000000000
106617  41.175  23.553  21.386 0.0000000000
104148  45.140  19.497  23.710 0.0000000000
104788  44.553  20.123  23.236 0.0000000000
108609  39.142  25.941  14.119 0.0000000000
107995  38.508  25.207  13.468 0.0000000000
108019  38.877  24.339  12.756 0.0000000000
107378  38.342  23.913  13.050 0.0000000000
107388  38.944  23.892  12.669 0.0000000000
112018  44.900  32.371  14.207 0.0000000000
111419  44.111  31.552  14.703 0.0000000000
110241  42.535  29.864  15.821 0.0000000000
110832  43.373  30.714  15.189 0.0000000000
109152  40.653  27.407  15.671 0.0000000000
109142  40.524  27.881  16.259 0.0000000000
108588  39.492  27.063  16.205 0.0000000000
104772  48.167  20.320  26.692 0.0000000000
102108  48.096  16.052  27.501 0.0000000000
102109  47.381  15.965  27.313 0.0000000000
101390  47.647  14.961  27.760 0.0000000000
120158  43.848  45.212  16.803 0.0000000000
120171  44.237  46.310  15.390 0.0000000000
110845  48.548  31.040  12.313 0.0000000000
110853  48.377  30.237  11.998 0.0000000000
110846  48.149  30.535  12.652 0.0000000000
110249  47.186  29.668  14.347 0.0000000000
110248  47.461  29.506  13.623 0.0000000000
109689  47.261  29.074  14.034 0.0000000000
109699  47.302  27.879  14.081 0.0000000000
109690  47.000  28.503  14.650 0.0000000000
110160  46.372  29.693  23.565 0.0000000000
110150  46.728  30.144  24.234 0.0000000000
110746  48.228  30.317  24.468 0.0000000000
110756  48.208  30.139  23.953 0.0000000000
110157  48.316  29.717  23.914 0.0000000000
109599  48.327  28.876  23.340 0.0000000000
109600  48.048  28.538  23.942 0.0000000000
109075  47.544  28.041  24.145 0.0000000000
109594  47.856  28.554  24.750 0.0000000000
109586  47.517  28.534  26.636 0.0000000000
109060  47.219  27.663  27.354 0.0000000000
109061  47.245  27.986  27.898 0.0000000000
115194  47.039  37.462  22.788 0.0000000000
115193  47.615  37.890  22.833 0.0000000000
114554  47.028  36.869  20.939 0.0000000000
113940  47.982  35.561  17.849 0.0000000000
113903  47.881  36.446  19.384 0.0000000000
113921  48.154  36.233  18.835 0.0000000000
113920  48.769  36.371  18.419 0.0000000000
113953  49.299  35.404  16.702 0.0000000000
113277  49.556  35.131  15.819 0.0000000000
113278  48.984  34.647  16.105 0.0000000000
112016  48.507  32.411  14.261 0.0000000000
112015  48.833  32.553  13.620 0.0000000000
111424  48.662  31.815  12.957 0.0000000000
111431  48.747  31.675  12.016 0.0000000000
106073  46.574  22.328  14.456 0.0000000000
106694  45.638  22.660  14.331 0.0000000000
106044  45.590  22.517  17.757 0.0000000000
106053  45.602  22.701  17.125 0.0000000000
106658  44.855  23.085  18.351 0.0000000000
106659  44.150  23.713  18.731 0.0000000000
106644  44.546  23.005  19.353 0.0000000000
106689  33.934  22.748  16.323 0.0000000000
106688  34.463  22.930  15.888 0.0000000000
107989  36.769  25.024  14.595 0.0000000000
107990  36.189  24.580  14.970 0.0000000000
107372  36.434  23.954  14.474 0.0000000000
106702  36.242  22.755  15.315 0.0000000000
106719  36.022  22.959  14.868 0.0000000000
106075  35.469  22.392  15.605 0.0000000000
106065  35.303  22.069  16.319 0.0000000000
106064  35.830  22.445  16.663 0.0000000000
106662  36.259  23.157  18.189 0.0000000000
106663  35.662  22.604  18.361 0.0000000000
106649  36.035  22.948  19.400 0.0000000000
106036  35.831  22.518  20.084 0.0000000000
106636  36.338  22.766  20.486 0.0000000000
117145  48.300  40.803  16.531 0.0000000000
115919  45.471  38.340  15.527 0.0000000000
116532  46.110  39.200  15.883 0.0000000000
115920  44.271  38.409  15.498 0.0000000000
113255  45.127  34.378  18.608 0.0000000000
112603  44.977  33.691  18.281 0.0000000000
112589  44.471  33.600  19.032 0.0000000000
111970  43.902  32.424  19.372 0.0000000000
110786  43.367  30.887  20.284 0.0000000000
110176  42.785  29.742  22.413 0.0000000000
110162  44.151  29.377  23.569 0.0000000000
116995  41.678  41.033  29.097 0.0000000000
116966  42.786  41.245  30.543 0.0000000000
117604  43.954  41.048  30.122 0.0000000000
116387  44.391  40.248  29.220 0.0000000000
116992  44.595  40.517  28.749 0.0000000000
115854  43.893  38.492  25.114 0.0000000000
115840  44.126  38.768  26.110 0.0000000000
115839  45.134  39.079  26.099 0.0000000000
115853  45.016  38.667  25.199 0.0000000000
115862  45.806  38.396  24.336 0.0000000000
115183  45.505  37.850  23.576 0.0000000000
113888  44.308  35.605  21.075 0.0000000000
114547  45.017  36.304  21.719 0.0000000000
113906  45.019  35.121  19.510 0.0000000000
113236  45.385  34.909  18.894 0.0000000000
105444  48.317  21.200  20.305 0.0000000000
105453  48.185  20.386  19.746 0.0000000000
104810  48.415  20.012  20.972 0.0000000000
103519  47.891  19.267  22.737 0.0000000000
104157  47.815  19.346  22.348 0.0000000000
103521  47.362  19.086  23.177 0.0000000000
104147  46.317  19.199  23.503 0.0000000000
103515  46.614  18.828  23.955 0.0000000000
103493  47.945  18.418  25.003 0.0000000000
102824  47.625  18.066  25.178 0.0000000000
102126  45.294  16.336  26.650 0.0000000000
102816  45.849  17.254  26.039 0.0000000000
102817  44.849  16.919  26.099 0.0000000000
102827  45.271  17.662  25.576 0.0000000000
102818  44.289  16.681  26.050 0.0000000000
102134  43.189  16.174  25.761 0.0000000000
102128  43.650  15.825  26.085 0.0000000000
109708  44.069  27.803  12.373 0.0000000000
109176  43.503  26.873  12.085 0.0000000000
109175  44.266  27.506  11.662 0.0000000000
109191  44.956  26.710  10.541 0.0000000000
108644  44.499  25.959  10.625 0.0000000000
108033  44.967  25.248  10.504 0.0000000000
107404  44.677  24.455  10.521 0.0000000000
107403  45.379  24.573  10.609 0.0000000000
109712  47.592  28.431  11.492 0.0000000000
109181  47.103  27.443  11.142 0.0000000000
108633  47.168  26.632  11.803 0.0000000000
108013  47.229  25.138  12.395 0.0000000000
108014  46.834  25.179  11.709 0.0000000000
107384  47.105  24.276  12.054 0.0000000000
106737  46.917  23.275  11.870 0.0000000000
106724  47.064  22.676  12.429 0.0000000000
106085  46.954  22.221  12.998 0.0000000000
106723  47.467  23.163  12.923 0.0000000000
107355  48.029  24.076  15.693 0.0000000000
106693  47.814  23.117  15.077 0.0000000000
106681  47.834  22.955  16.054 0.0000000000
106061  47.724  21.994  16.512 0.0000000000
111392  45.057  31.547  17.664 0.0000000000
111391  45.515  31.537  17.035 0.0000000000
110812  45.420  30.652  17.067 0.0000000000
109665  45.859  28.589  17.743 0.0000000000
109672  45.899  28.869  16.867 0.0000000000
109671  46.398  28.149  17.206 0.0000000000
109133  47.113  27.753  17.770 0.0000000000
109615  47.519  28.986  21.209 0.0000000000
109630  47.143  28.718  20.447 0.0000000000
109629  47.905  28.753  20.457 0.0000000000
108559  48.396  27.029  19.799 0.0000000000
109113  48.352  27.672  19.275 0.0000000000
109122  48.212  27.202  18.262 0.0000000000
109131  48.257  26.998  17.745 0.0000000000
108577  48.318  26.514  17.857 0.0000000000
107974  48.314  25.813  17.353 0.0000000000
107966  48.110  25.748  18.079 0.0000000000
107960  46.972  24.835  19.216 0.0000000000
107968  47.271  24.734  18.772 0.0000000000
107319  47.268  23.850  18.787 0.0000000000
106656  47.587  22.878  18.138 0.0000000000
106643  47.338  22.900  19.491 0.0000000000
106032  47.848  21.843  19.585 0.0000000000
106033  47.551  22.387  20.189 0.0000000000
106606  45.949  23.757  22.633 0.0000000000
106613  46.596  23.207  21.884 0.0000000000
105986  47.637  21.933  22.785 0.0000000000
105987  47.116  22.547  23.393 0.0000000000
108521  46.258  26.787  24.792 0.0000000000
108522  45.826  26.255  24.238 0.0000000000
107920  45.829  25.340  25.450 0.0000000000
106585  46.886  23.635  26.520 0.0000000000
106590  46.654  23.390  25.678 0.0000000000
105976  47.416  22.398  25.104 0.0000000000
105971  47.624  22.290  26.243 0.0000000000
118915  41.331  43.143  18.087 0.0000000000
118323  40.636  42.496  18.507 0.0000000000
119497  43.134  44.203  17.878 0.0000000000
118320  44.342  43.002  18.807 0.0000000000
118913  43.987  43.667  18.559 0.0000000000
118897  45.443  43.373  18.743 0.0000000000
118911  46.098  44.040  18.718 0.0000000000
118303  46.134  43.074  18.839 0.0000000000
115872  47.463  38.265  22.232 0.0000000000
116467  47.135  39.035  22.784 0.0000000000
116478  47.167  38.715  22.130 0.0000000000
115885  46.341  38.612  19.593 0.0000000000
115879  45.758  38.660  20.464 0.0000000000
115886  45.370  38.924  19.645 0.0000000000
116499  44.680  39.646  19.141 0.0000000000
117120  44.491  40.242  18.891 0.0000000000
116508  45.843  39.984  18.758 0.0000000000
116505  48.495  40.222  17.747 0.0000000000
117132  47.326  40.878  18.501 0.0000000000
117131  48.233  40.906  18.156 0.0000000000
117732  48.582  41.728  17.841 0.0000000000
117745  48.907  41.593  17.149 0.0000000000
117143  48.953  39.984  16.757 0.0000000000
115915  49.187  38.488  15.230 0.0000000000
115255  48.885  37.838  14.712 0.0000000000
115271  48.402  37.084  14.362 0.0000000000
113299  49.514  34.736  13.994 0.0000000000
113970  49.602  35.502  14.344 0.0000000000
113978  49.432  35.271  13.610 0.0000000000
112663  47.566  33.274  12.308 0.0000000000
113319  48.083  34.074  12.450 0.0000000000
113310  47.311  34.026  12.771 0.0000000000
113981  47.319  34.912  13.234 0.0000000000
112654  47.006  33.433  12.662 0.0000000000
112655  46.387  33.527  13.193 0.0000000000
110263  45.465  29.746  12.066 0.0000000000
110264  44.980  29.415  12.649 0.0000000000
109701  44.033  28.595  13.131 0.0000000000
108637  42.559  25.362  11.416 0.0000000000
108628  41.357  25.370  12.193 0.0000000000
108027  41.543  24.526  11.372 0.0000000000
106742  40.460  23.423  12.135 0.0000000000
106714  39.761  23.551  13.560 0.0000000000
107370  40.061  23.688  14.064 0.0000000000
106696  43.037  24.158  14.985 0.0000000000
107323  40.806  24.671  18.057 0.0000000000
107346  41.235  24.586  16.194 0.0000000000
107335  40.516  24.599  16.985 0.0000000000
107347  40.230  24.349  15.905 0.0000000000
107325  38.839  24.084  17.478 0.0000000000
107313  39.144  24.091  18.614 0.0000000000
106619  39.005  23.508  21.104 0.0000000000
106634  38.417  23.827  19.785 0.0000000000
106621  37.011  22.948  21.026 0.0000000000
106013  37.505  22.458  21.696 0.0000000000
104182  47.178  20.068  20.510 0.0000000000
104824  46.818  20.519  19.939 0.0000000000
104825  46.298  20.615  20.508 0.0000000000
105417  44.394  21.031  22.272 0.0000000000
105434  44.678  21.334  21.713 0.0000000000
105435  43.828  21.684  22.052 0.0000000000
106007  43.715  22.204  21.525 0.0000000000
105991  43.133  21.981  22.226 0.0000000000
103508  41.684  18.099  24.561 0.0000000000
104141  42.331  18.880  24.325 0.0000000000
104142  41.347  18.854  24.286 0.0000000000
108597  40.870  26.917  15.026 0.0000000000
108608  40.381  26.375  14.213 0.0000000000
108619  39.932  25.704  13.193 0.0000000000
108005  39.547  25.039  12.526 0.0000000000
110250  44.396  30.058  13.971 0.0000000000
110841  44.010  30.695  14.594 0.0000000000
109681  43.427  29.321  14.685 0.0000000000
109682  42.927  28.874  15.076 0.0000000000
109683  41.909  28.667  15.782 0.0000000000
109151  41.478  27.478  15.208 0.0000000000
104112  47.963  19.702  27.758 0.0000000000
104111  48.278  18.807  27.578 0.0000000000
104099  48.219  18.423  28.197 0.0000000000
102095  48.316  15.750  28.127 0.0000000000
111417  48.298  31.709  13.892 0.0000000000
111407  47.810  31.670  14.642 0.0000000000
110829  47.565  31.049  14.470 0.0000000000
110830  46.879  30.394  15.085 0.0000000000
110734  46.732  30.957  25.553 0.0000000000
110748  47.232  30.496  24.629 0.0000000000
110733  47.598  31.091  25.448 0.0000000000
110732  48.216  30.841  25.566 0.0000000000
113905  45.989  35.684  19.454 0.0000000000
113894  46.877  36.610  20.471 0.0000000000
113267  47.768  34.892  17.227 0.0000000000
113279  48.140  34.505  16.595 0.0000000000
112619  48.852  34.324  15.732 0.0000000000
106062  47.284  21.923  16.171 0.0000000000
106051  47.227  21.774  16.787 0.0000000000
106034  46.082  21.580  18.804 0.0000000000
107371  37.068  23.907  13.887 0.0000000000
106687  36.423  22.692  16.197 0.0000000000
106661  37.075  23.491  17.693 0.0000000000
115917  47.672  38.459  15.388 0.0000000000
116531  47.236  39.215  15.816 0.0000000000
115258  46.016  37.618  15.122 0.0000000000
109135  38.770  27.527  17.412 0.0000000000
109136  37.795  27.376  17.757 0.0000000000
113897  44.178  34.960  20.485 0.0000000000
113238  44.161  34.134  19.788 0.0000000000
113225  43.232  34.043  20.829 0.0000000000
115842  41.758  38.501  25.755 0.0000000000
115855  42.708  38.373  24.919 0.0000000000
115864  43.625  38.215  24.141 0.0000000000
115184  44.429  37.801  23.481 0.0000000000
115197  44.054  37.278  22.808 0.0000000000
105416  48.187  21.392  22.119 0.0000000000
104797  48.571  20.000  21.964 0.0000000000
105415  48.452  20.682  22.494 0.0000000000
103501  47.877  18.956  23.994 0.0000000000
102124  47.141  16.755  26.621 0.0000000000
102815  46.818  17.449  25.906 0.0000000000
109713  45.469  28.868  11.182 0.0000000000
109714  44.893  27.998  11.049 0.0000000000
109190  45.655  27.074  10.556 0.0000000000
108003  47.554  25.146  13.241 0.0000000000
107377  47.764  24.125  13.625 0.0000000000
110805  44.541  30.770  18.247 0.0000000000
110224  44.975  30.190  17.742 0.0000000000
110216  44.903  29.457  18.453 0.0000000000
109656  45.870  28.588  18.728 0.0000000000
109628  48.311  28.302  20.455 0.0000000000
109093  48.435  28.007  21.049 0.0000000000
108550  48.440  27.206  20.240 0.0000000000
108560  47.874  26.233  19.550 0.0000000000
108570  47.881  25.770  18.738 0.0000000000
108561  47.197  25.656  19.555 0.0000000000
107952  46.534  25.256  20.024 0.0000000000
106627  46.962  23.141  20.648 0.0000000000
107289  45.859  24.642  21.274 0.0000000000
106614  45.951  23.916  21.835 0.0000000000
107280  45.615  24.556  23.206 0.0000000000
108514  46.617  26.406  26.524 0.0000000000
107917  46.181  25.404  26.244 0.0000000000
107913  46.630  25.461  26.942 0.0000000000
107262  46.925  24.136  27.053 0.0000000000
118306  40.920  41.972  18.868 0.0000000000
118305  41.349  41.969  18.889 0.0000000000
118322  41.793  42.358  18.662 0.0000000000
117737  43.717  42.144  18.716 0.0000000000
117736  44.875  42.283  18.813 0.0000000000
117664  44.270  41.332  27.252 0.0000000000
117052  43.495  41.302  26.158 0.0000000000
117051  44.599  41.162  25.852 0.0000000000
117069  45.159  40.848  25.139 0.0000000000
115213  48.292  37.372  19.326 0.0000000000
115884  47.551  37.831  19.804 0.0000000000
115892  47.161  38.793  18.845 0.0000000000
116507  46.803  39.896  18.591 0.0000000000
116515  48.408  39.630  17.832 0.0000000000
116513  49.082  39.377  16.917 0.0000000000
115914  49.468  38.502  15.671 0.0000000000
115254  49.526  37.549  14.936 0.0000000000
112661  49.036  33.381  12.509 0.0000000000
113318  48.840  34.121  12.529 0.0000000000
112041  47.910  32.550  11.696 0.0000000000
112042  47.125  32.257  11.724 0.0000000000
111433  46.384  31.589  11.815 0.0000000000
110270  45.836  29.698  11.248 0.0000000000
107395  42.526  24.069  10.852 0.0000000000
107396  41.399  23.971  11.235 0.0000000000
106753  42.355  23.549  11.353 0.0000000000
106740  42.260  23.372  12.063 0.0000000000
106728  42.079  23.535  12.865 0.0000000000
107344  43.431  24.421  16.640 0.0000000000
107356  42.833  24.430  15.864 0.0000000000
107333  42.636  24.586  17.509 0.0000000000
107322  41.834  24.600  18.292 0.0000000000
107312  40.135  24.359  18.801 0.0000000000
107300  40.440  24.167  19.706 0.0000000000
106633  39.714  23.827  20.325 0.0000000000
106011  39.533  22.968  21.919 0.0000000000
104159  46.352  19.670  22.319 0.0000000000
104812  45.777  20.673  21.191 0.0000000000
104798  45.675  20.246  22.035 0.0000000000
104799  44.751  20.617  22.449 0.0000000000
104789  43.538  20.390  23.335 0.0000000000
108611  37.355  25.188  14.273 0.0000000000
107996  37.795  24.902  13.710 0.0000000000
108008  37.730  24.407  13.553 0.0000000000
107379  37.735  23.927  13.470 0.0000000000
106716  38.258  23.512  13.933 0.0000000000
106699  38.675  23.490  14.336 0.0000000000
113300  45.820  34.496  13.798 0.0000000000
113973  45.188  35.294  14.233 0.0000000000
112006  44.475  33.056  14.922 0.0000000000
109674  40.957  28.867  16.504 0.0000000000
109675  40.313  28.229  16.678 0.0000000000
109144  39.227  27.435  16.919 0.0000000000
108589  38.905  26.916  16.515 0.0000000000
115826  40.877  38.507  26.671 0.0000000000
115174  40.866  37.794  23.809 0.0000000000
105397  48.318  20.638  25.561 0.0000000000
104778  48.439  19.895  24.991 0.0000000000
103487  48.413  18.054  26.040 0.0000000000
103474  48.501  17.914  27.112 0.0000000000
102802  48.336  17.094  26.803 0.0000000000
101391  46.840  15.064  27.557 0.0000000000
110864  47.930  30.271  10.650 0.0000000000
110273  47.338  29.348  10.611 0.0000000000
110858  48.330  30.127  11.259 0.0000000000
109705  47.607  28.482  12.454 0.0000000000
110255  47.759  29.642  12.721 0.0000000000
109167  47.364  27.408  14.127 0.0000000000
109609  45.303  28.935  22.015 0.0000000000
109617  45.734  28.834  21.240 0.0000000000
109608  46.335  29.055  21.944 0.0000000000
110183  47.113  29.168  21.789 0.0000000000
110182  47.686  29.333  22.004 0.0000000000
110159  47.377  30.057  23.766 0.0000000000
110171  47.792  29.641  22.861 0.0000000000
110181  48.109  29.267  22.330 0.0000000000
109607  48.334  28.849  22.425 0.0000000000
109090  48.154  27.795  22.273 0.0000000000
109091  47.558  27.523  22.507 0.0000000000
108535  46.674  27.141  22.767 0.0000000000
109083  47.174  27.602  23.475 0.0000000000
109076  46.894  27.451  24.463 0.0000000000
109072  46.724  27.164  25.387 0.0000000000
109069  46.647  26.878  25.974 0.0000000000
108513  46.975  26.878  27.073 0.0000000000
117111  42.005  39.904  20.148 0.0000000000
115851  46.654  39.258  24.898 0.0000000000
116454  46.575  39.740  24.806 0.0000000000
115860  47.123  38.821  24.059 0.0000000000
115871  47.650  38.206  22.733 0.0000000000
115208  47.507  37.321  20.682 0.0000000000
113904  47.236  36.456  19.769 0.0000000000
114560  47.714  36.847  20.240 0.0000000000
115214  48.005  37.182  19.982 0.0000000000
114558  48.522  36.942  19.222 0.0000000000
114582  48.998  36.827  17.972 0.0000000000
114581  49.280  36.578  17.280 0.0000000000
114598  49.414  36.720  16.477 0.0000000000
113952  49.513  35.932  16.120 0.0000000000
113288  49.513  34.805  14.926 0.0000000000
112652  49.444  34.043  13.622 0.0000000000
112631  49.019  34.137  15.162 0.0000000000
112644  49.187  33.556  14.097 0.0000000000
112653  49.257  33.315  13.205 0.0000000000
111437  48.515  31.478  11.240 0.0000000000
106709  45.359  22.507  13.164 0.0000000000
106710  44.490  23.211  13.469 0.0000000000
106683  44.417  23.836  16.062 0.0000000000
106670  45.461  23.009  16.596 0.0000000000
107343  44.275  24.094  17.035 0.0000000000
107332  43.882  24.162  17.795 0.0000000000
107308  43.641  23.911  19.122 0.0000000000
107297  42.932  23.813  20.093 0.0000000000
103506  43.760  18.123  24.814 0.0000000000
104140  43.376  18.881  24.312 0.0000000000
102834  42.879  17.716  24.947 0.0000000000
108601  36.490  25.302  15.242 0.0000000000
107991  35.742  24.596  15.405 0.0000000000
107363  35.568  23.990  15.228 0.0000000000
107373  35.974  23.369  14.815 0.0000000000
106703  35.494  22.916  15.139 0.0000000000
107364  34.971  23.312  15.464 0.0000000000
106066  34.827  22.174  15.846 0.0000000000
105483  34.865  21.853  16.314 0.0000000000
105466  34.797  21.456  17.770 0.0000000000
106676  35.852  22.707  17.642 0.0000000000
106027  35.529  21.669  20.251 0.0000000000
116522  46.786  40.006  16.287 0.0000000000
117147  46.336  40.898  16.636 0.0000000000
113963  44.616  35.849  14.768 0.0000000000
112611  46.003  33.752  17.340 0.0000000000
111995  46.150  32.345  16.441 0.0000000000
112612  45.223  32.930  17.684 0.0000000000
111987  45.132  32.307  17.668 0.0000000000
111383  44.553  31.583  18.223 0.0000000000
112590  44.002  33.415  19.670 0.0000000000
111979  44.222  32.350  18.843 0.0000000000
111384  44.081  31.624  18.808 0.0000000000
110207  43.781  30.162  19.671 0.0000000000
109619  44.116  29.028  21.647 0.0000000000
110174  44.800  29.114  22.764 0.0000000000
110161  45.283  29.478  23.586 0.0000000000
110151  45.772  29.928  24.341 0.0000000000
117666  42.967  41.372  28.112 0.0000000000
117619  43.298  41.321  30.161 0.0000000000
117618  43.719  41.351  29.799 0.0000000000
117647  44.183  41.461  28.151 0.0000000000
117646  44.611  40.982  27.570 0.0000000000
117008  44.871  40.447  27.764 0.0000000000
116431  45.600  39.903  26.549 0.0000000000
115824  43.190  38.922  27.002 0.0000000000
115822  45.100  39.578  27.001 0.0000000000
115838  45.922  39.542  25.889 0.0000000000
115861  46.629  38.564  24.264 0.0000000000
115182  46.481  37.910  23.602 0.0000000000
114534  46.449  37.057  22.316 0.0000000000
115196  45.088  37.287  22.911 0.0000000000
114535  45.620  36.839  22.323 0.0000000000
113886  45.965  36.489  21.063 0.0000000000
113254  45.698  34.465  18.127 0.0000000000
104843  47.606  20.762  18.893 0.0000000000
104833  47.866  20.407  19.363 0.0000000000
104823  47.556  20.197  19.915 0.0000000000
104181  47.633  19.802  20.677 0.0000000000
104168  48.156  19.634  21.704 0.0000000000
104169  47.679  19.533  21.593 0.0000000000
104170  47.008  19.719  21.400 0.0000000000
104138  45.587  18.998  24.113 0.0000000000
103505  45.070  18.550  24.653 0.0000000000
104136  48.347  19.189  24.441 0.0000000000
103502  47.405  18.556  24.392 0.0000000000
102833  46.948  18.268  24.828 0.0000000000
103503  46.793  18.527  24.450 0.0000000000
103495  46.293  18.423  24.722 0.0000000000
103498  43.878  17.619  25.274 0.0000000000
109169  42.802  27.046  13.186 0.0000000000
109177  43.088  26.871  12.610 0.0000000000
108626  43.147  26.360  11.927 0.0000000000
108636  43.412  26.109  11.391 0.0000000000
109183  44.362  26.847  10.998 0.0000000000
108635  43.995  26.124  10.905 0.0000000000
108025  43.098  24.880  10.844 0.0000000000
107405  43.816  24.287  10.536 0.0000000000
106763  44.003  23.716  10.684 0.0000000000
106098  44.801  22.905  11.124 0.0000000000
109188  47.018  27.964  10.615 0.0000000000
109189  46.501  27.495  10.602 0.0000000000
108642  46.181  26.349  10.701 0.0000000000
108625  47.095  25.872  11.954 0.0000000000
108024  46.384  25.305  11.051 0.0000000000
108032  45.730  25.338  10.621 0.0000000000
106760  45.654  24.100  10.733 0.0000000000
106097  45.490  22.770  11.215 0.0000000000
106087  45.297  22.373  12.197 0.0000000000
106086  45.929  22.163  12.622 0.0000000000
106080  46.986  22.263  14.040 0.0000000000
106708  47.739  23.194  14.066 0.0000000000
106079  47.430  22.555  14.571 0.0000000000
106072  47.139  22.164  15.005 0.0000000000
106050  47.660  21.950  17.562 0.0000000000
111400  46.016  31.574  16.343 0.0000000000
110831  46.381  30.402  15.675 0.0000000000
110239  46.198  29.695  15.790 0.0000000000
110230  45.749  29.692  16.583 0.0000000000
109680  45.962  29.144  16.272 0.0000000000
109149  47.107  27.623  15.585 0.0000000000
109140  47.736  27.051  16.259 0.0000000000
109631  46.180  28.685  20.459 0.0000000000
109645  46.610  28.554  19.653 0.0000000000
109655  47.126  28.379  18.871 0.0000000000
109643  48.201  28.402  19.683 0.0000000000
109654  47.875  28.449  19.115 0.0000000000
109124  47.200  28.066  18.325 0.0000000000
109132  47.875  27.254  17.429 0.0000000000
107982  48.260  25.330  16.495 0.0000000000
107967  47.565  24.802  18.267 0.0000000000
107330  47.669  23.867  17.575 0.0000000000
106042  47.706  21.758  18.608 0.0000000000
105432  48.172  21.541  21.188 0.0000000000
106004  47.764  22.013  21.146 0.0000000000
105989  47.738  21.962  21.840 0.0000000000
105404  47.948  21.403  24.257 0.0000000000
108530  45.864  26.445  23.259 0.0000000000
107927  45.606  25.453  23.732 0.0000000000
106603  45.986  23.704  23.591 0.0000000000
107267  46.042  24.396  25.778 0.0000000000
106591  46.103  23.730  25.207 0.0000000000
106602  46.563  23.124  23.953 0.0000000000
105984  47.022  22.656  24.359 0.0000000000
104760  47.973  20.453  27.323 0.0000000000
120141  44.220  44.943  17.536 0.0000000000
119495  44.745  44.470  18.360 0.0000000000
120128  45.332  44.912  18.306 0.0000000000
118910  46.871  44.021  18.640 0.0000000000
118909  47.747  43.787  18.307 0.0000000000
116482  42.366  39.530  21.792 0.0000000000
116492  42.683  39.532  20.609 0.0000000000
116457  46.506  39.693  23.895 0.0000000000
115874  46.283  38.630  21.245 0.0000000000
116491  43.782  39.183  20.629 0.0000000000
116501  43.186  39.547  20.124 0.0000000000
117121  43.905  40.381  18.993 0.0000000000
117735  45.803  41.885  18.827 0.0000000000
117133  46.262  40.891  18.722 0.0000000000
117734  46.772  41.885  18.769 0.0000000000
118318  46.280  42.559  18.863 0.0000000000
118316  48.162  42.734  18.353 0.0000000000
118908  48.370  43.107  17.894 0.0000000000
118336  48.715  42.260  17.062 0.0000000000
116520  48.510  39.775  15.974 0.0000000000
116519  49.250  39.462  16.173 0.0000000000
116529  48.969  39.200  15.561 0.0000000000
116530  48.220  39.223  15.713 0.0000000000
115256  48.056  37.756  14.903 0.0000000000
115272  47.406  37.026  14.494 0.0000000000
113971  47.004  35.635  13.657 0.0000000000
114609  49.563  36.676  15.523 0.0000000000
114619  49.593  36.448  14.570 0.0000000000
114620  49.372  36.549  13.991 0.0000000000
113979  48.887  34.933  12.987 0.0000000000
114632  49.138  35.867  13.558 0.0000000000
114633  48.450  35.716  13.439 0.0000000000
114634  47.746  35.542  13.439 0.0000000000
113982  46.552  35.023  13.570 0.0000000000
112030  45.483  32.296  13.547 0.0000000000
111427  45.312  31.498  13.402 0.0000000000
111426  45.820  31.567  12.606 0.0000000000
110848  45.106  30.510  13.262 0.0000000000
110257  44.564  29.700  13.436 0.0000000000
108004  40.441  25.232  12.340 0.0000000000
108017  39.990  24.491  11.912 0.0000000000
107385  40.962  24.113  11.488 0.0000000000
107386  40.545  23.902  11.559 0.0000000000
107387  39.691  23.805  12.014 0.0000000000
106731  39.418  23.556  13.137 0.0000000000
106715  39.033  23.502  13.721 0.0000000000
107360  39.029  23.653  14.878 0.0000000000
106711  43.208  23.776  13.711 0.0000000000
106712  41.715  23.986  13.882 0.0000000000
107357  41.960  24.428  15.423 0.0000000000
107368  41.440  24.239  14.669 0.0000000000
107369  40.731  23.982  14.319 0.0000000000
107359  39.929  23.976  14.838 0.0000000000
107348  39.283  24.036  15.657 0.0000000000
107349  38.479  23.639  15.487 0.0000000000
107337  38.618  23.929  16.388 0.0000000000
106635  37.056  23.398  20.182 0.0000000000
105456  46.319  21.205  19.257 0.0000000000
106022  45.761  21.679  19.411 0.0000000000
105433  45.422  21.232  20.995 0.0000000000
105447  45.105  21.639  20.803 0.0000000000
106023  44.885  22.293  20.050 0.0000000000
106628  44.474  22.800  19.831 0.0000000000
106025  43.285  22.743  21.157 0.0000000000
106615  42.572  23.157  21.219 0.0000000000
104150  42.952  19.641  23.990 0.0000000000
105409  42.974  20.906  23.208 0.0000000000
104152  40.903  19.568  24.111 0.0000000000
104791  41.450  20.348  23.823 0.0000000000
105419  42.590  21.523  22.835 0.0000000000
105992  42.115  22.259  22.389 0.0000000000
106009  41.640  22.962  21.939 0.0000000000
106010  40.587  23.025  21.993 0.0000000000
102084  48.405  15.803  28.789 0.0000000000
101373  48.321  14.822  28.449 0.0000000000
100620  48.102  13.803  28.289 0.0000000000
101374  48.039  14.529  28.075 0.0000000000
100632  47.682  13.820  27.945 0.0000000000
101393  45.176  14.870  27.206 0.0000000000
102111  45.911  15.992  27.011 0.0000000000
102133  43.899  16.421  26.005 0.0000000000
102791  48.342  17.096  28.736 0.0000000000
102825  47.238  18.078  25.094 0.0000000000
102828  44.110  17.142  25.724 0.0000000000
102829  43.038  17.181  25.317 0.0000000000
102832  47.141  18.363  24.672 0.0000000000
102835  42.074  17.259  24.917 0.0000000000
103462  48.423  17.956  27.903 0.0000000000
103496  45.668  18.291  24.969 0.0000000000
103512  47.899  19.184  23.182 0.0000000000
103514  47.043  18.907  23.600 0.0000000000
103520  47.630  19.170  22.923 0.0000000000
104137  46.056  18.955  23.971 0.0000000000
104146  46.901  19.104  23.257 0.0000000000
104171  46.305  20.070  21.534 0.0000000000
104790  42.478  20.348  23.687 0.0000000000
104800  44.137  20.534  22.898 0.0000000000
104822  48.082  20.080  20.094 0.0000000000
104832  48.071  20.364  19.557 0.0000000000
104842  47.818  20.716  18.991 0.0000000000
105390  48.272  20.592  26.013 0.0000000000
105408  43.409  20.800  23.058 0.0000000000
105443  48.388  20.471  20.219 0.0000000000
105445  46.491  20.881  19.585 0.0000000000
105455  46.853  20.873  19.145 0.0000000000
105465  46.612  21.288  18.586 0.0000000000
105481  47.407  21.795  16.605 0.0000000000
105997  37.599  21.868  22.085 0.0000000000
106005  47.312  22.503  21.447 0.0000000000
106020  47.922  21.863  20.515 0.0000000000
106024  43.881  22.641  20.772 0.0000000000
106037  35.390  22.050  19.645 0.0000000000
106043  46.185  21.797  18.094 0.0000000000
106054  35.819  22.561  17.188 0.0000000000
106091  45.764  22.378  11.840 0.0000000000
106092  44.985  22.571  11.649 0.0000000000
106096  46.205  22.768  11.524 0.0000000000
106598  46.532  23.187  24.804 0.0000000000
106599  46.020  23.697  24.482 0.0000000000
106616  42.143  23.332  21.311 0.0000000000
106629  44.035  23.126  20.090 0.0000000000
106630  42.906  23.334  20.725 0.0000000000
106646  43.363  23.642  20.004 0.0000000000
106657  47.461  22.980  18.804 0.0000000000
106672  44.464  23.634  18.068 0.0000000000
106704  34.936  22.705  15.455 0.0000000000
106713  40.525  23.657  13.548 0.0000000000
106725  45.285  22.399  12.585 0.0000000000
106733  37.982  23.658  13.701 0.0000000000
106736  47.310  23.691  12.368 0.0000000000
106741  41.294  23.382  12.205 0.0000000000
106743  39.662  23.609  12.599 0.0000000000
106744  39.192  23.677  12.915 0.0000000000
106749  45.957  23.543  11.014 0.0000000000
106751  44.335  23.361  10.894 0.0000000000
106755  40.952  23.392  11.926 0.0000000000
106761  45.218  23.910  10.635 0.0000000000
106762  44.507  23.782  10.599 0.0000000000
107268  45.756  24.452  25.000 0.0000000000
107275  45.703  24.501  24.137 0.0000000000
107282  45.615  24.623  22.241 0.0000000000
107295  46.320  24.257  20.529 0.0000000000
107296  46.095  25.044  20.617 0.0000000000
107309  43.073  24.047  19.437 0.0000000000
107320  43.514  24.093  18.737 0.0000000000
107331  44.365  23.935  17.403 0.0000000000
107345  42.273  24.607  16.477 0.0000000000
107394  43.181  24.171  10.677 0.0000000000
107397  40.915  23.551  11.707 0.0000000000
107402  45.996  24.499  10.826 0.0000000000
107943  46.532  26.064  20.718 0.0000000000
107944  46.010  25.558  21.006 0.0000000000
107981  48.393  25.987  16.961 0.0000000000
107998  36.616  24.505  14.481 0.0000000000
108006  38.927  24.779  12.866 0.0000000000
108015  41.788  25.109  11.592 0.0000000000
108034  44.222  25.063  10.534 0.0000000000
108517  45.858  26.059  24.999 0.0000000000
108551  48.110  27.023  20.579 0.0000000000
108578  48.264  26.751  17.420 0.0000000000
108586  48.371  26.327  17.274 0.0000000000
108596  41.304  27.038  14.893 0.0000000000
108645  43.789  25.523  10.756 0.0000000000
109081  48.313  28.357  22.612 0.0000000000
109094  48.133  27.493  21.408 0.0000000000
109103  48.485  27.610  20.274 0.0000000000
109104  48.340  27.540  20.829 0.0000000000
109114  48.172  28.203  19.104 0.0000000000
109153  40.185  27.388  16.015 0.0000000000
109182  46.629  26.900  10.922 0.0000000000
109593  48.284  29.140  24.343 0.0000000000
109610  44.404  28.967  22.026 0.0000000000
109611  43.934  29.042  21.896 0.0000000000
109618  44.575  28.985  21.325 0.0000000000
109691  43.500  28.843  14.164 0.0000000000
109700  44.623  29.082  12.821 0.0000000000
109706  45.418  29.246  11.617 0.0000000000
110149  47.149  30.257  24.190 0.0000000000
110158  48.071  29.984  23.532 0.0000000000
110184  44.117  29.109  21.145 0.0000000000
110186  42.846  30.172  21.697 0.0000000000
110215  45.414  28.910  18.081 0.0000000000
110251  43.953  29.862  14.370 0.0000000000
110268  47.851  29.330  11.014 0.0000000000
110757  47.971  30.352  24.048 0.0000000000
110758  47.668  30.418  24.256 0.0000000000
110798  43.760  30.892  19.339 0.0000000000
110806  44.096  30.867  18.816 0.0000000000
110820  46.508  31.025  15.698 0.0000000000
110839  47.365  30.397  14.378 0.0000000000
110847  45.626  30.779  12.493 0.0000000000
110857  48.415  30.793  10.953 0.0000000000
110863  48.176  30.836  10.697 0.0000000000
111416  48.632  32.038  13.463 0.0000000000
111418  44.716  31.522  14.087 0.0000000000
111432  46.896  31.825  11.427 0.0000000000
111438  48.112  31.571  10.867 0.0000000000
111440  46.529  30.893  11.165 0.0000000000
111443  48.272  31.166  10.803 0.0000000000
111445  47.451  30.675  10.620 0.0000000000
111978  44.635  32.388  18.229 0.0000000000
112005  47.417  32.293  15.421 0.0000000000
112017  45.644  32.983  13.692 0.0000000000
112043  46.574  32.263  12.182 0.0000000000
112055  48.343  31.853  11.209 0.0000000000
112057  47.587  32.110  11.326 0.0000000000
112620  48.465  34.105  15.931 0.0000000000
112634  44.547  33.785  14.913 0.0000000000
112643  49.383  34.282  14.435 0.0000000000
113224  43.723  34.080  20.329 0.0000000000
113237  44.644  34.275  19.204 0.0000000000
113269  46.266  34.440  17.653 0.0000000000
113289  49.322  34.671  15.522 0.0000000000
113301  45.105  34.561  14.259 0.0000000000
113307  49.400  34.495  13.186 0.0000000000
113308  49.183  34.424  12.797 0.0000000000
113309  47.825  34.603  12.762 0.0000000000
113317  49.267  34.081  12.729 0.0000000000
113320  47.670  33.804  12.484 0.0000000000
113895  46.261  36.418  20.624 0.0000000000
113896  45.058  35.586  20.289 0.0000000000
113923  46.089  35.207  18.576 0.0000000000
113939  49.047  35.872  17.809 0.0000000000
113941  47.250  35.145  17.762 0.0000000000
113987  48.571  34.467  12.633 0.0000000000
113988  48.326  34.659  12.723 0.0000000000
114538  42.829  36.639  22.093 0.0000000000
114545  46.910  37.127  21.919 0.0000000000
114546  46.182  36.661  21.476 0.0000000000
114548  43.740  36.199  21.753 0.0000000000
114559  48.167  36.687  19.473 0.0000000000
114566  48.607  36.724  18.842 0.0000000000
114610  44.782  36.524  14.862 0.0000000000
114621  48.773  36.509  13.815 0.0000000000
115203  47.671  37.954  22.458 0.0000000000
115217  48.485  37.491  18.850 0.0000000000
115223  48.884  37.490  17.738 0.0000000000
115269  49.474  36.967  14.381 0.0000000000
115274  45.680  37.107  14.788 0.0000000000
115821  45.551  39.679  26.449 0.0000000000
115837  46.376  39.572  25.418 0.0000000000
115850  46.964  39.074  24.442 0.0000000000
115866  41.722  37.823  23.730 0.0000000000
115868  47.465  38.470  23.241 0.0000000000
115869  47.501  38.533  22.829 0.0000000000
115873  46.991  38.430  21.594 0.0000000000
115883  48.114  37.763  19.302 0.0000000000
115893  46.310  39.239  18.866 0.0000000000
115896  48.719  38.297  17.635 0.0000000000
116375  44.141  40.398  29.802 0.0000000000
116417  45.289  40.077  27.088 0.0000000000
116432  45.260  39.864  27.031 0.0000000000
116445  46.062  39.897  26.025 0.0000000000
116453  46.905  39.265  24.293 0.0000000000
116466  47.390  38.758  23.108 0.0000000000
116479  46.554  38.964  21.968 0.0000000000
116493  41.651  39.584  20.914 0.0000000000
116509  45.239  39.905  18.884 0.0000000000
116514  48.671  39.524  17.481 0.0000000000
116964  43.991  40.805  30.100 0.0000000000
116965  43.709  40.778  30.476 0.0000000000
116978  44.382  40.714  29.438 0.0000000000
116979  42.818  41.367  29.799 0.0000000000
116980  42.164  41.180  29.954 0.0000000000
116994  42.506  41.303  29.230 0.0000000000
117007  45.125  40.159  27.311 0.0000000000
117027  45.340  40.235  26.908 0.0000000000
117028  45.104  40.618  26.796 0.0000000000
117048  46.264  40.104  25.636 0.0000000000
117068  45.903  40.554  25.305 0.0000000000
117081  46.330  40.175  24.779 0.0000000000
117122  42.739  40.182  19.683 0.0000000000
117130  48.657  40.873  17.760 0.0000000000
117138  49.125  40.036  17.218 0.0000000000
117592  43.356  41.035  30.957 0.0000000000
117605  43.703  41.097  30.442 0.0000000000
117606  43.269  41.167  30.756 0.0000000000
117617  44.120  41.137  29.731 0.0000000000
117631  43.977  41.490  29.098 0.0000000000
117632  43.259  41.445  29.358 0.0000000000
117633  42.873  41.413  29.148 0.0000000000
117648  43.499  41.503  28.530 0.0000000000
117649  42.898  41.397  28.798 0.0000000000
117665  43.557  41.449  27.593 0.0000000000
117682  44.793  41.125  26.276 0.0000000000
117683  44.343  41.271  26.523 0.0000000000
117684  43.846  41.406  26.893 0.0000000000
117720  45.655  42.687  18.845 0.0000000000
118302  46.372  43.320  18.799 0.0000000000
118304  45.584  43.129  18.793 0.0000000000
118319  45.121  43.100  18.786 0.0000000000
118331  48.623  42.485  17.492 0.0000000000
118895  46.456  43.605  18.760 0.0000000000
118896  45.895  43.485  18.766 0.0000000000
118912  45.175  43.719  18.689 0.0000000000
118934  42.609  44.059  17.732 0.0000000000
119493  46.461  44.691  18.521 0.0000000000
119496  43.751  44.230  18.153 0.0000000000
119511  44.288  44.711  17.919 0.0000000000
