#!ascii label  , from subject bert vox2ras=TkReg
747
79116  23.319  -10.903  -20.522 0.2500000000
79115  23.571  -10.368  -21.283 0.2500000000
78090  24.015  -11.350  -21.239 0.7500000000
81977  22.900  -7.592  -20.659 0.2500000000
81046  22.935  -8.645  -21.121 0.1250000000
81989  23.335  -7.742  -21.822 0.3750000000
80103  22.884  -9.715  -20.641 0.2500000000
80102  23.279  -9.796  -21.294 0.3750000000
78107  24.799  -11.760  -21.760 0.8750000000
81059  23.458  -8.801  -21.766 0.3750000000
80115  23.197  -9.342  -21.342 0.3750000000
80114  23.733  -9.666  -21.791 0.8750000000
79146  25.500  -10.521  -23.143 1.0000000000
79147  24.887  -10.216  -22.731 1.0000000000
78106  25.432  -11.402  -22.555 1.0000000000
79130  24.440  -10.667  -22.108 0.8750000000
77069  26.171  -12.138  -22.522 1.0000000000
81072  23.757  -8.352  -22.310 0.7500000000
81058  23.955  -8.996  -22.230 0.8750000000
80129  25.109  -9.479  -23.129 1.0000000000
78121  26.761  -11.717  -23.116 1.0000000000
78122  26.012  -11.224  -23.130 1.0000000000
78105  26.087  -11.643  -22.871 1.0000000000
82889  23.196  -6.802  -20.695 0.1250000000
81085  24.930  -8.055  -23.432 1.0000000000
82001  23.905  -7.597  -22.695 0.8750000000
81071  24.462  -8.527  -22.850 1.0000000000
80127  26.810  -9.490  -23.809 1.0000000000
80128  25.872  -9.714  -23.649 1.0000000000
81070  25.122  -8.666  -23.341 1.0000000000
79144  27.306  -10.739  -23.324 1.0000000000
79145  26.378  -10.612  -23.494 1.0000000000
79143  28.124  -10.878  -22.690 1.0000000000
78120  27.744  -11.672  -22.811 1.0000000000
85765  22.776  -3.460  -21.742 0.2500000000
82899  23.403  -6.576  -21.438 0.2500000000
82911  23.629  -6.566  -22.544 0.5000000000
82910  23.989  -6.871  -23.229 1.0000000000
82000  24.463  -7.469  -23.335 1.0000000000
81084  25.524  -8.241  -23.775 1.0000000000
81083  26.171  -8.210  -24.063 1.0000000000
81069  27.421  -8.638  -23.450 1.0000000000
81068  28.090  -8.805  -22.557 1.0000000000
80113  28.756  -10.037  -22.276 1.0000000000
85764  22.963  -3.838  -22.351 0.5000000000
84867  23.091  -4.569  -21.923 0.3750000000
83892  23.421  -5.529  -22.164 0.5000000000
84866  23.282  -4.552  -22.660 0.5000000000
83917  23.739  -5.399  -24.038 0.8750000000
82921  24.329  -6.489  -24.038 1.0000000000
83927  24.008  -4.998  -24.735 1.0000000000
82013  25.704  -7.418  -24.281 1.0000000000
82011  27.072  -7.577  -23.704 1.0000000000
82012  26.412  -7.442  -24.198 1.0000000000
81999  27.597  -7.711  -22.853 1.0000000000
85774  22.851  -3.065  -22.410 0.5000000000
85773  23.216  -3.470  -23.000 0.6250000000
85787  23.537  -3.388  -23.808 0.6250000000
84886  23.808  -4.277  -24.313 1.0000000000
83926  24.617  -5.246  -25.084 1.0000000000
83914  27.016  -5.629  -23.637 1.0000000000
83915  26.455  -5.560  -24.435 1.0000000000
82919  25.958  -6.407  -24.772 1.0000000000
82909  27.335  -6.649  -23.261 1.0000000000
82918  26.732  -6.558  -24.058 1.0000000000
82908  27.963  -6.713  -22.414 0.8750000000
81998  28.296  -7.756  -22.033 0.8750000000
85804  24.712  -3.384  -24.944 1.0000000000
84901  24.291  -4.242  -24.935 1.0000000000
84885  26.573  -4.658  -23.919 1.0000000000
85802  25.883  -4.134  -24.800 1.0000000000
83925  25.344  -5.229  -25.211 1.0000000000
85784  26.642  -3.732  -23.326 1.0000000000
83903  27.708  -5.648  -22.824 1.0000000000
84884  27.115  -4.678  -23.050 1.0000000000
86638  22.957  -2.227  -22.956 0.5000000000
86637  23.285  -2.815  -23.429 0.8750000000
86652  23.421  -2.185  -23.941 1.0000000000
87600  24.938  -1.415  -25.124 1.0000000000
86665  25.205  -2.560  -24.736 1.0000000000
86666  24.458  -2.290  -24.892 1.0000000000
87570  26.544  -1.586  -23.040 1.0000000000
86650  26.409  -2.617  -23.494 1.0000000000
86635  27.369  -2.644  -22.322 1.0000000000
86636  26.831  -2.302  -22.807 1.0000000000
84875  27.821  -4.596  -22.192 1.0000000000
86649  26.877  -3.000  -22.889 1.0000000000
91381  22.932  2.520  -24.042 1.0000000000
90455  22.747  0.734  -22.193 0.3750000000
90468  23.047  1.715  -23.905 0.8750000000
88505  24.566  -0.376  -24.988 1.0000000000
88479  26.263  -0.656  -23.272 1.0000000000
88492  25.821  -0.573  -24.033 1.0000000000
93112  22.988  3.458  -23.549 0.8750000000
92245  23.987  3.329  -24.024 1.0000000000
91380  23.312  2.409  -24.343 1.0000000000
90467  23.506  1.661  -24.382 1.0000000000
91372  24.398  2.628  -24.374 1.0000000000
89471  24.898  0.477  -24.551 1.0000000000
89458  26.047  0.302  -23.443 1.0000000000
88478  26.728  -0.724  -22.523 1.0000000000
93105  23.809  4.486  -23.085 0.7500000000
92244  24.725  2.893  -23.832 1.0000000000
92243  25.138  2.596  -23.785 1.0000000000
90446  26.693  1.809  -22.645 1.0000000000
91365  26.255  2.215  -23.088 1.0000000000
90454  26.492  1.148  -22.913 1.0000000000
92237  24.637  3.627  -23.402 1.0000000000
92236  25.451  3.181  -23.248 1.0000000000
97230  24.245  9.802  -19.869 0.1250000000
97986  24.480  10.388  -19.568 0.1250000000
97242  24.502  9.537  -20.361 0.2500000000
97997  24.716  10.176  -20.002 0.1250000000
97241  25.504  9.927  -20.737 0.3750000000
97996  25.153  10.590  -20.028 0.2500000000
97240  26.510  9.925  -20.887 0.5000000000
97995  26.148  10.787  -20.343 0.2500000000
97994  27.270  10.674  -20.374 0.3750000000
98727  25.776  11.365  -19.849 0.2500000000
98726  26.952  11.978  -19.701 0.2500000000
98725  28.124  11.588  -20.378 0.2500000000
99470  29.066  12.312  -20.594 0.3750000000
79105  22.917  -10.444  -19.561 0.1250000000
81034  22.610  -8.597  -20.225 0.1250000000
85805  23.980  -3.119  -24.563 0.8750000000
86651  25.813  -2.499  -24.237 1.0000000000
78091  23.713  -11.865  -20.508 0.6250000000
77052  25.143  -12.665  -21.454 0.7500000000
81966  22.585  -7.958  -19.996 0.1250000000
75993  25.602  -12.989  -21.588 1.0000000000
80091  22.577  -9.288  -19.363 0.1250000000
77085  26.844  -12.629  -22.569 1.0000000000
77084  27.517  -12.439  -22.669 1.0000000000
77068  28.757  -12.178  -22.383 1.0000000000
82900  23.439  -6.194  -20.907 0.3750000000
84857  23.203  -4.445  -21.279 0.2500000000
83893  23.416  -5.464  -21.417 0.2500000000
81057  28.937  -8.782  -21.701 0.8750000000
83891  28.762  -6.200  -21.437 0.8750000000
88451  21.424  0.815  -19.510 0.1250000000
86626  22.585  -2.329  -22.024 0.3750000000
86653  23.134  -1.627  -23.442 0.6250000000
85772  27.244  -3.697  -22.587 1.0000000000
83902  28.359  -5.704  -21.839 0.8750000000
91373  22.725  2.248  -23.518 0.5000000000
92254  22.806  2.976  -23.808 0.8750000000
89461  23.118  0.615  -23.557 0.8750000000
88462  27.402  -0.830  -21.790 1.0000000000
89444  26.857  0.199  -22.065 1.0000000000
92246  23.464  3.405  -23.939 1.0000000000
93951  25.480  5.307  -22.868 1.0000000000
97978  23.848  10.143  -18.953 0.1250000000
96436  23.615  8.891  -19.876 0.1250000000
96463  25.401  8.447  -21.644 0.6250000000
97251  25.045  9.171  -21.042 0.6250000000
97239  27.608  9.584  -20.968 0.5000000000
97985  24.926  10.720  -19.722 0.2500000000
97993  28.402  10.447  -20.555 0.5000000000
98717  25.159  11.156  -19.508 0.2500000000
98724  29.263  11.231  -20.519 0.5000000000
99472  27.077  13.574  -19.953 0.1250000000
99471  27.980  12.832  -20.378 0.2500000000
100237  29.060  13.463  -20.744 0.2500000000
100252  30.251  13.511  -21.232 0.2500000000
77071  24.978  -12.303  -21.566 0.7500000000
77070  25.475  -12.359  -21.957 1.0000000000
80130  24.406  -9.608  -22.493 1.0000000000
79129  25.058  -10.717  -22.655 1.0000000000
80144  25.566  -9.006  -23.531 1.0000000000
82922  23.823  -6.163  -23.402 0.8750000000
82014  25.006  -7.402  -23.937 1.0000000000
80126  27.789  -9.784  -23.107 1.0000000000
80142  26.472  -8.765  -23.978 1.0000000000
81082  26.780  -8.378  -24.017 1.0000000000
83904  23.550  -5.448  -23.062 0.6250000000
84876  23.498  -4.432  -23.501 0.6250000000
83916  24.228  -5.658  -24.591 1.0000000000
82920  25.120  -6.669  -24.576 1.0000000000
82932  24.668  -6.026  -24.731 1.0000000000
84900  24.996  -4.373  -25.322 1.0000000000
83924  25.951  -5.387  -25.047 1.0000000000
84898  26.178  -4.654  -24.689 1.0000000000
85786  25.594  -3.116  -24.491 1.0000000000
85803  25.439  -3.701  -24.821 1.0000000000
84899  25.679  -4.573  -25.112 1.0000000000
85785  26.102  -3.635  -24.279 1.0000000000
86667  23.878  -2.012  -24.687 1.0000000000
87601  24.074  -1.272  -25.187 1.0000000000
88493  25.271  -0.477  -24.686 1.0000000000
87585  25.572  -1.506  -24.535 1.0000000000
87569  27.057  -1.659  -22.377 1.0000000000
87584  26.073  -1.566  -23.796 1.0000000000
90461  22.786  1.258  -23.137 0.7500000000
89474  23.352  1.188  -24.020 1.0000000000
89446  22.634  0.316  -22.759 0.7500000000
88506  23.899  -0.313  -24.740 1.0000000000
88507  23.528  -0.345  -24.130 1.0000000000
89472  24.288  0.565  -24.696 1.0000000000
93110  24.044  3.933  -23.372 0.8750000000
90466  24.037  1.479  -24.698 1.0000000000
91371  24.942  2.222  -24.323 1.0000000000
90459  25.805  1.273  -23.562 1.0000000000
89459  25.486  0.395  -24.087 1.0000000000
90465  24.641  1.386  -24.573 1.0000000000
89445  26.479  0.187  -22.764 1.0000000000
91370  25.505  2.163  -23.763 1.0000000000
92230  26.425  3.362  -22.613 1.0000000000
93103  25.130  4.374  -23.078 1.0000000000
93104  24.428  4.419  -23.215 1.0000000000
97987  24.037  9.997  -19.390 0.1250000000
97243  24.015  9.284  -20.146 0.1250000000
97231  23.787  9.423  -19.586 0.1250000000
98718  24.758  10.912  -19.395 0.2500000000
96449  24.203  9.043  -20.709 0.3750000000
97252  24.640  9.138  -20.897 0.5000000000
78078  23.224  -11.515  -19.727 0.2500000000
78070  23.025  -11.202  -18.736 0.1250000000
77053  24.522  -12.363  -21.063 0.7500000000
75992  26.329  -13.060  -22.038 1.0000000000
89434  22.400  -0.026  -21.968 0.5000000000
87571  22.526  -1.347  -22.304 0.6250000000
87602  23.573  -1.198  -24.529 0.8750000000
87587  22.877  -1.030  -23.095 0.7500000000
87586  23.273  -1.105  -23.799 0.8750000000
88480  22.519  -0.487  -22.502 0.8750000000
88494  23.178  -0.303  -23.566 1.0000000000
89473  23.673  0.648  -24.255 1.0000000000
93952  24.854  5.277  -23.066 1.0000000000
93946  26.203  5.430  -22.425 1.0000000000
96450  23.769  8.852  -20.422 0.3750000000
97250  25.914  9.189  -21.222 0.7500000000
96464  24.402  8.640  -21.226 0.5000000000
97249  26.753  9.155  -21.314 0.7500000000
100236  29.856  12.797  -20.814 0.2500000000
99469  30.218  11.923  -20.758 0.3750000000
73004  25.666  -16.564  -20.035 0.7500000000
73002  27.614  -16.861  -20.315 0.7500000000
73017  25.502  -15.890  -20.028 0.7500000000
73994  27.401  -16.481  -20.803 0.7500000000
73003  26.649  -16.676  -20.587 0.7500000000
73016  26.111  -15.994  -20.429 0.7500000000
74012  25.729  -15.308  -20.346 0.7500000000
73993  28.100  -16.232  -20.781 0.7500000000
74010  27.216  -15.846  -21.137 0.7500000000
74011  26.332  -15.449  -20.891 0.7500000000
74928  24.811  -13.753  -20.473 0.7500000000
75980  24.428  -13.064  -20.473 0.6250000000
74926  26.754  -14.912  -21.483 0.7500000000
74927  25.666  -14.430  -20.905 0.8750000000
73992  29.186  -15.597  -20.637 0.7500000000
74009  28.314  -15.493  -21.280 0.7500000000
74925  27.692  -15.004  -21.653 0.7500000000
74939  26.479  -14.037  -21.760 0.8750000000
74940  25.853  -13.579  -21.483 0.8750000000
74924  28.554  -14.679  -21.608 0.7500000000
74937  27.993  -14.427  -21.951 0.7500000000
76006  26.911  -13.123  -22.334 0.8750000000
75977  29.005  -13.736  -21.802 0.7500000000
75990  27.981  -13.743  -22.257 0.8750000000
76004  28.036  -12.964  -22.444 0.8750000000
77051  29.664  -13.165  -21.694 0.8750000000
77082  28.635  -12.760  -22.351 0.8750000000
77067  29.179  -12.603  -22.155 0.8750000000
78119  28.468  -11.728  -22.489 0.8750000000
78089  30.830  -11.720  -21.288 0.3750000000
78102  30.128  -11.669  -21.812 0.6250000000
79127  29.566  -10.908  -21.865 0.7500000000
79128  28.879  -11.218  -22.263 0.7500000000
79114  31.301  -10.916  -21.171 0.5000000000
79126  30.466  -10.818  -21.479 0.5000000000
80112  29.784  -9.824  -21.507 0.7500000000
80100  32.036  -10.146  -21.098 0.1250000000
80111  31.078  -9.812  -21.178 0.3750000000
80099  32.841  -9.608  -21.116 0.1250000000
80110  32.004  -9.229  -21.256 0.1250000000
81055  31.306  -8.573  -21.197 0.1250000000
81987  29.672  -7.312  -20.989 0.6250000000
82898  28.574  -6.785  -21.695 0.7500000000
81054  32.161  -8.216  -21.427 0.1250000000
81974  31.974  -7.202  -21.286 0.1250000000
81976  30.388  -7.303  -20.819 0.1250000000
82888  29.801  -6.459  -20.748 0.5000000000
82897  29.129  -6.677  -21.182 0.6250000000
83890  29.092  -5.623  -21.141 0.7500000000
81053  33.009  -8.488  -21.569 0.1250000000
83878  30.121  -5.319  -20.550 0.5000000000
84873  28.892  -4.878  -21.367 0.6250000000
84874  28.457  -4.795  -21.651 0.7500000000
93106  23.165  4.177  -22.745 0.6250000000
94774  23.241  6.032  -22.443 0.5000000000
93953  24.188  5.317  -22.959 0.7500000000
85761  29.078  -3.853  -21.201 0.6250000000
85762  28.614  -3.347  -21.354 0.6250000000
86625  27.975  -2.552  -21.635 0.8750000000
85746  29.463  -3.357  -20.851 0.5000000000
85747  28.964  -2.836  -21.040 0.6250000000
86624  28.576  -2.346  -21.149 0.6250000000
94773  23.867  6.128  -22.706 0.7500000000
87553  27.536  -1.862  -21.861 0.8750000000
90453  26.665  0.754  -22.436 0.8750000000
90445  26.979  1.369  -22.015 0.8750000000
87552  28.038  -1.597  -21.355 0.7500000000
89433  27.559  0.371  -21.444 0.8750000000
90444  27.885  1.462  -21.214 0.8750000000
91357  27.636  2.468  -21.643 0.8750000000
86607  30.061  -2.412  -20.522 0.3750000000
86608  29.219  -2.299  -20.792 0.5000000000
88461  28.151  -0.543  -21.076 0.6250000000
87535  28.740  -1.422  -20.837 0.5000000000
95643  24.237  6.881  -22.487 0.6250000000
95642  24.672  6.838  -22.541 0.7500000000
94771  25.123  5.809  -22.829 0.8750000000
94772  24.669  6.199  -22.760 0.7500000000
92229  27.240  3.473  -21.933 0.7500000000
89432  28.288  0.537  -20.776 0.7500000000
87534  29.603  -1.406  -20.477 0.3750000000
88445  29.022  -0.300  -20.445 0.5000000000
91347  28.947  2.159  -20.425 0.7500000000
87533  30.578  -1.496  -20.324 0.2500000000
95644  23.516  6.818  -22.296 0.6250000000
94763  25.466  6.388  -22.522 0.8750000000
93945  27.016  5.479  -21.838 0.8750000000
94761  27.343  6.461  -21.485 0.7500000000
93095  27.568  4.533  -21.611 0.8750000000
92228  28.229  3.566  -21.209 0.7500000000
90437  28.588  1.484  -20.603 0.5000000000
89422  30.663  0.434  -20.031 0.2500000000
89423  29.680  0.554  -20.121 0.5000000000
95634  23.914  7.607  -21.960 0.5000000000
95633  24.863  7.462  -22.254 0.6250000000
95632  25.901  7.456  -21.977 0.7500000000
94762  26.434  6.441  -21.939 0.7500000000
95631  26.850  7.433  -21.574 0.7500000000
94754  28.231  6.476  -21.111 0.7500000000
95630  27.793  7.388  -21.306 0.7500000000
93944  27.852  5.536  -21.333 0.7500000000
93094  28.321  4.677  -21.083 0.7500000000
93937  28.649  5.576  -20.859 0.7500000000
92211  30.029  3.581  -19.944 0.5000000000
92217  29.094  3.636  -20.475 0.6250000000
90435  30.188  1.451  -19.951 0.2500000000
91346  29.654  2.555  -20.030 0.3750000000
91340  30.434  2.992  -19.790 0.3750000000
96462  26.366  8.383  -21.576 0.6250000000
96460  28.240  8.090  -21.172 0.7500000000
95622  28.664  7.377  -20.965 0.7500000000
94753  29.104  6.483  -20.729 0.7500000000
94752  30.056  6.467  -20.506 0.6250000000
93083  30.926  4.661  -20.148 0.3750000000
93935  30.507  5.532  -20.356 0.3750000000
90434  31.192  1.392  -20.069 0.1250000000
92216  31.610  3.399  -20.295 0.1250000000
92209  31.253  3.464  -20.026 0.2500000000
96461  27.411  8.432  -21.367 0.6250000000
96448  28.217  8.806  -21.075 0.7500000000
95621  29.591  7.394  -20.652 0.7500000000
94751  31.060  6.435  -20.458 0.3750000000
93934  31.557  5.456  -20.340 0.2500000000
93936  29.538  5.556  -20.557 0.6250000000
92226  32.842  3.154  -21.149 0.1250000000
92215  32.197  3.289  -20.658 0.1250000000
91344  31.606  2.517  -20.269 0.1250000000
97237  29.792  9.211  -20.683 0.3750000000
96446  30.158  8.255  -20.628 0.3750000000
95618  32.176  7.305  -20.764 0.2500000000
93933  32.760  5.288  -20.692 0.1250000000
92225  33.308  3.234  -21.529 0.1250000000
97992  29.499  10.192  -20.592 0.3750000000
97238  28.747  9.438  -20.753 0.3750000000
97991  30.511  9.934  -20.715 0.3750000000
97235  31.846  8.803  -20.820 0.3750000000
97236  30.817  9.018  -20.698 0.3750000000
97234  32.403  8.264  -21.004 0.3750000000
95619  31.509  7.276  -20.612 0.3750000000
96445  31.145  8.118  -20.636 0.3750000000
93950  34.051  5.373  -22.599 0.1250000000
94760  32.844  6.229  -20.995 0.1250000000
95629  32.736  7.061  -21.105 0.2500000000
93101  33.972  4.307  -22.221 0.1250000000
99468  31.010  11.335  -20.915 0.2500000000
98002  31.991  10.228  -21.292 0.2500000000
98722  31.194  10.548  -20.944 0.3750000000
98000  33.223  9.097  -21.907 0.1250000000
97248  32.191  9.508  -21.150 0.3750000000
97990  31.438  9.695  -20.903 0.3750000000
97246  33.372  8.403  -21.787 0.1250000000
97247  32.710  8.853  -21.349 0.2500000000
95659  33.633  7.159  -23.759 0.1250000000
96459  32.946  7.923  -21.323 0.1250000000
98723  30.303  10.873  -20.640 0.3750000000
98732  31.777  11.115  -21.477 0.2500000000
98011  32.820  10.270  -22.474 0.1250000000
98020  33.193  9.892  -23.239 0.1250000000
98030  32.894  10.154  -23.815 0.1250000000
94784  33.637  6.201  -23.840 0.1250000000
96498  33.457  8.270  -24.012 0.1250000000
98761  32.367  11.538  -24.199 0.1250000000
97278  33.186  9.394  -24.153 0.1250000000
98038  32.789  10.122  -24.449 0.1250000000
94791  32.787  6.629  -25.346 0.1250000000
94790  33.288  6.433  -24.519 0.1250000000
75991  27.042  -13.633  -22.263 0.8750000000
77066  29.816  -12.178  -22.010 0.6250000000
84863  29.347  -4.495  -21.007 0.6250000000
88444  30.091  -0.482  -20.154 0.3750000000
94764  24.922  6.750  -22.576 0.8750000000
90436  29.306  1.494  -20.199 0.5000000000
91355  28.927  2.788  -20.511 0.7500000000
94779  33.947  6.988  -22.812 0.1250000000
98731  32.380  10.534  -21.845 0.2500000000
95669  33.199  7.443  -24.737 0.1250000000
81056  30.119  -8.413  -21.139 0.5000000000
84852  30.033  -4.205  -20.558 0.3750000000
85745  30.530  -3.404  -20.519 0.2500000000
91356  28.420  2.440  -20.938 0.7500000000
97259  33.602  8.695  -22.450 0.1250000000
86606  31.076  -2.483  -20.431 0.1250000000
71007  26.273  -17.975  -19.405 0.7500000000
71008  25.541  -17.758  -19.360 0.7500000000
73005  24.784  -16.163  -19.577 0.7500000000
71005  27.936  -18.243  -19.222 0.7500000000
71999  26.935  -17.484  -19.951 0.7500000000
71997  28.803  -17.352  -19.543 0.7500000000
74910  25.350  -14.841  -20.218 0.7500000000
73001  28.648  -16.603  -19.952 0.6250000000
74923  29.451  -14.617  -21.164 0.6250000000
77050  30.234  -12.604  -21.559 0.5000000000
77049  30.991  -12.541  -20.839 0.3750000000
78088  31.589  -11.685  -20.600 0.1250000000
79112  32.555  -10.670  -20.515 0.1250000000
80098  33.549  -9.700  -20.542 0.1250000000
81052  33.648  -8.369  -21.320 0.1250000000
81985  32.651  -7.254  -21.851 0.1250000000
93954  23.538  5.263  -22.731 0.3750000000
81973  32.293  -6.859  -21.542 0.1250000000
82886  31.629  -6.465  -20.801 0.1250000000
83877  31.285  -5.531  -20.553 0.1250000000
84851  30.942  -4.451  -20.477 0.2500000000
95635  23.160  7.396  -21.770 0.5000000000
87532  31.551  -1.569  -20.486 0.1250000000
89421  31.665  0.326  -20.324 0.1250000000
90433  32.115  1.336  -20.566 0.1250000000
96465  23.476  8.105  -21.291 0.3750000000
91354  33.134  2.327  -21.647 0.1250000000
91353  33.474  2.835  -21.872 0.1250000000
93958  33.887  5.441  -23.564 0.1250000000
92261  33.372  4.135  -24.500 0.1250000000
98708  24.670  11.142  -19.040 0.1250000000
99479  31.279  12.076  -21.319 0.2500000000
99491  31.999  11.852  -22.700 0.1250000000
100267  31.861  12.491  -22.845 0.1250000000
97286  32.750  9.553  -25.116 0.1250000000
98039  32.438  10.728  -25.102 0.1250000000
96507  33.024  8.513  -24.959 0.1250000000
93968  32.975  5.652  -25.078 0.1250000000
95670  32.633  7.647  -25.623 0.1250000000
85763  27.856  -3.492  -21.933 0.7500000000
84865  28.278  -4.098  -21.675 0.7500000000
92247  22.684  3.011  -23.151 0.3750000000
91358  26.871  2.451  -22.330 0.8750000000
76003  28.403  -12.834  -22.409 0.8750000000
75979  25.151  -13.273  -21.063 0.7500000000
81988  29.070  -7.639  -21.379 0.6250000000
93102  25.909  4.368  -22.757 0.8750000000
93096  26.715  4.446  -22.191 0.8750000000
99480  30.598  12.689  -21.071 0.1250000000
72000  25.999  -17.292  -19.846 0.7500000000
71998  27.937  -17.479  -19.604 0.7500000000
73995  25.053  -15.317  -19.863 0.7500000000
74938  27.301  -14.379  -22.049 0.8750000000
75978  28.391  -14.164  -21.931 0.7500000000
75989  28.560  -13.131  -22.285 0.8750000000
78103  29.459  -11.755  -22.127 0.7500000000
80101  31.606  -10.455  -21.115 0.5000000000
79113  31.873  -10.847  -20.815 0.1250000000
80109  32.520  -8.912  -21.388 0.1250000000
81042  33.509  -9.040  -21.127 0.1250000000
81045  30.906  -7.877  -21.047 0.5000000000
81044  31.559  -7.809  -21.270 0.1250000000
81986  32.193  -7.619  -21.497 0.1250000000
81975  31.208  -7.214  -20.884 0.1250000000
82887  30.729  -6.405  -20.602 0.1250000000
84864  28.794  -4.240  -21.408 0.6250000000
92227  28.655  3.114  -20.784 0.7500000000
92218  28.648  4.147  -20.844 0.7500000000
89424  28.932  0.752  -20.351 0.5000000000
88443  31.117  -0.592  -20.228 0.1250000000
93085  29.009  4.697  -20.646 0.6250000000
93072  30.554  4.080  -19.988 0.3750000000
93084  29.925  4.557  -20.228 0.3750000000
91345  30.709  2.299  -19.858 0.1250000000
91339  31.075  2.979  -19.837 0.3750000000
96447  29.047  8.375  -20.822 0.3750000000
93071  31.142  3.973  -20.057 0.3750000000
93082  31.841  4.241  -20.350 0.1250000000
95620  30.584  7.337  -20.548 0.3750000000
93092  33.458  4.080  -21.376 0.1250000000
91343  32.451  2.327  -20.923 0.1250000000
93081  32.899  4.052  -20.850 0.1250000000
94750  32.131  6.460  -20.613 0.2500000000
93932  33.289  4.588  -20.994 0.1250000000
93942  33.649  5.289  -21.475 0.1250000000
93943  33.194  5.831  -21.117 0.1250000000
98001  32.725  9.764  -21.737 0.3750000000
96444  31.936  7.930  -20.760 0.3750000000
94770  33.941  6.294  -22.111 0.1250000000
94780  33.934  6.458  -23.034 0.1250000000
94759  33.352  6.458  -21.465 0.1250000000
96473  33.744  7.849  -22.330 0.1250000000
92242  33.814  3.428  -22.901 0.1250000000
93109  34.038  4.430  -23.276 0.1250000000
98742  31.848  11.735  -21.986 0.2500000000
96485  33.847  8.020  -23.100 0.1250000000
98752  32.386  11.338  -23.329 0.1250000000
98031  32.622  10.757  -24.020 0.1250000000
97269  33.552  9.014  -23.253 0.1250000000
93962  33.485  5.517  -24.345 0.1250000000
99513  32.025  12.385  -24.274 0.1250000000
71006  27.159  -18.096  -19.285 0.7500000000
72001  24.976  -17.174  -19.483 0.7500000000
74911  24.659  -14.444  -19.988 0.5000000000
74922  30.144  -14.368  -20.797 0.6250000000
75975  30.653  -13.106  -21.006 0.5000000000
83876  32.192  -5.748  -20.917 0.1250000000
82896  32.419  -6.427  -21.694 0.1250000000
93115  33.672  4.628  -24.125 0.1250000000
73996  24.062  -15.221  -19.304 0.5000000000
70993  26.484  -18.702  -18.899 0.6250000000
70992  27.428  -18.858  -18.858 0.6250000000
70990  29.513  -18.374  -18.532 0.3750000000
71987  28.540  -17.911  -19.291 0.6250000000
71985  30.134  -17.534  -18.611 0.2500000000
71986  29.392  -17.717  -19.197 0.3750000000
73000  29.680  -16.176  -19.842 0.5000000000
73991  30.170  -15.329  -19.996 0.5000000000
74909  29.942  -14.919  -20.611 0.3750000000
70973  29.610  -18.829  -17.859 0.5000000000
70991  28.542  -18.707  -18.828 0.6250000000
75963  30.517  -14.045  -20.676 0.5000000000
69942  26.680  -19.705  -18.524 0.6250000000
73977  23.297  -15.624  -18.666 0.3750000000
72987  23.522  -16.499  -18.680 0.3750000000
71988  24.938  -17.871  -18.997 0.6250000000
69924  28.838  -19.733  -17.811 0.3750000000
69940  28.497  -19.481  -18.359 0.5000000000
69941  27.724  -19.667  -18.488 0.6250000000
73997  23.185  -14.784  -18.703 0.2500000000
72973  30.604  -16.766  -18.474 0.2500000000
70989  30.012  -18.056  -18.068 0.2500000000
77054  23.976  -12.538  -20.427 0.3750000000
72985  30.273  -16.641  -19.270 0.2500000000
73990  30.650  -14.893  -19.817 0.2500000000
75962  31.100  -13.555  -20.364 0.2500000000
77037  31.514  -12.574  -20.289 0.2500000000
88463  22.405  -0.648  -21.755 0.3750000000
91366  22.907  1.914  -22.766 0.2500000000
77038  23.526  -12.364  -19.893 0.2500000000
72002  24.223  -16.706  -19.149 0.5000000000
73006  23.971  -16.075  -19.096 0.5000000000
72986  29.409  -16.943  -19.621 0.5000000000
75961  31.642  -13.028  -19.996 0.2500000000
75981  23.867  -12.935  -20.074 0.2500000000
70994  25.556  -18.424  -18.906 0.6250000000
74912  23.527  -14.028  -19.215 0.3750000000
74908  30.512  -14.501  -20.279 0.2500000000
71973  30.563  -17.314  -17.827 0.2500000000
73976  30.285  -15.891  -19.613 0.3750000000
70974  29.046  -19.077  -18.325 0.5000000000
69943  25.787  -19.218  -18.606 0.6250000000
69925  28.167  -19.997  -18.149 0.5000000000
74907  31.028  -14.433  -19.797 0.2500000000
83883  23.626  -5.467  -20.789 0.1250000000
69928  24.931  -19.512  -18.168 0.5000000000
68916  28.196  -20.281  -17.822 0.2500000000
68909  27.464  -20.907  -17.412 0.3750000000
68917  27.417  -20.573  -18.035 0.5000000000
69929  23.983  -19.718  -17.451 0.3750000000
70975  24.139  -18.982  -17.922 0.5000000000
69944  25.234  -18.916  -18.538 0.5000000000
70995  24.652  -18.505  -18.479 0.3750000000
68896  22.999  -20.392  -15.892 0.1250000000
68911  23.761  -20.354  -16.804 0.3750000000
71990  23.144  -16.883  -18.163 0.2500000000
66607  23.548  -22.119  -15.694 0.1250000000
67748  24.692  -21.446  -17.145 0.3750000000
67746  26.452  -21.551  -17.147 0.3750000000
67755  25.532  -21.000  -17.687 0.5000000000
68897  22.231  -20.268  -15.189 0.1250000000
67756  24.860  -20.815  -17.591 0.3750000000
70964  22.199  -18.700  -16.027 0.1250000000
71963  22.160  -17.627  -16.443 0.1250000000
71989  24.010  -17.462  -18.618 0.3750000000
68931  27.202  -20.083  -18.387 0.3750000000
69926  26.299  -20.033  -18.374 0.5000000000
72988  22.689  -16.060  -18.072 0.2500000000
68907  29.276  -20.127  -16.572 0.2500000000
68920  24.575  -20.274  -17.649 0.5000000000
68919  25.343  -20.350  -17.972 0.5000000000
68918  26.310  -20.422  -18.196 0.3750000000
67754  26.402  -21.093  -17.675 0.3750000000
68910  24.265  -20.793  -17.210 0.3750000000
70976  23.439  -18.758  -17.239 0.1250000000
71975  23.084  -17.581  -17.462 0.1250000000
71974  23.854  -18.269  -17.979 0.1250000000
69901  22.771  -19.699  -16.104 0.2500000000
69902  22.314  -19.472  -15.619 0.1250000000
69918  23.238  -19.579  -16.590 0.1250000000
67738  22.401  -21.226  -15.063 0.1250000000
67737  23.166  -21.359  -15.624 0.1250000000
67749  23.799  -21.297  -16.397 0.3750000000
70963  22.801  -18.949  -16.616 0.1250000000
71962  22.730  -18.313  -16.762 0.1250000000
66613  24.155  -21.935  -16.441 0.2500000000
66611  25.836  -22.128  -16.731 0.2500000000
67745  27.235  -21.322  -16.968 0.2500000000
66614  23.829  -21.809  -16.204 0.1250000000
67747  25.637  -21.609  -17.240 0.2500000000
66612  24.936  -22.142  -16.750 0.2500000000
66605  25.159  -22.711  -16.250 0.1250000000
75953  22.880  -13.079  -18.627 0.1250000000
93955  23.050  5.328  -22.459 0.1250000000
93098  23.033  4.201  -21.931 0.1250000000
93938  22.630  5.297  -21.303 0.1250000000
95636  22.644  7.111  -21.241 0.1250000000
94775  22.849  5.868  -22.152 0.1250000000
93928  22.647  5.440  -20.350 0.1250000000
96451  22.936  8.040  -20.715 0.1250000000
92239  22.961  2.943  -22.415 0.1250000000
94755  22.475  6.266  -20.731 0.1250000000
94746  22.446  6.377  -19.702 0.1250000000
91361  23.305  1.325  -21.803 0.1250000000
86613  22.666  -2.469  -21.268 0.1250000000
74898  22.778  -14.007  -18.198 0.1250000000
92233  23.426  2.936  -21.969 0.1250000000
93088  23.708  4.271  -21.101 0.1250000000
93920  22.630  5.711  -19.450 0.1250000000
95611  22.939  7.275  -19.033 0.1250000000
77029  23.052  -12.226  -19.086 0.1250000000
75964  24.017  -13.599  -20.062 0.1250000000
94766  22.656  6.072  -21.596 0.1250000000
75965  23.465  -13.035  -19.481 0.1250000000
93097  23.470  3.932  -21.669 0.1250000000
93077  23.128  4.802  -20.498 0.1250000000
95623  22.595  7.284  -20.156 0.1250000000
93087  24.290  4.198  -20.769 0.1250000000
96432  23.028  8.165  -18.195 0.1250000000
69916  29.882  -19.425  -16.813 0.1250000000
70961  30.644  -18.507  -16.810 0.1250000000
70972  30.289  -18.228  -17.518 0.1250000000
71961  30.816  -17.699  -17.192 0.1250000000
72984  30.924  -16.141  -18.745 0.1250000000
73975  30.919  -15.360  -19.343 0.1250000000
73967  32.036  -15.177  -17.993 0.1250000000
73974  31.697  -14.810  -18.796 0.1250000000
75942  32.161  -13.752  -18.861 0.1250000000
75952  31.411  -13.943  -19.731 0.1250000000
75941  32.529  -13.252  -18.558 0.1250000000
75951  31.902  -13.397  -19.425 0.1250000000
67735  27.213  -21.905  -16.388 0.1250000000
67736  26.599  -21.926  -16.684 0.1250000000
67744  27.746  -21.261  -16.546 0.1250000000
68894  28.726  -20.794  -16.232 0.1250000000
69914  31.318  -19.024  -15.768 0.1250000000
69915  30.592  -19.351  -16.076 0.1250000000
71972  31.350  -16.970  -17.286 0.1250000000
72971  32.149  -16.135  -17.295 0.1250000000
73968  31.373  -15.552  -18.570 0.1250000000
73966  32.813  -15.198  -17.285 0.1250000000
74889  32.852  -14.175  -17.745 0.1250000000
77036  31.884  -12.521  -19.837 0.1250000000
77027  32.506  -12.359  -18.945 0.1250000000
78077  31.785  -12.080  -20.116 0.1250000000
69917  29.138  -19.837  -17.138 0.1250000000
70962  30.012  -18.893  -17.299 0.1250000000
74897  31.507  -14.353  -19.345 0.1250000000
68908  28.200  -20.563  -17.091 0.1250000000
68906  29.892  -19.807  -16.325 0.1250000000
71960  31.497  -17.651  -16.779 0.1250000000
72972  31.185  -16.216  -17.940 0.1250000000
74890  32.232  -14.225  -18.496 0.1250000000
74896  31.914  -14.112  -18.979 0.1250000000
75950  32.314  -12.875  -19.089 0.1250000000
75940  33.231  -12.954  -17.584 0.1250000000
66602  27.854  -22.270  -15.486 0.1250000000
67733  28.973  -21.245  -15.614 0.1250000000
70960  31.556  -18.400  -16.141 0.1250000000
77015  32.886  -12.219  -18.319 0.1250000000
66608  22.898  -21.789  -15.236 0.1250000000
67753  27.008  -21.130  -17.485 0.3750000000
68895  28.160  -21.031  -16.436 0.1250000000
68921  24.125  -20.312  -17.319 0.3750000000
68932  26.916  -20.242  -18.341 0.6250000000
69919  22.618  -19.303  -16.232 0.1250000000
69923  29.502  -19.353  -17.394 0.1250000000
69927  25.885  -19.908  -18.357 0.5000000000
73015  26.575  -16.018  -20.796 0.7500000000
74008  28.920  -15.145  -21.236 0.7500000000
75976  30.137  -13.671  -21.166 0.5000000000
76005  27.387  -13.104  -22.427 0.8750000000
77028  32.219  -12.452  -19.411 0.1250000000
77083  28.346  -12.414  -22.475 1.0000000000
78104  28.966  -11.909  -22.304 0.8750000000
80143  26.075  -8.920  -23.848 1.0000000000
81043  31.956  -7.725  -21.417 0.1250000000
82885  32.189  -6.488  -21.226 0.1250000000
82930  25.609  -5.737  -25.019 1.0000000000
82931  25.213  -5.904  -24.961 1.0000000000
83875  32.400  -6.070  -21.350 0.1250000000
83901  28.692  -5.249  -21.496 0.7500000000
88495  22.773  -0.174  -23.123 0.8750000000
89460  23.409  0.166  -23.851 1.0000000000
90460  25.234  1.345  -24.206 1.0000000000
91338  31.390  3.090  -20.104 0.1250000000
91360  23.953  1.980  -21.908 0.1250000000
91378  24.411  2.079  -24.688 1.0000000000
91379  23.860  2.423  -24.632 1.0000000000
92210  30.756  3.527  -19.863 0.2500000000
92235  33.696  3.371  -22.013 0.1250000000
92238  24.265  3.790  -23.432 1.0000000000
92252  23.573  2.870  -24.401 1.0000000000
92253  23.213  3.098  -24.192 1.0000000000
93070  31.455  3.773  -20.199 0.2500000000
93080  33.251  4.232  -21.038 0.1250000000
93093  33.156  3.626  -21.194 0.1250000000
93111  23.525  3.693  -23.484 0.8750000000
93116  23.200  3.418  -23.884 1.0000000000
93117  22.963  3.262  -23.948 0.8750000000
93947  22.737  5.170  -22.071 0.1250000000
94765  22.898  6.602  -22.005 0.5000000000
94769  33.907  6.935  -22.500 0.1250000000
95628  33.243  7.281  -21.534 0.2500000000
95640  33.807  7.372  -22.410 0.1250000000
95641  33.697  7.153  -21.985 0.1250000000
95648  33.876  7.296  -22.677 0.1250000000
95649  33.920  7.265  -23.030 0.1250000000
96443  32.453  7.712  -20.970 0.2500000000
96458  33.441  7.745  -21.765 0.1250000000
96466  22.945  7.746  -21.330 0.2500000000
96472  33.803  7.568  -22.551 0.1250000000
96484  33.862  7.622  -22.773 0.1250000000
97232  23.498  8.884  -19.299 0.1250000000
98010  33.277  9.511  -22.485 0.1250000000
98021  32.739  10.608  -23.212 0.1250000000
98728  25.339  11.053  -19.828 0.2500000000
98741  32.331  11.101  -22.411 0.1250000000
99492  31.677  12.420  -22.134 0.2500000000
99504  32.112  12.084  -23.458 0.1250000000
