#!ascii label  , from subject bert vox2ras=TkReg
1853
11744  45.202  -78.832  -2.578 0.2000000030
12582  45.211  -78.402  -1.895 0.2000000030
11770  45.074  -78.570  -3.380 0.2000000030
11745  44.722  -79.222  -1.991 0.2000000030
11772  43.685  -78.557  -3.372 0.1000000015
13378  45.526  -77.469  -1.725 0.3000000119
13383  45.750  -77.438  -2.835 0.2000000030
10989  44.499  -79.401  -3.362 0.1000000015
10969  44.444  -79.740  -3.248 0.2000000030
12603  44.674  -77.870  -3.586 0.1000000015
12604  44.029  -77.525  -3.393 0.1000000015
13403  43.860  -76.744  -3.457 0.1000000015
11759  43.331  -78.151  -3.106 0.1000000015
14192  42.896  -75.372  -4.670 0.1000000015
13385  42.853  -76.785  -2.927 0.1000000015
14149  42.361  -76.241  -3.113 0.1000000015
15004  42.361  -75.045  -5.518 0.2000000030
14168  42.081  -75.628  -3.740 0.1000000015
14189  45.735  -75.680  -4.626 0.1000000015
15002  45.373  -75.257  -5.185 0.1000000015
13401  45.552  -77.125  -3.706 0.2000000030
14166  44.259  -76.237  -4.014 0.1000000015
13402  44.618  -76.960  -3.716 0.1000000015
14191  43.890  -75.667  -4.521 0.1000000015
14214  43.163  -75.158  -5.594 0.1000000015
15086  42.454  -74.594  -7.945 0.2000000030
15032  42.937  -75.054  -6.335 0.2000000030
15934  42.630  -73.917  -8.709 0.1000000015
15033  41.995  -74.894  -6.345 0.2000000030
16749  42.697  -72.782  -9.738 0.2000000030
16739  42.180  -73.332  -9.239 0.1000000015
16750  41.915  -72.616  -9.966 0.1000000015
14190  44.809  -75.669  -4.636 0.1000000015
15029  45.608  -74.746  -5.894 0.1000000015
14213  43.803  -75.322  -5.270 0.1000000015
16738  43.066  -73.292  -8.894 0.2000000030
17618  43.229  -72.241  -10.381 0.2000000030
18576  44.163  -71.256  -10.801 0.2000000030
16761  42.582  -72.459  -10.519 0.2000000030
17632  43.697  -71.747  -11.258 0.1000000015
17633  42.818  -71.884  -11.316 0.2000000030
15030  44.661  -75.138  -5.610 0.1000000015
15058  44.760  -74.658  -6.536 0.1000000015
15031  43.831  -75.061  -6.098 0.1000000015
15059  43.645  -74.849  -7.074 0.2000000030
16726  43.334  -72.850  -8.615 0.2000000030
15933  43.140  -73.802  -8.643 0.3000000119
18584  44.491  -70.589  -11.797 0.3000000119
18585  44.270  -70.612  -12.156 0.2000000030
18586  43.552  -70.971  -11.748 0.2000000030
18563  41.218  -70.894  -10.066 0.2000000030
17605  43.127  -72.342  -9.091 0.3000000119
15915  43.391  -74.175  -8.263 0.2000000030
19554  44.402  -70.476  -10.829 0.3000000119
20400  45.665  -68.580  -11.350 0.3000000119
21248  46.089  -67.697  -11.051 0.3000000119
19562  45.334  -69.439  -12.003 0.3000000119
19579  44.433  -69.783  -12.372 0.2000000030
18578  42.006  -70.845  -10.696 0.2000000030
19556  41.817  -69.822  -10.516 0.2000000030
21239  45.723  -67.328  -10.299 0.4000000060
19542  44.477  -69.671  -10.487 0.3000000119
21249  45.427  -68.185  -10.486 0.3000000119
18546  43.334  -71.827  -9.690 0.2000000030
21263  45.921  -67.915  -11.936 0.3000000119
19564  43.835  -69.933  -12.162 0.2000000030
21280  45.302  -68.230  -12.568 0.2000000030
20418  43.526  -68.917  -11.937 0.2000000030
23131  46.292  -65.749  -10.605 0.3000000119
22174  46.753  -66.228  -12.166 0.2000000030
22193  44.755  -67.187  -12.886 0.2000000030
22192  45.977  -66.862  -12.629 0.2000000030
22176  44.280  -67.117  -12.550 0.1000000015
21281  44.531  -68.275  -12.655 0.2000000030
21266  42.940  -68.208  -11.469 0.2000000030
21282  43.987  -68.341  -12.354 0.2000000030
20419  42.876  -69.070  -11.418 0.2000000030
24129  46.136  -64.668  -10.625 0.3000000119
23130  46.760  -65.236  -11.145 0.3000000119
22158  46.324  -66.757  -10.734 0.3000000119
25152  47.062  -63.765  -11.822 0.2000000030
23145  47.111  -65.446  -11.890 0.3000000119
24158  47.147  -64.641  -12.499 0.2000000030
22175  46.483  -67.001  -11.657 0.3000000119
22191  46.503  -66.125  -12.674 0.1000000015
23158  46.212  -65.810  -13.101 0.1000000015
23160  44.377  -66.267  -12.638 0.1000000015
23159  45.195  -65.951  -13.235 0.1000000015
23171  45.850  -65.099  -13.550 0.1000000015
22159  43.252  -67.041  -11.716 0.1000000015
25141  46.329  -63.494  -10.880 0.3000000119
25140  46.718  -64.256  -11.147 0.2000000030
25153  46.628  -62.898  -11.592 0.2000000030
28477  45.563  -61.154  -12.502 0.2000000030
28492  45.282  -60.672  -12.999 0.1000000015
26204  46.943  -62.918  -12.508 0.1000000015
26217  46.629  -62.297  -13.139 0.1000000015
25167  47.112  -63.679  -13.010 0.1000000015
23169  47.002  -64.937  -13.035 0.1000000015
24159  45.126  -64.898  -13.455 0.1000000015
24160  44.291  -65.029  -12.729 0.1000000015
26196  45.846  -62.297  -11.017 0.2000000030
28504  45.969  -61.109  -14.081 0.1000000015
28515  46.218  -61.031  -14.709 0.1000000015
26236  46.788  -62.315  -13.915 0.1000000015
26235  46.838  -62.627  -14.305 0.1000000015
24170  46.932  -64.392  -13.383 0.1000000015
25189  46.477  -63.021  -14.660 0.1000000015
24172  45.599  -64.317  -13.894 0.1000000015
24171  46.323  -64.377  -13.831 0.1000000015
29614  45.946  -60.024  -14.930 0.1000000015
26251  45.649  -62.929  -14.726 0.1000000015
25168  44.796  -63.957  -13.492 0.1000000015
29606  45.838  -60.607  -14.317 0.1000000015
14167  43.191  -76.079  -3.548 0.1000000015
14165  45.177  -76.365  -4.205 0.1000000015
15114  41.782  -74.091  -8.321 0.1000000015
23941  41.282  -64.569  3.886 0.5000000000
23919  41.729  -64.478  4.888 0.5000000000
23920  40.641  -64.506  4.896 0.5000000000
23942  40.222  -64.521  3.854 0.5000000000
23943  39.156  -64.398  3.793 0.5000000000
22886  41.988  -64.982  6.776 0.2000000030
23877  41.775  -64.638  6.597 0.2000000030
23893  40.985  -64.240  6.091 0.5000000000
23894  39.953  -64.209  5.677 0.5000000000
23921  39.665  -64.397  4.772 0.5000000000
24955  38.745  -64.142  4.933 0.5000000000
23966  39.798  -64.655  2.852 0.5000000000
23944  38.489  -64.149  3.308 0.5000000000
22968  41.602  -65.245  1.433 0.5000000000
23869  41.313  -64.420  7.171 0.3000000119
24930  40.556  -63.622  6.935 0.3000000119
24970  38.413  -63.986  4.015 0.5000000000
23967  38.944  -64.502  2.780 0.5000000000
23995  39.364  -64.844  2.290 0.5000000000
22015  44.970  -65.852  0.221 0.4000000060
22016  43.823  -65.886  0.286 0.5000000000
22017  42.702  -66.009  0.257 0.5000000000
22984  42.135  -65.529  0.825 0.5000000000
22969  40.694  -65.344  1.503 0.5000000000
22035  45.292  -66.520  -0.362 0.4000000060
22877  41.489  -65.179  7.147 0.3000000119
24913  40.458  -63.539  7.552 0.4000000060
24914  39.947  -63.305  7.319 0.4000000060
24932  39.097  -63.787  6.037 0.5000000000
23895  39.353  -64.188  5.383 0.5000000000
24933  38.076  -63.619  5.699 0.5000000000
24956  37.895  -63.626  4.615 0.5000000000
23968  38.140  -64.281  2.538 0.5000000000
22970  39.628  -65.213  1.616 0.6000000238
22985  41.171  -65.632  0.797 0.5000000000
22986  40.220  -65.645  0.808 0.5000000000
21146  46.782  -67.121  -0.865 0.4000000060
22034  46.307  -66.377  -0.506 0.4000000060
22036  44.258  -66.555  -0.315 0.5000000000
19225  39.231  -69.143  8.556 0.1000000015
21016  38.827  -67.008  8.052 0.1000000015
21017  37.920  -66.602  8.610 0.1000000015
21015  39.513  -67.688  7.914 0.1000000015
21904  37.834  -65.583  8.607 0.1000000015
21031  39.289  -66.244  7.852 0.1000000015
21903  38.881  -65.821  8.033 0.1000000015
22866  38.587  -64.923  8.345 0.1000000015
22878  40.213  -65.003  7.759 0.2000000030
23870  40.693  -64.227  7.597 0.3000000119
24931  40.001  -63.674  6.535 0.5000000000
24894  40.144  -63.676  8.060 0.4000000060
24916  38.274  -63.258  6.797 0.4000000060
24934  37.177  -63.259  5.375 0.5000000000
24957  37.207  -63.068  4.240 0.5000000000
23996  38.737  -64.807  1.971 0.5000000000
21147  45.715  -67.250  -0.689 0.4000000060
20273  48.323  -67.790  -1.311 0.5000000000
17301  38.856  -70.753  11.148 0.1000000015
18271  38.868  -70.637  9.856 0.1000000015
19208  38.937  -69.882  9.116 0.1000000015
20125  38.475  -69.061  8.923 0.1000000015
20135  38.741  -68.263  8.387 0.1000000015
20136  38.016  -67.560  8.685 0.1000000015
19209  38.195  -69.322  9.578 0.1000000015
20126  37.783  -68.434  9.499 0.1000000015
25911  37.405  -62.013  8.919 0.2000000030
27046  36.875  -61.702  9.035 0.2000000030
21917  39.649  -65.708  7.813 0.1000000015
22865  39.503  -65.012  7.994 0.1000000015
23853  39.144  -64.256  8.372 0.1000000015
24873  38.723  -63.667  8.620 0.1000000015
25910  37.885  -62.448  8.520 0.2000000030
23852  39.956  -64.250  8.154 0.2000000030
24872  39.525  -63.559  8.315 0.1000000015
25908  39.387  -63.091  8.274 0.2000000030
25937  37.927  -62.620  7.669 0.2000000030
27065  37.246  -61.937  8.376 0.2000000030
27066  36.500  -61.384  8.393 0.2000000030
24871  39.937  -63.772  8.261 0.2000000030
24895  39.837  -63.136  7.990 0.2000000030
24897  38.724  -62.981  7.490 0.3000000119
25966  37.399  -62.951  7.002 0.3000000119
25967  36.402  -62.637  6.464 0.4000000060
24917  37.430  -63.232  6.303 0.5000000000
22971  38.673  -65.209  1.192 0.5000000000
22021  38.930  -66.138  0.134 0.5000000000
22988  38.495  -65.603  0.556 0.5000000000
22972  38.146  -65.290  0.927 0.5000000000
22020  39.790  -66.222  0.254 0.5000000000
22987  39.300  -65.615  0.716 0.5000000000
24971  37.823  -63.621  3.435 0.5000000000
22038  42.168  -66.743  -0.263 0.5000000000
22019  40.714  -66.206  0.260 0.5000000000
23997  37.719  -64.771  1.454 0.5000000000
21148  44.682  -67.342  -0.580 0.5000000000
22037  43.200  -66.632  -0.284 0.5000000000
22018  41.676  -66.129  0.238 0.5000000000
20274  47.279  -67.946  -1.100 0.4000000060
18240  38.878  -70.311  11.629 0.1000000015
18257  38.553  -70.410  10.806 0.1000000015
19192  37.903  -69.148  10.396 0.1000000015
19177  37.829  -68.988  11.074 0.1000000015
20995  37.423  -67.923  11.435 0.1000000015
19191  38.293  -69.897  10.148 0.1000000015
21890  37.004  -66.239  9.347 0.1000000015
22849  37.100  -65.175  9.096 0.1000000015
24855  36.867  -63.587  9.561 0.1000000015
23833  38.081  -63.825  8.929 0.1000000015
25887  37.027  -62.577  9.383 0.2000000030
24853  38.310  -63.261  8.863 0.1000000015
25886  38.076  -62.874  8.964 0.2000000030
25938  37.146  -62.510  7.390 0.3000000119
27084  36.704  -61.976  7.632 0.3000000119
27085  35.993  -61.379  7.619 0.2000000030
27109  36.114  -61.964  7.170 0.2000000030
25968  35.630  -62.072  6.074 0.3000000119
25988  35.750  -62.161  5.314 0.4000000060
22990  37.064  -65.276  0.212 0.5000000000
24008  36.512  -64.642  0.438 0.5000000000
23998  36.906  -64.508  1.154 0.5000000000
25987  36.459  -62.704  4.903 0.5000000000
26080  35.659  -62.490  -0.107 0.5000000000
25008  35.987  -63.043  1.022 0.5000000000
25006  37.003  -64.237  1.603 0.6000000238
26008  36.642  -62.483  3.883 0.5000000000
26075  35.884  -62.458  0.757 0.5000000000
26062  36.099  -62.575  1.534 0.5000000000
25007  36.407  -63.645  1.350 0.6000000238
24983  37.224  -63.807  2.285 0.5000000000
19405  49.918  -69.129  -0.955 0.4000000060
19407  48.683  -68.656  -1.383 0.4000000060
21145  47.868  -67.009  -1.082 0.4000000060
22808  36.429  -66.044  12.968 0.1000000015
21850  37.258  -67.244  11.958 0.1000000015
22826  36.263  -65.730  11.655 0.1000000015
20997  37.287  -67.772  10.433 0.1000000015
21867  36.792  -66.675  11.333 0.1000000015
21878  36.541  -66.102  10.457 0.1000000015
22838  36.208  -65.229  10.414 0.1000000015
22850  36.601  -64.744  9.646 0.1000000015
25888  36.314  -61.824  9.547 0.2000000030
27047  36.183  -61.099  9.227 0.2000000030
32303  39.165  -56.411  2.311 0.2000000030
28216  35.407  -60.764  7.263 0.2000000030
32318  39.271  -56.774  1.642 0.2000000030
31367  37.868  -56.845  1.461 0.2000000030
31349  36.838  -57.103  2.229 0.2000000030
30378  36.262  -58.031  2.729 0.2000000030
27110  35.590  -61.625  6.710 0.2000000030
31392  38.899  -57.028  0.765 0.2000000030
31368  36.919  -57.803  1.096 0.2000000030
30394  36.429  -58.265  1.911 0.2000000030
29383  36.132  -58.871  2.551 0.3000000119
28286  35.793  -60.317  3.185 0.4000000060
30434  36.551  -58.621  0.373 0.2000000030
30413  36.384  -58.669  1.167 0.3000000119
29405  36.161  -59.205  1.715 0.4000000060
29384  35.933  -59.867  2.404 0.3000000119
27148  35.545  -61.320  4.635 0.4000000060
26009  36.054  -62.041  4.267 0.5000000000
28340  35.841  -60.839  -0.189 0.5000000000
28339  36.046  -60.089  0.165 0.4000000060
28329  35.954  -60.045  0.585 0.4000000060
29426  35.877  -59.996  1.014 0.4000000060
28314  35.897  -60.703  1.840 0.4000000060
27176  36.052  -61.511  2.334 0.5000000000
28296  35.854  -60.756  2.632 0.5000000000
27203  35.767  -61.599  0.357 0.5000000000
27192  35.954  -61.617  1.369 0.5000000000
26040  36.130  -61.996  1.886 0.5000000000
26061  36.312  -62.904  1.910 0.5000000000
24984  36.587  -63.030  2.376 0.5000000000
24972  37.028  -63.024  3.206 0.5000000000
22786  36.007  -65.793  13.741 0.1000000015
22785  36.587  -66.249  13.799 0.1000000015
22809  35.758  -65.337  12.744 0.1000000015
23793  35.155  -64.364  12.467 0.1000000015
22827  35.660  -64.923  11.827 0.1000000015
23810  35.476  -64.129  11.241 0.1000000015
24808  34.985  -63.544  11.761 0.1000000015
23823  35.668  -63.694  10.649 0.1000000015
24829  35.352  -63.146  10.918 0.1000000015
23822  36.119  -64.114  10.214 0.1000000015
25867  35.924  -62.513  10.088 0.2000000030
27031  35.561  -61.299  10.094 0.2000000030
28195  35.749  -60.497  8.343 0.2000000030
32304  38.174  -56.269  2.240 0.2000000030
31348  37.507  -56.556  2.066 0.2000000030
28235  35.014  -60.628  6.315 0.2000000030
33236  40.085  -56.194  3.514 0.1000000015
32284  38.855  -56.004  2.885 0.1000000015
32305  37.419  -56.381  2.530 0.1000000015
31332  36.246  -57.244  3.208 0.1000000015
29368  36.061  -58.583  3.053 0.1000000015
29369  35.753  -59.250  3.432 0.2000000030
27130  35.338  -61.416  5.702 0.3000000119
30379  35.879  -58.142  3.419 0.1000000015
27175  36.231  -61.870  2.870 0.5000000000
27163  36.240  -61.894  3.232 0.5000000000
27164  35.914  -61.357  3.412 0.5000000000
26027  36.264  -62.028  3.570 0.5000000000
26039  36.282  -62.317  2.291 0.5000000000
26026  36.512  -62.350  3.062 0.5000000000
23769  34.596  -63.888  13.403 0.1000000015
23794  34.642  -63.554  12.517 0.1000000015
24784  34.272  -62.841  13.016 0.1000000015
25854  34.876  -62.334  11.275 0.1000000015
25837  34.313  -62.109  12.242 0.1000000015
27032  34.978  -61.492  10.812 0.2000000030
28172  35.477  -60.439  9.615 0.2000000030
29251  35.324  -59.652  8.955 0.2000000030
29268  35.220  -59.695  8.168 0.2000000030
29290  35.195  -60.039  7.496 0.2000000030
29311  35.062  -60.308  6.947 0.2000000030
33237  39.469  -55.854  3.478 0.1000000015
33238  38.551  -55.565  3.473 0.1000000015
32286  36.866  -56.271  3.243 0.1000000015
29334  34.732  -59.801  5.686 0.1000000015
28255  34.819  -60.276  5.819 0.2000000030
28236  34.782  -60.125  6.115 0.2000000030
31333  35.652  -57.359  3.983 0.1000000015
30361  35.343  -58.383  4.200 0.1000000015
28273  35.524  -60.355  4.058 0.2000000030
28254  34.994  -60.427  5.190 0.2000000030
24762  34.471  -63.274  15.159 0.1000000015
24771  34.300  -63.121  14.137 0.1000000015
26956  34.708  -61.430  15.422 0.1000000015
25808  34.156  -62.116  13.836 0.1000000015
26970  34.348  -61.243  14.475 0.1000000015
26982  34.079  -61.233  13.445 0.1000000015
26999  34.096  -61.175  12.671 0.1000000015
25821  34.130  -61.905  13.045 0.1000000015
27015  34.472  -61.333  11.564 0.1000000015
28154  34.784  -60.436  10.584 0.1000000015
29237  34.494  -59.048  10.286 0.1000000015
28173  34.956  -59.719  9.738 0.1000000015
29291  34.862  -59.254  7.572 0.2000000030
30323  34.621  -58.600  6.824 0.1000000015
29312  34.788  -59.722  6.613 0.2000000030
34182  40.743  -54.848  4.324 0.1000000015
33221  38.239  -55.034  4.103 0.1000000015
32267  36.292  -56.001  3.961 0.1000000015
30339  34.609  -58.858  5.809 0.2000000030
33222  37.308  -55.127  4.380 0.1000000015
33240  36.879  -55.670  3.968 0.1000000015
32287  36.069  -56.609  3.726 0.1000000015
29356  34.740  -59.310  5.194 0.2000000030
28091  34.698  -60.390  14.704 0.1000000015
30219  34.706  -58.929  13.757 0.1000000015
29198  34.368  -59.554  13.426 0.1000000015
28134  34.221  -60.362  11.938 0.1000000015
29224  34.269  -59.363  11.420 0.1000000015
30289  34.557  -58.269  9.608 0.1000000015
29252  34.778  -59.026  9.285 0.2000000030
31279  34.609  -57.742  8.373 0.1000000015
30297  34.666  -58.339  8.764 0.1000000015
29269  34.877  -59.066  8.430 0.2000000030
31289  34.628  -57.511  7.816 0.1000000015
30310  34.640  -58.319  7.836 0.2000000030
34165  37.754  -53.886  5.489 0.1000000015
34186  36.921  -54.796  5.085 0.1000000015
34167  36.479  -54.796  5.692 0.1000000015
33203  35.721  -55.591  5.764 0.1000000015
32246  34.805  -56.976  6.519 0.1000000015
32252  34.891  -57.070  5.996 0.1000000015
31295  34.587  -57.662  7.070 0.1000000015
34183  39.828  -54.754  4.344 0.1000000015
34184  38.903  -54.535  4.448 0.1000000015
34187  36.482  -55.094  5.214 0.1000000015
33224  35.727  -55.760  5.191 0.1000000015
31316  35.027  -57.498  5.030 0.1000000015
31301  34.669  -57.732  6.027 0.1000000015
33223  36.378  -55.462  4.678 0.1000000015
32268  35.638  -56.374  4.545 0.1000000015
30362  34.815  -58.608  4.977 0.1000000015
30237  34.516  -58.600  13.064 0.1000000015
30254  34.316  -58.529  12.140 0.1000000015
30266  34.272  -58.324  11.166 0.1000000015
30278  34.389  -58.112  10.356 0.1000000015
31269  34.603  -57.592  9.074 0.1000000015
35143  37.407  -53.344  7.340 0.1000000015
35144  36.745  -53.763  7.559 0.1000000015
34150  35.723  -54.821  7.654 0.1000000015
33179  35.396  -55.413  8.277 0.1000000015
32231  34.696  -56.950  8.394 0.1000000015
36206  38.612  -52.870  6.343 0.1000000015
35142  38.051  -52.974  6.897 0.1000000015
34158  36.260  -54.427  6.722 0.1000000015
33186  35.434  -55.520  7.367 0.1000000015
32239  34.751  -56.895  7.421 0.1000000015
36218  38.482  -53.116  5.908 0.1000000015
35169  37.706  -53.605  5.833 0.1000000015
34157  36.869  -53.897  6.437 0.1000000015
33194  35.612  -55.458  6.498 0.1000000015
32245  35.156  -56.246  6.904 0.1000000015
32187  34.789  -56.757  11.282 0.1000000015
33151  35.724  -55.362  10.491 0.1000000015
32217  35.007  -55.982  9.882 0.1000000015
34123  36.194  -54.617  9.709 0.1000000015
32218  34.696  -56.781  9.410 0.1000000015
36186  38.870  -52.677  7.111 0.1000000015
35126  36.733  -53.813  8.281 0.1000000015
34138  36.500  -54.136  8.847 0.1000000015
33165  35.455  -55.293  9.316 0.1000000015
32230  34.989  -56.067  8.850 0.1000000015
34149  36.255  -54.229  7.949 0.1000000015
24915  39.263  -63.277  7.004 0.4000000060
22867  37.846  -64.727  8.758 0.1000000015
19176  38.248  -69.527  11.317 0.1000000015
21007  37.382  -67.298  9.435 0.1000000015
27064  37.654  -62.241  8.126 0.3000000119
25909  38.756  -62.993  8.552 0.2000000030
25936  38.701  -62.726  8.028 0.2000000030
27083  37.378  -62.201  7.854 0.3000000119
24007  37.171  -64.950  0.748 0.5000000000
20107  37.918  -68.617  11.701 0.1000000015
21866  37.088  -67.333  11.116 0.1000000015
21891  36.576  -65.532  9.730 0.1000000015
21877  36.925  -66.944  10.344 0.1000000015
23835  36.714  -64.166  9.629 0.1000000015
23834  37.333  -64.220  9.180 0.1000000015
24854  37.655  -63.367  9.194 0.1000000015
25866  36.438  -62.728  9.756 0.1000000015
24009  35.949  -64.241  0.109 0.5000000000
25017  35.846  -63.422  0.322 0.5000000000
25021  35.690  -63.192  -0.585 0.5000000000
21851  36.884  -66.568  12.395 0.1000000015
23809  35.828  -64.888  11.031 0.1000000015
24842  36.374  -63.134  9.877 0.1000000015
32319  38.631  -56.496  1.766 0.2000000030
31366  38.661  -56.720  1.385 0.2000000030
31393  37.674  -57.416  0.461 0.2000000030
29425  36.087  -59.589  0.779 0.4000000060
31394  37.001  -57.965  0.172 0.2000000030
29406  35.910  -59.964  1.438 0.4000000060
29440  36.383  -59.391  -0.239 0.5000000000
28330  35.837  -60.487  0.823 0.5000000000
23768  35.272  -64.929  13.800 0.1000000015
24809  34.517  -62.952  11.988 0.1000000015
24830  34.902  -63.011  11.469 0.1000000015
24843  35.880  -63.324  10.340 0.1000000015
25868  35.321  -62.034  10.582 0.2000000030
28153  35.300  -60.704  10.118 0.2000000030
32285  37.887  -55.924  2.957 0.1000000015
23753  34.641  -64.138  14.531 0.1000000015
33219  40.258  -55.769  4.046 0.1000000015
33220  39.217  -55.245  3.959 0.1000000015
33239  37.600  -55.551  3.647 0.1000000015
29333  34.820  -59.772  5.118 0.2000000030
29355  35.087  -59.455  4.545 0.1000000015
25795  34.352  -62.278  14.812 0.1000000015
28078  34.692  -60.832  15.079 0.1000000015
28104  34.276  -60.450  13.828 0.1000000015
27000  34.032  -61.117  13.051 0.1000000015
28117  34.077  -60.379  12.978 0.1000000015
29184  34.770  -59.593  14.286 0.1000000015
29210  34.212  -59.453  12.504 0.1000000015
34166  37.116  -54.111  5.788 0.1000000015
35168  38.347  -53.543  5.496 0.1000000015
35186  38.771  -53.955  4.927 0.1000000015
34185  37.901  -54.347  4.929 0.1000000015
33193  36.036  -55.111  6.011 0.1000000015
32251  35.226  -56.432  5.774 0.1000000015
31317  34.731  -58.169  5.440 0.1000000015
30236  34.934  -58.357  13.609 0.1000000015
31217  34.553  -58.022  12.614 0.1000000015
31235  35.062  -57.158  12.375 0.1000000015
31236  34.568  -57.521  11.979 0.1000000015
31250  34.439  -57.456  10.848 0.1000000015
32202  34.714  -56.734  10.362 0.1000000015
31260  34.522  -57.481  9.935 0.1000000015
35158  36.879  -53.724  6.887 0.1000000015
35125  37.299  -53.465  8.184 0.1000000015
34139  35.835  -54.676  8.634 0.1000000015
32238  35.069  -56.182  7.864 0.1000000015
35156  38.066  -53.202  6.122 0.1000000015
32201  35.147  -56.105  10.805 0.1000000015
35124  38.315  -53.039  8.047 0.1000000015
36162  39.297  -52.786  7.803 0.1000000015
35102  37.061  -53.742  8.801 0.1000000015
21927  44.093  -66.792  6.477 0.1000000015
22883  44.640  -66.291  5.969 0.1000000015
22896  44.132  -65.474  5.738 0.1000000015
22897  43.431  -65.348  6.019 0.1000000015
23876  42.449  -64.833  6.101 0.1000000015
21928  43.142  -66.346  6.592 0.1000000015
21926  44.910  -67.296  6.163 0.2000000030
22895  45.199  -65.704  5.294 0.2000000030
22913  45.849  -65.724  4.956 0.2000000030
23889  45.038  -65.187  4.832 0.2000000030
23891  43.273  -64.853  5.615 0.2000000030
23890  44.419  -65.035  5.119 0.2000000030
23918  42.835  -64.450  4.778 0.2000000030
23892  42.169  -64.590  5.693 0.3000000119
23916  44.866  -64.770  4.474 0.2000000030
23917  43.902  -64.609  4.611 0.2000000030
23936  46.382  -65.187  3.781 0.2000000030
23937  45.523  -64.578  3.813 0.2000000030
22005  46.756  -66.640  1.921 0.1000000015
22912  46.244  -65.786  4.573 0.2000000030
23915  45.698  -65.244  4.539 0.2000000030
21969  46.797  -66.083  3.216 0.1000000015
22927  46.546  -66.040  3.949 0.1000000015
23938  44.513  -64.434  3.784 0.2000000030
23939  43.460  -64.446  3.826 0.2000000030
21988  46.404  -66.478  2.732 0.1000000015
22926  46.843  -65.456  3.354 0.2000000030
23935  46.783  -65.142  3.349 0.2000000030
22004  47.585  -66.333  1.753 0.1000000015
22003  48.377  -65.951  1.496 0.2000000030
21987  47.147  -66.134  2.469 0.1000000015
21986  47.647  -65.608  2.018 0.1000000015
23960  46.195  -64.443  2.998 0.2000000030
23963  43.007  -64.537  2.948 0.4000000060
22943  47.209  -65.507  2.754 0.1000000015
23961  45.158  -64.310  2.935 0.3000000119
23959  47.023  -64.884  2.861 0.2000000030
23989  46.833  -64.403  2.187 0.4000000060
23964  41.895  -64.667  2.830 0.4000000060
23965  40.786  -64.726  2.956 0.4000000060
24005  45.423  -64.590  1.396 0.4000000060
23990  45.832  -64.276  2.127 0.3000000119
31330  41.796  -57.492  3.541 0.1000000015
32301  40.707  -57.256  2.923 0.1000000015
23992  43.553  -64.529  2.140 0.4000000060
23994  41.951  -64.880  1.966 0.5000000000
24006  44.904  -64.637  1.421 0.4000000060
23991  44.669  -64.447  1.900 0.4000000060
22965  43.842  -64.833  1.538 0.4000000060
31331  41.128  -57.480  3.110 0.1000000015
30393  42.383  -58.041  3.133 0.1000000015
32302  40.103  -56.986  2.452 0.1000000015
22944  41.217  -65.061  2.167 0.4000000060
22945  40.309  -65.086  2.247 0.5000000000
31347  40.381  -57.469  1.956 0.1000000015
32317  39.842  -57.188  1.646 0.1000000015
31389  41.501  -58.278  1.610 0.1000000015
31364  40.905  -57.828  1.744 0.1000000015
21039  44.285  -67.863  6.765 0.1000000015
22884  43.706  -65.882  6.250 0.1000000015
22885  42.631  -65.294  6.470 0.1000000015
21914  42.631  -66.947  6.929 0.1000000015
32340  39.434  -57.016  1.286 0.1000000015
23940  42.377  -64.466  3.864 0.3000000119
23962  44.073  -64.448  2.922 0.3000000119
23993  42.654  -64.676  2.127 0.4000000060
31345  41.631  -57.895  2.825 0.1000000015
31365  40.294  -57.505  1.307 0.1000000015
21027  43.271  -67.973  7.263 0.1000000015
16557  33.023  -72.185  2.130 0.1000000015
16581  33.783  -72.689  1.699 0.1000000015
14921  37.189  -74.309  0.798 0.1000000015
16582  32.830  -73.136  1.892 0.1000000015
15763  36.695  -73.786  0.914 0.1000000015
17417  32.395  -71.560  2.922 0.1000000015
17418  31.778  -72.281  3.079 0.1000000015
16531  30.429  -72.645  4.663 0.1000000015
15747  32.069  -73.805  2.216 0.1000000015
8428  28.676  -82.784  18.308 0.1000000015
15654  27.166  -73.461  10.394 0.1000000015
16495  27.885  -72.912  8.625 0.1000000015
17438  35.557  -71.767  1.575 0.1000000015
16506  28.617  -72.844  7.954 0.1000000015
16580  34.933  -72.669  1.440 0.1000000015
16518  30.136  -72.516  6.343 0.1000000015
16579  36.071  -72.702  1.242 0.1000000015
15713  30.357  -73.270  5.566 0.1000000015
16600  37.450  -73.377  0.733 0.1000000015
8427  29.015  -83.860  18.069 0.1000000015
9210  28.531  -81.659  17.601 0.1000000015
9975  28.610  -81.084  17.122 0.1000000015
6936  29.415  -85.351  17.779 0.1000000015
7680  28.999  -84.815  18.294 0.1000000015
8447  28.909  -82.347  17.608 0.1000000015
10784  28.354  -79.755  15.886 0.1000000015
13199  27.293  -76.626  13.460 0.1000000015
14785  27.646  -74.229  11.923 0.1000000015
17439  34.406  -71.571  1.854 0.1000000015
17416  33.441  -71.316  2.332 0.1000000015
17400  31.423  -71.439  3.682 0.1000000015
17437  36.588  -71.704  1.276 0.1000000015
16598  39.183  -72.686  0.544 0.1000000015
15784  38.897  -73.690  0.594 0.1000000015
9209  29.051  -82.008  17.210 0.1000000015
9996  29.201  -81.070  16.276 0.1000000015
6957  29.702  -85.273  16.748 0.1000000015
7700  29.307  -84.447  17.448 0.1000000015
8446  29.327  -83.023  17.307 0.1000000015
10019  29.424  -80.823  15.880 0.1000000015
10020  28.953  -80.237  15.952 0.1000000015
11550  29.238  -79.283  15.415 0.1000000015
12367  29.055  -77.797  14.685 0.1000000015
12368  28.089  -77.638  14.642 0.1000000015
12386  28.541  -77.052  14.101 0.1000000015
13198  28.021  -76.406  13.507 0.1000000015
13981  28.593  -74.988  12.815 0.1000000015
14773  28.198  -74.563  12.449 0.1000000015
16458  27.703  -72.831  10.594 0.1000000015
18324  30.276  -70.758  6.474 0.1000000015
18385  35.283  -71.030  1.911 0.1000000015
18363  32.962  -70.809  2.890 0.1000000015
17399  32.020  -71.201  3.361 0.1000000015
18330  30.433  -70.859  5.542 0.1000000015
17381  30.271  -71.738  5.625 0.1000000015
17436  37.756  -71.723  0.872 0.1000000015
16578  37.152  -72.599  0.849 0.1000000015
10805  30.501  -80.021  15.221 0.1000000015
6956  29.981  -85.650  16.505 0.1000000015
7739  29.861  -84.709  16.204 0.1000000015
7721  29.641  -84.065  16.657 0.1000000015
8467  29.868  -83.027  16.367 0.1000000015
9253  29.987  -81.793  15.798 0.1000000015
10018  30.207  -80.954  15.471 0.1000000015
10806  29.810  -79.744  15.368 0.1000000015
12366  30.056  -77.884  14.584 0.1000000015
12385  29.502  -77.027  14.196 0.1000000015
14756  30.181  -74.748  13.175 0.1000000015
6976  29.868  -85.201  16.308 0.1000000015
7738  30.288  -84.255  15.767 0.1000000015
7720  29.978  -83.730  16.096 0.1000000015
8485  30.295  -82.972  15.791 0.1000000015
9252  30.729  -81.878  15.352 0.1000000015
13197  28.973  -76.312  13.620 0.1000000015
13968  29.420  -75.303  13.221 0.1000000015
14784  28.403  -74.033  12.207 0.1000000015
16456  29.076  -72.430  11.612 0.1000000015
16457  28.310  -72.479  11.058 0.1000000015
17305  29.075  -71.553  10.840 0.1000000015
17306  28.462  -72.009  10.577 0.1000000015
18290  29.531  -70.867  8.666 0.1000000015
17317  29.020  -71.254  9.769 0.1000000015
19293  30.976  -70.013  5.597 0.1000000015
18304  30.100  -70.580  7.402 0.1000000015
17333  29.113  -71.266  8.980 0.1000000015
18362  33.744  -70.458  2.708 0.1000000015
18336  31.751  -70.393  4.122 0.1000000015
19308  31.092  -70.235  4.908 0.1000000015
18384  36.079  -70.976  1.751 0.1000000015
18383  37.026  -70.588  1.612 0.1000000015
17454  38.566  -72.000  0.676 0.1000000015
17452  40.545  -71.820  0.581 0.1000000015
17453  39.590  -71.646  0.664 0.1000000015
11565  30.873  -78.752  14.747 0.1000000015
6975  30.213  -85.413  16.112 0.1000000015
6974  30.874  -84.832  15.459 0.1000000015
7737  30.856  -83.665  15.387 0.1000000015
8508  31.342  -82.964  15.133 0.1000000015
10045  30.749  -81.000  15.224 0.1000000015
12384  30.457  -77.028  14.202 0.1000000015
13967  30.479  -75.432  13.434 0.1000000015
14770  30.415  -74.216  12.953 0.1000000015
14771  29.699  -74.343  12.776 0.1000000015
15632  29.345  -73.545  12.288 0.1000000015
16445  29.823  -72.553  12.141 0.1000000015
17292  30.456  -71.397  11.963 0.1000000015
17304  29.881  -71.259  11.318 0.1000000015
19230  31.152  -69.474  8.483 0.1000000015
19197  30.528  -69.966  9.971 0.1000000015
19336  34.426  -69.808  3.013 0.1000000015
19321  34.125  -69.481  3.856 0.1000000015
19337  33.678  -69.913  3.313 0.1000000015
19306  32.642  -69.761  4.842 0.1000000015
19274  31.418  -69.623  6.578 0.1000000015
19249  30.766  -69.722  7.507 0.1000000015
19335  35.397  -69.753  2.717 0.1000000015
19307  31.675  -70.059  4.796 0.1000000015
18360  35.708  -70.395  2.154 0.1000000015
19334  36.508  -69.788  2.356 0.1000000015
17435  38.739  -71.229  0.900 0.1000000015
18396  41.412  -71.061  0.877 0.1000000015
6322  31.709  -85.809  15.081 0.1000000015
6306  31.190  -85.981  15.636 0.1000000015
8507  32.086  -83.004  14.835 0.1000000015
6999  31.442  -85.222  15.180 0.1000000015
7761  31.557  -84.142  15.023 0.1000000015
9251  31.127  -82.360  15.214 0.1000000015
10043  32.067  -80.799  14.778 0.1000000015
10804  31.532  -79.804  14.881 0.1000000015
12365  30.882  -77.758  14.436 0.1000000015
12383  31.396  -77.151  14.120 0.1000000015
12364  31.628  -78.036  14.349 0.1000000015
13966  31.435  -75.466  13.453 0.1000000015
15614  31.398  -73.563  13.135 0.1000000015
15631  30.417  -73.443  12.694 0.1000000015
16444  30.771  -72.355  12.576 0.1000000015
15630  31.027  -72.937  12.896 0.1000000015
18231  31.259  -70.672  12.003 0.1000000015
18245  31.122  -70.250  11.347 0.1000000015
18260  30.808  -70.164  10.864 0.1000000015
19248  31.816  -69.413  7.544 0.1000000015
19214  30.719  -69.743  9.407 0.1000000015
19320  35.117  -69.322  3.601 0.1000000015
19305  33.699  -69.514  4.782 0.1000000015
19319  36.078  -69.176  3.263 0.1000000015
19356  37.803  -69.982  1.921 0.1000000015
18382  38.169  -70.632  1.339 0.1000000015
18381  39.086  -70.565  1.268 0.1000000015
18380  40.013  -70.727  1.055 0.1000000015
10803  32.505  -79.691  14.585 0.1000000015
10802  33.566  -79.559  14.383 0.1000000015
6321  32.260  -85.938  14.806 0.1000000015
6998  31.985  -85.098  14.798 0.1000000015
7760  32.483  -84.114  14.695 0.1000000015
8506  33.136  -83.059  14.724 0.1000000015
9274  31.519  -81.878  14.994 0.1000000015
11563  32.824  -78.482  14.228 0.1000000015
11578  32.805  -77.967  14.045 0.1000000015
12382  32.472  -77.541  13.970 0.1000000015
13965  32.399  -75.515  13.452 0.1000000015
15613  32.410  -73.687  13.486 0.1000000015
13194  31.918  -76.414  13.661 0.1000000015
16443  31.625  -72.411  13.001 0.1000000015
18230  32.162  -70.654  12.247 0.1000000015
18244  31.911  -70.088  11.578 0.1000000015
19195  32.071  -69.413  10.205 0.1000000015
19247  32.922  -69.578  7.654 0.1000000015
19213  31.631  -69.420  9.386 0.1000000015
19290  34.362  -69.708  5.644 0.1000000015
19291  33.180  -69.693  5.731 0.1000000015
19273  32.534  -69.607  6.658 0.1000000015
19304  34.962  -69.193  4.717 0.1000000015
19333  37.461  -69.485  2.439 0.1000000015
9272  33.767  -81.910  14.681 0.1000000015
7759  33.492  -84.217  14.610 0.1000000015
8505  34.433  -83.252  14.591 0.1000000015
10041  34.278  -80.710  14.521 0.1000000015
10042  33.125  -80.745  14.626 0.1000000015
11562  33.950  -78.270  14.011 0.1000000015
6320  33.057  -86.112  14.679 0.1000000015
6996  33.754  -85.268  14.530 0.1000000015
9273  32.600  -81.890  14.734 0.1000000015
11577  33.103  -77.903  13.963 0.1000000015
12381  33.448  -77.272  13.749 0.1000000015
13964  33.389  -75.505  13.677 0.1000000015
13193  32.875  -76.456  13.559 0.1000000015
15612  33.256  -73.719  13.927 0.1000000015
16427  32.126  -72.919  13.377 0.1000000015
17276  32.969  -71.862  13.368 0.1000000015
18243  32.885  -70.055  11.628 0.1000000015
19179  32.503  -69.623  10.930 0.1000000015
19228  33.227  -69.502  8.565 0.1000000015
20219  36.723  -68.722  3.911 0.1000000015
20218  37.634  -68.527  3.697 0.1000000015
10801  34.717  -79.541  14.353 0.1000000015
12380  34.070  -76.852  13.815 0.1000000015
13181  34.526  -76.389  14.218 0.1000000015
13963  33.781  -75.913  13.825 0.1000000015
14741  34.113  -74.641  14.222 0.1000000015
16425  34.115  -72.853  14.163 0.1000000015
18228  34.133  -70.682  12.435 0.1000000015
18229  33.184  -70.620  12.357 0.1000000015
19210  34.159  -69.977  9.426 0.1000000015
19246  33.766  -69.913  7.920 0.1000000015
19227  34.034  -69.922  8.674 0.1000000015
19271  35.031  -70.252  6.274 0.1000000015
19272  33.881  -70.122  6.832 0.1000000015
19289  35.503  -69.518  5.613 0.1000000015
20199  36.472  -68.683  4.744 0.1000000015
20217  38.512  -68.369  3.485 0.1000000015
21112  41.049  -67.829  2.907 0.1000000015
9271  35.010  -81.901  14.499 0.1000000015
11561  35.180  -78.504  14.261 0.1000000015
12361  34.701  -77.388  14.093 0.1000000015
8504  35.812  -83.037  14.404 0.1000000015
13955  34.151  -75.530  14.143 0.1000000015
17275  33.764  -71.880  13.566 0.1000000015
17288  34.403  -71.215  12.980 0.1000000015
18241  34.873  -70.580  11.915 0.1000000015
18322  34.858  -70.830  6.947 0.1000000015
19226  34.389  -70.252  8.947 0.1000000015
18323  34.440  -70.512  7.239 0.1000000015
20182  36.136  -68.985  5.331 0.1000000015
20198  37.412  -68.399  4.614 0.1000000015
20197  38.296  -68.133  4.320 0.1000000015
21094  40.861  -67.530  3.754 0.1000000015
21991  43.425  -66.740  2.944 0.1000000015
9270  36.258  -81.859  14.402 0.1000000015
10800  35.866  -79.615  14.357 0.1000000015
13179  36.014  -77.027  14.948 0.1000000015
13180  35.377  -76.607  14.645 0.1000000015
14740  34.791  -74.761  14.590 0.1000000015
15597  34.573  -74.002  14.393 0.1000000015
16407  34.904  -73.326  14.308 0.1000000015
17287  35.421  -71.259  12.447 0.1000000015
18272  35.012  -70.729  10.004 0.1000000015
18273  34.709  -70.562  9.290 0.1000000015
19265  41.982  -70.319  6.397 0.1000000015
19266  40.819  -70.226  6.464 0.1000000015
19267  39.576  -70.071  6.533 0.1000000015
19268  38.232  -69.898  6.434 0.1000000015
19269  37.078  -70.110  6.360 0.1000000015
17374  35.143  -71.191  7.422 0.1000000015
18287  34.626  -70.561  8.401 0.1000000015
20163  41.398  -69.419  6.245 0.1000000015
20164  40.204  -69.243  6.306 0.1000000015
20165  38.992  -69.030  6.298 0.1000000015
18321  35.706  -70.969  6.599 0.1000000015
20162  42.527  -69.574  6.179 0.1000000015
20177  42.006  -68.725  5.883 0.1000000015
20179  39.655  -68.453  5.813 0.1000000015
20166  37.995  -68.959  6.085 0.1000000015
19288  36.515  -69.421  5.926 0.1000000015
20176  43.272  -68.965  5.878 0.1000000015
21049  43.830  -68.289  5.394 0.1000000015
21051  41.362  -67.901  5.423 0.1000000015
20180  38.432  -68.316  5.404 0.1000000015
21071  41.913  -67.260  4.602 0.1000000015
21074  38.933  -67.911  4.747 0.1000000015
21952  44.803  -67.289  4.361 0.1000000015
21974  42.365  -66.906  3.889 0.1000000015
21972  44.167  -66.806  3.728 0.1000000015
10039  36.641  -80.736  14.345 0.1000000015
10799  36.984  -79.652  14.600 0.1000000015
11560  36.230  -78.605  14.553 0.1000000015
12359  36.490  -77.700  14.963 0.1000000015
13167  36.040  -76.370  15.122 0.1000000015
13940  35.772  -75.750  15.075 0.1000000015
14739  35.838  -74.824  14.987 0.1000000015
15596  35.386  -73.937  14.554 0.1000000015
16424  35.263  -72.584  13.980 0.1000000015
17316  35.534  -71.156  10.411 0.1000000015
16504  35.744  -72.042  7.772 0.1000000015
17346  35.116  -71.079  8.522 0.1000000015
18319  37.773  -70.987  6.528 0.1000000015
18320  36.683  -71.009  6.534 0.1000000015
17373  35.521  -71.450  7.071 0.1000000015
18317  40.252  -71.135  6.581 0.1000000015
20174  44.871  -68.847  6.054 0.1000000015
20175  44.270  -68.957  5.772 0.1000000015
10038  37.818  -80.787  14.557 0.1000000015
11559  37.229  -78.575  15.054 0.1000000015
12349  37.311  -77.550  15.306 0.1000000015
13938  37.387  -75.907  15.184 0.1000000015
13166  36.753  -76.710  15.252 0.1000000015
13939  36.570  -75.662  15.157 0.1000000015
14721  36.383  -75.132  15.077 0.1000000015
15595  36.513  -73.719  14.374 0.1000000015
17272  36.485  -72.440  13.082 0.1000000015
17302  36.181  -71.648  11.163 0.1000000015
17286  36.394  -71.981  12.343 0.1000000015
16491  36.188  -72.600  8.317 0.1000000015
16479  36.288  -72.584  9.219 0.1000000015
17315  35.988  -71.909  9.915 0.1000000015
17370  38.430  -72.004  6.524 0.1000000015
16517  36.486  -72.506  6.996 0.1000000015
17331  35.401  -71.408  9.155 0.1000000015
18315  42.556  -71.130  6.495 0.1000000015
17372  36.292  -71.867  6.856 0.1000000015
19264  42.993  -70.326  6.334 0.1000000015
11558  37.975  -78.681  15.310 0.1000000015
13165  37.767  -76.683  15.370 0.1000000015
13952  37.798  -75.262  14.813 0.1000000015
14738  37.010  -74.766  14.829 0.1000000015
15594  37.480  -73.963  14.120 0.1000000015
15611  37.138  -73.547  13.837 0.1000000015
16440  37.423  -73.203  12.726 0.1000000015
16441  36.985  -72.690  12.462 0.1000000015
15666  36.900  -73.322  9.423 0.1000000015
16467  36.652  -72.635  10.301 0.1000000015
15692  36.622  -73.085  7.746 0.1000000015
15679  36.755  -73.296  8.471 0.1000000015
16516  36.983  -72.639  6.744 0.1000000015
18316  41.464  -71.196  6.458 0.1000000015
19263  43.859  -70.143  6.289 0.1000000015
12348  38.146  -77.463  15.448 0.1000000015
13178  39.133  -75.947  14.746 0.1000000015
13937  38.295  -75.885  15.060 0.1000000015
13962  39.188  -75.197  13.674 0.1000000015
13951  38.729  -75.197  14.294 0.1000000015
14751  38.099  -74.153  13.575 0.1000000015
14737  38.123  -74.626  14.213 0.1000000015
15610  37.599  -73.586  13.262 0.1000000015
15629  37.940  -73.661  12.316 0.1000000015
16454  37.493  -73.260  11.672 0.1000000015
16466  37.185  -73.104  10.822 0.1000000015
16515  37.888  -72.878  6.549 0.1000000015
15705  37.403  -73.408  6.767 0.1000000015
17369  39.654  -72.096  6.547 0.1000000015
20159  44.709  -69.238  6.733 0.1000000015
21038  45.007  -68.306  6.436 0.1000000015
14749  39.221  -75.008  12.950 0.1000000015
14736  38.594  -74.800  13.989 0.1000000015
14769  38.854  -74.514  12.139 0.1000000015
15640  38.547  -74.362  11.655 0.1000000015
15628  38.408  -74.079  12.045 0.1000000015
15641  38.138  -74.070  11.415 0.1000000015
15653  37.135  -73.383  10.162 0.1000000015
18299  44.488  -70.393  6.956 0.1000000015
18314  43.435  -70.921  6.548 0.1000000015
16514  39.021  -73.046  6.449 0.1000000015
20146  44.642  -69.804  7.067 0.1000000015
14781  39.211  -75.149  11.671 0.1000000015
14793  38.467  -75.215  10.137 0.1000000015
14782  38.715  -74.861  11.130 0.1000000015
14818  38.492  -75.064  8.060 0.1000000015
14805  38.377  -75.150  9.073 0.1000000015
14783  38.150  -74.531  10.624 0.1000000015
14831  38.322  -74.788  7.194 0.1000000015
15665  37.447  -73.919  9.650 0.1000000015
15678  37.383  -73.919  8.732 0.1000000015
17365  43.632  -71.190  6.712 0.1000000015
17366  43.066  -71.723  6.752 0.1000000015
17367  42.076  -72.016  6.508 0.1000000015
17368  40.917  -72.137  6.514 0.1000000015
21026  44.106  -68.623  7.229 0.1000000015
14830  39.119  -75.209  7.017 0.1000000015
14806  37.822  -74.414  9.125 0.1000000015
14794  37.927  -74.559  9.870 0.1000000015
14844  38.717  -74.795  6.717 0.1000000015
14832  38.056  -74.606  7.728 0.1000000015
16512  41.539  -72.969  6.753 0.1000000015
15703  39.562  -73.931  6.538 0.1000000015
15690  37.913  -74.424  6.935 0.1000000015
16513  40.239  -73.078  6.540 0.1000000015
15704  38.321  -74.092  6.581 0.1000000015
13996  26.802  -75.369  11.920 0.1000000015
15644  27.668  -73.314  11.230 0.1000000015
17318  28.463  -71.773  10.044 0.1000000015
16469  27.569  -72.797  9.861 0.1000000015
17334  28.559  -71.741  9.193 0.1000000015
15765  34.378  -73.683  1.458 0.1000000015
16493  29.018  -71.952  8.123 0.1000000015
17388  30.593  -71.524  4.635 0.1000000015
17376  29.869  -72.011  7.044 0.1000000015
17401  30.768  -72.227  4.013 0.1000000015
15729  31.028  -73.579  3.433 0.1000000015
16525  30.280  -72.335  5.347 0.1000000015
7682  28.324  -83.266  19.249 0.1000000015
15667  27.196  -73.428  9.397 0.1000000015
14795  27.073  -73.927  11.182 0.1000000015
16519  29.775  -72.599  7.076 0.1000000015
10783  29.264  -79.767  15.572 0.1000000015
13969  28.393  -75.701  13.171 0.1000000015
13982  27.565  -75.376  12.595 0.1000000015
17415  34.059  -70.936  2.258 0.1000000015
17387  31.005  -71.202  4.196 0.1000000015
9231  29.422  -81.771  16.496 0.1000000015
8486  29.915  -82.382  16.093 0.1000000015
10782  29.839  -80.261  15.470 0.1000000015
11567  28.530  -78.386  15.164 0.1000000015
11566  29.593  -78.949  15.192 0.1000000015
13980  29.150  -74.734  12.829 0.1000000015
15643  28.544  -73.337  11.834 0.1000000015
19294  30.551  -70.396  6.042 0.1000000015
18305  29.638  -70.841  8.108 0.1000000015
18361  34.701  -70.521  2.320 0.1000000015
19323  32.250  -70.062  4.205 0.1000000015
13196  29.963  -76.257  13.694 0.1000000015
8484  30.866  -82.763  15.347 0.1000000015
18275  29.569  -70.747  9.308 0.1000000015
18261  30.326  -70.324  10.453 0.1000000015
18289  30.121  -70.188  8.564 0.1000000015
19292  32.040  -69.614  5.670 0.1000000015
9275  31.061  -81.381  15.137 0.1000000015
13195  30.945  -76.276  13.790 0.1000000015
14755  30.946  -74.562  13.216 0.1000000015
18246  30.430  -70.678  11.248 0.1000000015
11564  31.933  -78.822  14.530 0.1000000015
12363  32.218  -78.214  14.274 0.1000000015
14754  31.913  -74.576  13.316 0.1000000015
17291  31.417  -71.458  12.519 0.1000000015
20235  37.041  -69.042  3.069 0.1000000015
19332  38.315  -69.390  2.343 0.1000000015
19355  38.689  -69.966  1.792 0.1000000015
6997  32.812  -85.147  14.650 0.1000000015
14752  33.541  -74.576  13.935 0.1000000015
14753  32.822  -74.602  13.590 0.1000000015
17290  32.440  -71.474  12.868 0.1000000015
19212  32.635  -69.351  9.363 0.1000000015
20220  35.825  -68.909  4.165 0.1000000015
20234  37.944  -68.858  2.916 0.1000000015
13192  33.601  -76.374  13.688 0.1000000015
17289  33.472  -71.252  12.967 0.1000000015
19211  33.519  -69.549  9.362 0.1000000015
19193  33.744  -69.690  10.008 0.1000000015
20183  35.573  -69.097  5.140 0.1000000015
20233  38.825  -68.765  2.779 0.1000000015
10040  35.467  -80.713  14.399 0.1000000015
13954  35.018  -75.659  14.681 0.1000000015
16408  34.376  -73.505  14.298 0.1000000015
18242  34.041  -70.130  11.544 0.1000000015
18258  34.964  -70.490  10.918 0.1000000015
19270  36.065  -70.215  6.198 0.1000000015
21096  39.098  -67.951  4.043 0.1000000015
20216  39.375  -68.263  3.323 0.1000000015
20215  40.218  -68.062  3.138 0.1000000015
12360  35.655  -77.638  14.532 0.1000000015
17274  34.813  -71.858  13.525 0.1000000015
17303  35.482  -70.926  11.377 0.1000000015
20181  37.142  -68.737  5.543 0.1000000015
21092  42.469  -66.942  3.119 0.1000000015
21095  39.955  -67.815  3.910 0.1000000015
21072  40.624  -67.548  4.652 0.1000000015
21973  43.165  -66.760  3.783 0.1000000015
16406  35.759  -73.187  14.229 0.1000000015
19287  37.356  -69.346  6.167 0.1000000015
17345  35.357  -71.476  8.293 0.1000000015
20178  40.801  -68.576  5.887 0.1000000015
20161  43.356  -69.717  6.137 0.1000000015
21050  42.632  -68.026  5.476 0.1000000015
21053  39.361  -67.989  5.242 0.1000000015
21073  39.677  -67.783  4.660 0.1000000015
19286  43.904  -69.480  6.036 0.1000000015
21070  43.268  -67.522  4.958 0.1000000015
21954  42.895  -67.025  4.400 0.1000000015
21971  45.190  -66.887  3.701 0.1000000015
16480  35.831  -72.169  8.835 0.1000000015
18318  38.981  -71.029  6.553 0.1000000015
17371  37.321  -71.912  6.613 0.1000000015
19285  44.382  -69.507  6.145 0.1000000015
16422  36.897  -73.107  13.426 0.1000000015
16455  36.851  -72.522  11.452 0.1000000015
18313  44.121  -70.722  6.700 0.1000000015
19262  44.403  -70.028  6.503 0.1000000015
15691  37.462  -74.005  7.493 0.1000000015
15652  37.614  -73.852  10.603 0.1000000015
22966  43.139  -64.838  1.622 0.4000000060
24004  46.505  -64.500  1.374 0.3000000119
22982  44.607  -65.073  1.047 0.3000000119
22983  43.242  -65.329  1.006 0.4000000060
22967  42.450  -65.060  1.471 0.4000000060
14913  47.281  -74.623  1.643 0.1000000015
14929  47.683  -73.837  0.754 0.1000000015
16607  49.109  -72.233  0.636 0.2000000030
18430  49.968  -69.989  -0.796 0.3000000119
22039  41.180  -66.823  -0.248 0.4000000060
19380  47.941  -68.812  -1.208 0.4000000060
20275  46.181  -68.059  -0.851 0.4000000060
17463  49.912  -70.758  -0.229 0.2000000030
18409  48.856  -69.515  -1.364 0.3000000119
20276  45.119  -68.151  -0.718 0.4000000060
14129  46.415  -76.114  2.007 0.1000000015
16606  49.386  -71.793  0.272 0.3000000119
21149  43.664  -67.418  -0.541 0.4000000060
21150  42.648  -67.514  -0.543 0.4000000060
14128  46.509  -75.312  1.126 0.1000000015
22040  40.240  -66.839  -0.241 0.5000000000
15808  49.362  -72.102  -0.427 0.2000000030
19379  48.609  -69.164  -1.340 0.3000000119
20277  44.111  -68.235  -0.608 0.4000000060
22042  38.484  -66.628  -0.437 0.4000000060
23001  37.334  -65.684  -0.122 0.4000000060
19381  46.689  -68.920  -0.910 0.4000000060
19382  45.572  -68.998  -0.747 0.4000000060
20278  43.116  -68.345  -0.611 0.4000000060
20279  42.125  -68.456  -0.726 0.4000000060
21151  41.636  -67.623  -0.574 0.5000000000
14930  46.983  -74.642  0.115 0.2000000030
15798  48.436  -73.065  -0.083 0.2000000030
16618  49.633  -71.808  -0.994 0.2000000030
15797  49.054  -72.296  -0.018 0.2000000030
18410  48.252  -69.831  -1.275 0.3000000119
18411  47.163  -69.831  -0.993 0.3000000119
13366  45.655  -76.862  1.462 0.1000000015
19383  44.534  -69.068  -0.667 0.4000000060
18431  49.151  -70.062  -1.311 0.3000000119
18412  46.033  -69.883  -0.781 0.4000000060
19384  43.578  -69.141  -0.651 0.4000000060
21153  39.745  -67.562  -0.585 0.5000000000
22041  39.345  -66.785  -0.316 0.5000000000
22023  37.703  -65.826  -0.113 0.4000000060
18413  44.947  -69.920  -0.724 0.4000000060
21152  40.654  -67.636  -0.578 0.5000000000
21154  38.825  -67.554  -0.767 0.5000000000
22043  37.508  -66.363  -0.610 0.4000000060
15809  49.212  -72.569  -1.041 0.2000000030
17480  49.418  -71.139  -1.528 0.4000000060
16637  49.388  -71.820  -1.826 0.2000000030
18432  48.311  -70.649  -1.500 0.3000000119
17481  48.630  -71.174  -1.867 0.4000000060
17464  47.496  -70.688  -1.268 0.3000000119
20280  41.055  -68.674  -0.954 0.5000000000
21155  38.068  -67.174  -0.858 0.5000000000
23002  36.590  -65.587  -0.489 0.4000000060
17482  47.716  -71.380  -1.854 0.4000000060
17466  45.366  -70.757  -1.020 0.4000000060
18414  43.941  -69.970  -0.779 0.4000000060
20282  39.362  -68.224  -0.892 0.5000000000
14940  47.798  -74.035  -0.819 0.2000000030
14137  46.435  -75.604  -0.398 0.2000000030
15810  48.585  -73.345  -1.562 0.2000000030
23003  35.855  -65.092  -0.798 0.4000000060
16619  49.370  -72.221  -1.762 0.2000000030
17465  46.460  -70.706  -1.085 0.3000000119
19385  42.609  -69.348  -0.781 0.4000000060
14138  45.894  -76.159  0.515 0.2000000030
17501  49.189  -71.730  -2.151 0.3000000119
17503  48.025  -71.627  -2.605 0.4000000060
24012  36.034  -64.790  -0.245 0.4000000060
17483  46.836  -71.331  -1.554 0.3000000119
19387  41.241  -69.360  -1.179 0.5000000000
21169  38.215  -67.786  -1.252 0.5000000000
27208  35.735  -61.719  -0.584 0.4000000060
14143  45.950  -76.517  -0.944 0.2000000030
17467  44.323  -70.696  -1.024 0.4000000060
18415  43.204  -69.869  -0.809 0.4000000060
22056  36.943  -66.730  -1.181 0.5000000000
23015  35.992  -65.599  -1.202 0.4000000060
30453  36.926  -58.578  -0.600 0.4000000060
12571  45.072  -77.890  -1.090 0.2000000030
14954  47.941  -74.162  -2.464 0.2000000030
15822  49.041  -72.735  -2.151 0.2000000030
16638  49.076  -72.144  -2.516 0.2000000030
17484  45.853  -71.380  -1.488 0.4000000060
19411  39.977  -69.455  -1.681 0.5000000000
20304  38.084  -68.131  -1.804 0.5000000000
16620  47.431  -71.587  -2.073 0.4000000060
19409  41.469  -69.798  -1.325 0.5000000000
20302  39.603  -68.852  -1.264 0.5000000000
22044  36.829  -66.268  -0.897 0.5000000000
12583  44.809  -78.476  -1.263 0.2000000030
28350  36.154  -60.197  -0.763 0.4000000060
26083  35.725  -62.528  -1.005 0.4000000060
24013  35.718  -64.161  -0.747 0.4000000060
14941  47.023  -75.068  -1.557 0.2000000030
17502  48.673  -71.753  -2.710 0.4000000060
22058  35.869  -65.764  -1.854 0.4000000060
24024  35.682  -64.122  -1.882 0.4000000060
14142  46.413  -75.978  -1.548 0.2000000030
15823  48.591  -73.300  -2.598 0.2000000030
15834  48.713  -72.717  -3.093 0.2000000030
27212  35.687  -61.835  -1.455 0.4000000060
25028  35.701  -63.334  -1.407 0.4000000060
25043  35.816  -63.393  -2.321 0.4000000060
17468  43.737  -70.566  -1.011 0.3000000119
20303  38.800  -68.511  -1.519 0.5000000000
21170  37.460  -67.441  -1.479 0.5000000000
23016  35.687  -65.009  -1.607 0.4000000060
17485  44.665  -71.521  -1.695 0.4000000060
17486  43.413  -71.032  -1.460 0.3000000119
18435  41.851  -70.327  -1.527 0.4000000060
16640  46.762  -71.789  -2.556 0.4000000060
19432  39.127  -69.070  -2.427 0.5000000000
28367  35.685  -61.251  -1.874 0.4000000060
21190  36.539  -66.815  -2.288 0.5000000000
22075  36.867  -66.763  -2.977 0.5000000000
18451  42.239  -70.738  -1.766 0.4000000060
19430  40.333  -69.976  -2.149 0.5000000000
20319  37.780  -68.035  -2.496 0.5000000000
19431  39.804  -69.597  -2.416 0.5000000000
18453  40.921  -70.293  -2.224 0.5000000000
28351  35.847  -61.037  -1.123 0.4000000060
20318  38.459  -68.574  -2.459 0.5000000000
22997  49.184  -65.469  -0.144 0.3000000119
22998  48.019  -65.279  -0.243 0.3000000119
22999  46.814  -65.530  -0.086 0.2000000030
22013  49.805  -66.307  0.812 0.2000000030
22032  48.688  -66.167  -0.904 0.3000000119
22033  47.425  -66.201  -0.648 0.3000000119
20254  50.488  -67.778  0.226 0.2000000030
21143  50.213  -67.532  -0.827 0.2000000030
21168  49.263  -67.211  -1.354 0.2000000030
10956  43.149  -80.209  -1.385 0.1000000015
10216  43.041  -81.077  -2.049 0.1000000015
16706  46.509  -72.638  -6.264 0.1000000015
22964  48.237  -65.116  1.520 0.1000000015
24003  47.535  -64.610  1.434 0.2000000030
22980  47.255  -64.784  0.562 0.2000000030
22963  49.237  -65.191  0.928 0.2000000030
22979  48.517  -64.904  0.658 0.2000000030
21119  48.195  -66.813  1.267 0.1000000015
21132  48.820  -67.488  0.951 0.1000000015
22002  49.185  -65.675  1.159 0.2000000030
21133  47.877  -67.714  0.931 0.1000000015
20257  48.522  -68.525  0.901 0.1000000015
13371  45.242  -77.071  -0.219 0.1000000015
11727  44.394  -78.792  -1.019 0.1000000015
14975  47.470  -74.294  -3.947 0.1000000015
15851  47.955  -73.304  -4.633 0.1000000015
16669  48.123  -72.710  -5.148 0.1000000015
17560  48.163  -71.380  -5.324 0.1000000015
14976  46.937  -75.235  -4.074 0.1000000015
15873  47.527  -72.964  -5.371 0.1000000015
17561  47.490  -71.603  -5.737 0.1000000015
18482  46.913  -70.580  -5.147 0.1000000015
16690  47.189  -72.471  -5.812 0.1000000015
18506  46.182  -70.965  -5.820 0.1000000015
18484  44.943  -70.235  -4.899 0.1000000015
18507  45.138  -70.453  -5.699 0.1000000015
18508  44.323  -69.785  -5.492 0.1000000015
22014  49.087  -66.537  1.163 0.1000000015
17520  47.921  -71.503  -3.672 0.1000000015
17505  43.765  -71.566  -2.585 0.3000000119
14147  46.654  -76.002  -2.541 0.1000000015
14955  47.151  -75.169  -3.063 0.1000000015
15835  48.280  -73.447  -3.497 0.1000000015
17519  48.408  -71.700  -3.855 0.1000000015
17522  46.019  -71.231  -3.937 0.2000000030
16643  44.393  -71.638  -2.785 0.3000000119
18469  41.611  -70.659  -3.264 0.3000000119
19462  40.506  -69.434  -4.091 0.3000000119
10955  43.883  -80.211  -2.097 0.1000000015
13382  46.206  -76.711  -3.142 0.1000000015
17559  48.503  -71.618  -4.889 0.1000000015
17540  46.510  -70.788  -4.514 0.1000000015
17523  45.061  -71.228  -3.904 0.2000000030
18487  42.038  -70.505  -3.840 0.3000000119
17541  45.532  -70.776  -4.510 0.1000000015
18485  43.751  -70.084  -4.519 0.2000000030
20335  41.302  -68.950  -4.668 0.3000000119
19459  43.384  -69.609  -4.773 0.1000000015
19460  42.834  -69.602  -4.699 0.2000000030
20344  41.190  -68.196  -5.062 0.4000000060
19480  43.485  -69.332  -5.190 0.1000000015
19481  42.733  -68.867  -5.253 0.3000000119
21047  45.467  -67.721  5.560 0.1000000015
21950  46.200  -66.798  4.688 0.1000000015
20329  38.427  -68.326  -3.489 0.4000000060
18470  41.181  -70.495  -2.725 0.3000000119
19448  39.666  -69.340  -3.300 0.4000000060
20328  39.207  -68.794  -3.681 0.4000000060
20336  40.391  -68.538  -4.628 0.4000000060
21208  39.311  -67.434  -4.839 0.4000000060
21216  40.265  -67.317  -5.319 0.5000000000
20343  41.952  -68.392  -5.241 0.3000000119
21215  41.156  -67.555  -5.446 0.5000000000
19498  43.667  -69.474  -6.188 0.2000000030
19499  43.191  -68.822  -5.926 0.1000000015
21222  41.421  -67.098  -5.932 0.4000000060
18519  44.068  -70.670  -6.559 0.1000000015
19513  43.307  -69.059  -6.567 0.1000000015
20353  42.649  -68.195  -5.867 0.2000000030
16708  44.680  -72.992  -7.199 0.1000000015
17577  44.439  -71.889  -6.838 0.1000000015
20362  43.136  -68.426  -6.749 0.2000000030
16724  44.169  -73.550  -7.712 0.1000000015
17591  43.594  -71.963  -7.443 0.1000000015
23030  36.160  -65.281  -3.018 0.4000000060
22077  35.846  -65.411  -2.357 0.3000000119
22091  36.560  -65.709  -3.488 0.4000000060
21200  38.102  -67.627  -3.839 0.4000000060
21201  37.515  -67.093  -3.609 0.4000000060
20338  38.661  -67.794  -4.262 0.4000000060
21210  37.706  -66.578  -4.292 0.4000000060
21207  39.991  -67.910  -4.877 0.4000000060
21217  39.594  -66.855  -5.358 0.4000000060
22111  39.182  -66.186  -5.707 0.4000000060
22110  40.203  -66.605  -5.807 0.5000000000
22109  40.867  -66.973  -5.749 0.4000000060
21226  42.666  -67.419  -6.594 0.3000000119
21221  41.936  -67.622  -5.791 0.4000000060
22118  41.142  -66.387  -6.384 0.4000000060
18530  43.439  -71.027  -7.658 0.2000000030
19512  43.451  -69.671  -7.517 0.2000000030
14193  41.755  -75.174  -4.639 0.1000000015
24051  36.183  -64.143  -3.847 0.4000000060
24052  35.999  -64.110  -3.216 0.4000000060
23058  37.089  -65.335  -4.882 0.4000000060
23071  37.854  -65.166  -5.823 0.4000000060
23057  37.796  -65.788  -5.210 0.4000000060
23070  38.696  -65.497  -6.039 0.4000000060
22120  39.350  -65.549  -6.295 0.4000000060
22119  40.059  -65.928  -6.364 0.3000000119
22127  41.450  -65.782  -7.121 0.4000000060
23083  40.692  -65.563  -6.932 0.4000000060
22125  43.081  -67.040  -7.449 0.3000000119
22126  42.289  -66.363  -7.150 0.3000000119
22117  41.923  -66.951  -6.327 0.4000000060
18545  43.304  -71.153  -8.744 0.2000000030
20373  43.666  -68.912  -8.560 0.2000000030
20361  43.345  -68.442  -7.701 0.2000000030
21225  43.127  -67.760  -7.365 0.2000000030
17604  43.224  -71.797  -8.213 0.2000000030
14977  40.172  -74.754  -4.259 0.1000000015
14194  40.939  -74.952  -4.673 0.1000000015
15005  41.414  -74.855  -5.447 0.1000000015
27226  35.660  -61.902  -2.279 0.3000000119
25059  36.036  -63.206  -3.707 0.4000000060
25060  35.972  -63.594  -3.115 0.3000000119
24061  36.435  -64.164  -4.756 0.4000000060
25082  36.951  -63.523  -5.937 0.4000000060
24073  36.671  -64.210  -5.291 0.4000000060
24071  37.798  -64.582  -6.098 0.4000000060
24072  37.196  -64.315  -5.814 0.4000000060
23085  39.034  -64.959  -6.384 0.4000000060
24084  38.371  -64.406  -6.316 0.4000000060
24082  39.803  -64.469  -7.098 0.4000000060
24083  39.373  -64.200  -6.792 0.3000000119
23106  43.289  -65.116  -8.614 0.3000000119
23107  42.268  -65.078  -8.175 0.3000000119
23108  41.748  -65.076  -7.903 0.3000000119
23097  41.157  -65.040  -7.573 0.3000000119
23098  40.475  -65.057  -7.252 0.3000000119
20387  44.023  -69.347  -9.601 0.2000000030
21241  44.186  -68.406  -9.181 0.2000000030
22132  44.011  -66.628  -8.635 0.3000000119
22133  43.303  -66.301  -8.102 0.2000000030
23096  41.921  -65.519  -7.639 0.3000000119
19528  43.599  -70.119  -9.080 0.2000000030
21232  43.699  -67.546  -8.388 0.2000000030
27225  35.811  -61.276  -2.608 0.3000000119
28385  36.298  -60.656  -3.035 0.3000000119
27245  35.781  -61.885  -2.852 0.3000000119
27244  35.961  -61.775  -3.557 0.4000000060
26107  35.887  -62.615  -2.918 0.3000000119
27286  36.533  -61.547  -5.351 0.3000000119
27267  36.167  -61.838  -4.575 0.4000000060
27285  37.044  -61.726  -6.064 0.4000000060
25083  36.442  -63.492  -5.274 0.4000000060
27300  37.707  -61.414  -6.485 0.4000000060
25096  37.707  -63.436  -6.281 0.4000000060
26165  38.846  -61.995  -7.119 0.3000000119
25095  38.874  -63.453  -6.682 0.4000000060
26173  42.211  -62.678  -9.051 0.3000000119
25120  41.585  -63.499  -8.446 0.2000000030
25121  40.916  -62.792  -8.255 0.2000000030
26164  39.497  -62.118  -7.631 0.2000000030
25109  39.666  -63.451  -7.307 0.3000000119
25094  39.342  -63.696  -6.893 0.3000000119
24103  43.239  -64.077  -9.092 0.3000000119
25107  41.103  -63.744  -8.137 0.2000000030
25108  40.684  -63.544  -7.945 0.2000000030
24095  40.294  -64.387  -7.432 0.2000000030
20386  44.678  -68.703  -10.022 0.2000000030
22144  44.598  -66.469  -9.198 0.3000000119
23105  44.046  -65.846  -8.802 0.3000000119
28366  36.013  -60.410  -1.901 0.3000000119
28433  38.265  -60.578  -6.831 0.3000000119
29556  40.018  -59.994  -7.987 0.2000000030
28442  38.851  -60.564  -7.286 0.2000000030
28448  41.335  -60.465  -8.786 0.2000000030
26175  40.602  -62.063  -8.253 0.2000000030
27317  40.027  -61.335  -8.068 0.2000000030
27307  39.463  -61.316  -7.700 0.2000000030
30463  36.957  -58.916  -1.063 0.2000000030
15914  43.944  -73.788  -7.963 0.1000000015
16725  43.706  -73.149  -8.050 0.1000000015
22143  45.516  -66.369  -9.955 0.3000000119
19543  43.980  -70.370  -10.163 0.2000000030
23000  45.862  -65.840  -0.068 0.3000000119
20298  49.855  -68.218  -1.124 0.2000000030
22894  45.967  -66.283  5.179 0.1000000015
22981  45.942  -65.128  0.635 0.2000000030
16623  45.527  -71.781  -2.008 0.3000000119
29454  36.763  -59.437  -1.272 0.3000000119
16653  48.686  -72.120  -3.654 0.1000000015
24042  35.845  -64.093  -2.712 0.3000000119
16654  47.309  -71.714  -3.113 0.3000000119
17506  42.569  -71.139  -2.329 0.2000000030
16656  45.506  -71.595  -3.290 0.2000000030
22977  49.862  -65.534  0.518 0.2000000030
22012  50.230  -66.203  0.263 0.1000000015
22031  49.989  -66.516  -0.616 0.2000000030
17574  46.906  -71.960  -6.099 0.1000000015
15000  47.208  -73.914  -4.642 0.1000000015
15850  48.513  -72.764  -3.971 0.1000000015
17539  47.449  -70.924  -4.496 0.1000000015
18505  47.191  -71.013  -5.578 0.1000000015
18483  45.929  -70.437  -5.094 0.1000000015
17542  44.663  -70.697  -4.350 0.1000000015
17521  46.980  -71.265  -3.864 0.2000000030
17525  42.977  -71.243  -3.255 0.3000000119
17524  44.000  -71.182  -3.692 0.3000000119
19461  41.618  -69.983  -4.119 0.4000000060
19463  39.760  -68.977  -4.094 0.4000000060
18486  42.627  -70.319  -4.160 0.3000000119
20334  42.100  -69.159  -4.818 0.3000000119
23042  36.884  -65.732  -4.129 0.4000000060
22103  38.947  -66.766  -5.079 0.4000000060
23059  36.570  -64.714  -4.504 0.4000000060
22104  38.273  -66.317  -4.983 0.4000000060
25071  36.171  -63.563  -4.398 0.4000000060
22134  42.609  -65.683  -7.934 0.3000000119
26123  36.026  -62.712  -4.356 0.4000000060
26106  35.959  -62.580  -3.634 0.4000000060
26142  36.271  -62.454  -5.156 0.4000000060
24104  42.465  -64.316  -8.600 0.3000000119
21240  44.817  -67.512  -9.506 0.2000000030
21231  44.307  -67.032  -8.892 0.2000000030
26154  38.311  -62.402  -6.675 0.4000000060
26186  42.050  -62.050  -9.134 0.2000000030
27315  41.439  -61.300  -8.769 0.2000000030
27316  40.906  -61.312  -8.456 0.2000000030
26163  40.227  -62.691  -7.934 0.2000000030
28404  36.401  -60.743  -4.329 0.3000000119
29466  36.831  -59.867  -2.389 0.2000000030
19362  50.487  -68.768  0.377 0.1000000015
18392  50.453  -69.289  0.460 0.1000000015
18407  50.503  -69.273  0.277 0.1000000015
22942  47.522  -65.010  2.320 0.1000000015
20271  50.398  -68.326  -0.584 0.1000000015
17449  49.683  -71.125  0.999 0.1000000015
18408  50.402  -69.658  -0.126 0.1000000015
30452  37.709  -58.142  -0.890 0.1000000015
30450  39.617  -58.202  -0.872 0.1000000015
30461  38.072  -58.609  -1.530 0.1000000015
29453  37.473  -59.209  -1.944 0.1000000015
30460  39.013  -58.560  -1.596 0.1000000015
29452  38.393  -59.018  -2.259 0.1000000015
29465  37.543  -59.418  -2.755 0.1000000015
29486  36.833  -59.864  -3.389 0.2000000030
29463  38.969  -59.057  -2.698 0.2000000030
29523  36.612  -60.070  -5.125 0.2000000030
29484  38.448  -58.799  -3.220 0.2000000030
29485  37.451  -59.002  -3.549 0.2000000030
29507  36.726  -59.498  -4.306 0.2000000030
29483  39.363  -58.800  -3.082 0.2000000030
29506  37.022  -58.870  -4.186 0.2000000030
28418  37.000  -60.699  -5.905 0.2000000030
28434  37.603  -60.654  -6.423 0.2000000030
29537  38.158  -59.430  -6.782 0.1000000015
30531  36.735  -59.289  -5.049 0.2000000030
30530  37.066  -58.618  -5.314 0.2000000030
30548  37.555  -58.823  -6.223 0.1000000015
32447  38.358  -57.034  -5.620 0.1000000015
31416  38.240  -57.530  -0.265 0.1000000015
30451  38.647  -58.003  -0.984 0.1000000015
30459  39.843  -58.748  -1.397 0.1000000015
29464  38.189  -59.165  -2.930 0.2000000030
30488  38.000  -58.432  -3.681 0.2000000030
23116  44.757  -65.465  -9.532 0.2000000030
24115  44.137  -64.494  -9.435 0.2000000030
23115  45.599  -65.288  -10.216 0.2000000030
24114  45.237  -64.605  -10.093 0.2000000030
25118  43.191  -63.644  -9.250 0.2000000030
25128  44.708  -63.634  -10.110 0.2000000030
25129  43.589  -63.356  -9.581 0.2000000030
24130  45.593  -63.865  -10.401 0.2000000030
25119  42.741  -63.484  -9.063 0.2000000030
26184  43.444  -62.232  -9.753 0.1000000015
26183  44.474  -62.422  -10.229 0.2000000030
26185  42.605  -62.058  -9.398 0.2000000030
27325  44.506  -61.811  -10.322 0.1000000015
27326  44.059  -61.481  -10.118 0.1000000015
27327  43.061  -61.297  -9.633 0.1000000015
27346  45.078  -61.001  -11.223 0.1000000015
27345  45.613  -61.510  -11.596 0.1000000015
29462  39.909  -59.262  -2.545 0.1000000015
28461  41.957  -60.462  -9.188 0.1000000015
28459  43.535  -60.316  -10.043 0.1000000015
28469  44.620  -60.355  -10.900 0.1000000015
28470  44.153  -60.221  -10.447 0.1000000015
28478  45.067  -60.603  -11.867 0.1000000015
29583  44.496  -59.604  -11.472 0.1000000015
30605  44.580  -59.310  -13.203 0.1000000015
29482  40.322  -59.009  -3.078 0.1000000015
29460  41.857  -60.020  -2.932 0.1000000015
29461  41.007  -59.638  -2.490 0.1000000015
29555  40.638  -59.685  -8.418 0.1000000015
29567  42.753  -59.514  -9.656 0.1000000015
28460  42.553  -60.424  -9.486 0.1000000015
29573  44.033  -59.501  -10.622 0.1000000015
30591  44.418  -59.215  -12.327 0.1000000015
30592  44.065  -58.628  -11.725 0.1000000015
29481  41.251  -59.273  -3.235 0.1000000015
30486  39.797  -58.171  -3.309 0.1000000015
31537  42.085  -58.159  -8.960 0.1000000015
29554  41.238  -59.416  -8.819 0.1000000015
31536  42.552  -57.578  -9.377 0.1000000015
30574  42.323  -58.708  -9.302 0.1000000015
29568  41.950  -59.668  -9.212 0.1000000015
31535  43.010  -58.127  -9.912 0.1000000015
30573  42.887  -58.645  -9.752 0.1000000015
32502  43.353  -56.764  -10.952 0.1000000015
31544  43.217  -57.663  -10.332 0.1000000015
29566  43.303  -59.322  -10.073 0.1000000015
32516  43.485  -56.980  -11.970 0.1000000015
31556  43.562  -57.734  -11.360 0.1000000015
30580  43.729  -58.522  -10.886 0.1000000015
31567  43.749  -57.838  -12.372 0.1000000015
30485  40.772  -58.339  -3.346 0.1000000015
30563  40.802  -58.595  -8.432 0.1000000015
33433  43.335  -55.765  -10.835 0.1000000015
32503  43.097  -56.857  -10.221 0.1000000015
33449  43.458  -56.116  -11.831 0.1000000015
30554  40.204  -58.266  -7.811 0.1000000015
25142  45.386  -62.991  -10.499 0.1000000015
27337  44.975  -61.547  -10.665 0.1000000015
29584  44.145  -59.026  -11.126 0.1000000015
30606  44.205  -58.606  -12.758 0.1000000015
31527  41.557  -57.620  -8.589 0.1000000015
17578  38.274  -71.752  -6.901 0.1000000015
17608  38.919  -70.885  -8.113 0.1000000015
17579  37.716  -71.554  -6.687 0.1000000015
16712  37.553  -72.086  -6.063 0.1000000015
16694  35.692  -72.218  -5.074 0.1000000015
15010  34.948  -73.983  -4.318 0.1000000015
14196  34.277  -75.129  -5.223 0.1000000015
17593  39.469  -71.813  -7.900 0.1000000015
17607  39.500  -71.317  -8.313 0.1000000015
16713  37.056  -72.095  -5.725 0.1000000015
16670  37.032  -72.795  -4.767 0.1000000015
19529  39.779  -69.998  -8.778 0.1000000015
18564  40.460  -70.574  -9.418 0.1000000015
16751  41.188  -72.089  -9.632 0.1000000015
16741  40.050  -72.120  -8.329 0.1000000015
16711  38.506  -72.260  -6.559 0.1000000015
18549  38.474  -70.227  -8.054 0.1000000015
17619  41.599  -71.783  -10.362 0.1000000015
19544  41.101  -69.692  -9.950 0.1000000015
20403  41.701  -68.972  -10.455 0.1000000015
19546  39.628  -69.364  -8.796 0.1000000015
19545  40.113  -69.473  -9.232 0.1000000015
20388  40.983  -68.345  -10.004 0.1000000015
17606  40.412  -71.618  -9.051 0.1000000015
14215  34.545  -75.538  -5.689 0.1000000015
8466  30.055  -83.249  16.057 0.1000000015
9232  28.879  -81.408  16.982 0.1000000015
10044  31.233  -80.810  15.027 0.1000000015
10215  43.527  -80.763  -2.316 0.1000000015
10954  44.512  -79.816  -2.743 0.2000000030
10970  44.177  -80.369  -3.129 0.2000000030
11549  37.769  -78.098  15.354 0.1000000015
11551  28.834  -79.154  15.470 0.1000000015
11746  44.052  -79.338  -1.334 0.1000000015
11757  45.168  -78.683  -3.148 0.2000000030
11758  44.867  -79.287  -3.019 0.2000000030
11771  44.680  -78.800  -3.412 0.1000000015
12362  34.050  -77.454  13.815 0.1000000015
12586  45.437  -78.207  -2.638 0.2000000030
12587  43.569  -77.828  -3.171 0.1000000015
12588  43.114  -77.685  -2.909 0.1000000015
12602  45.248  -78.128  -3.329 0.2000000030
13191  34.013  -76.219  13.913 0.1000000015
13206  27.507  -76.117  13.116 0.1000000015
13377  46.102  -76.708  -2.153 0.3000000119
13384  43.495  -77.193  -3.138 0.1000000015
13400  46.163  -76.618  -3.719 0.1000000015
13404  43.367  -76.673  -3.227 0.1000000015
13953  37.185  -75.391  15.009 0.1000000015
13956  33.790  -75.068  13.974 0.1000000015
13970  27.858  -75.889  13.119 0.1000000015
13995  27.172  -74.882  12.023 0.1000000015
14148  42.803  -76.343  -3.160 0.1000000015
14163  46.647  -76.067  -3.652 0.1000000015
14212  44.394  -75.424  -5.030 0.1000000015
14216  34.291  -75.013  -5.600 0.1000000015
14237  34.408  -75.126  -5.927 0.1000000015
14722  36.128  -75.336  15.128 0.1000000015
14750  38.838  -74.732  13.340 0.1000000015
14768  39.247  -74.998  12.517 0.1000000015
14772  28.888  -74.297  12.496 0.1000000015
14786  26.870  -74.646  11.486 0.1000000015
14819  37.945  -74.523  8.344 0.1000000015
15003  44.810  -75.357  -5.110 0.1000000015
15011  34.444  -74.488  -4.826 0.1000000015
15012  34.296  -74.802  -5.284 0.1000000015
15060  42.645  -74.950  -7.158 0.2000000030
15064  34.339  -74.827  -5.938 0.1000000015
15085  43.170  -74.699  -7.682 0.2000000030
15087  41.562  -74.184  -7.964 0.1000000015
15113  42.117  -74.217  -8.377 0.1000000015
15598  33.959  -73.881  14.233 0.1000000015
15609  38.317  -74.081  12.789 0.1000000015
15615  30.799  -73.953  12.981 0.1000000015
15633  28.796  -73.804  12.207 0.1000000015
15642  29.212  -72.981  11.946 0.1000000015
15655  26.807  -73.879  9.822 0.1000000015
15668  26.842  -73.907  9.374 0.1000000015
15681  27.677  -73.382  8.482 0.1000000015
15785  38.013  -73.864  0.665 0.1000000015
15786  37.395  -73.972  0.737 0.1000000015
15796  49.269  -72.027  -0.112 0.2000000030
15857  35.548  -73.517  -4.248 0.1000000015
15897  43.641  -74.504  -7.676 0.2000000030
15916  42.660  -74.290  -8.380 0.1000000015
15935  41.692  -73.742  -8.532 0.1000000015
16405  36.332  -73.142  13.979 0.1000000015
16421  37.310  -73.280  13.145 0.1000000015
16423  36.120  -72.686  13.728 0.1000000015
16426  32.959  -72.711  13.698 0.1000000015
16442  32.398  -72.261  13.299 0.1000000015
16468  28.024  -72.293  10.293 0.1000000015
16481  28.017  -72.250  9.454 0.1000000015
16482  27.699  -72.828  9.009 0.1000000015
16492  35.685  -72.004  8.207 0.1000000015
16494  28.332  -72.584  8.437 0.1000000015
16502  36.753  -73.068  7.114 0.1000000015
16503  36.092  -72.336  7.509 0.1000000015
16505  29.150  -72.605  7.630 0.1000000015
16542  31.189  -72.609  3.478 0.1000000015
16543  30.672  -73.040  3.987 0.1000000015
16558  32.250  -72.665  2.461 0.1000000015
16559  31.561  -73.117  2.838 0.1000000015
16577  37.644  -72.326  0.749 0.1000000015
16599  38.073  -72.701  0.666 0.1000000015
16621  47.103  -71.667  -2.021 0.4000000060
16622  46.332  -71.765  -1.972 0.4000000060
16639  47.425  -71.663  -2.368 0.4000000060
16641  45.914  -71.800  -2.612 0.2000000030
16642  44.997  -71.702  -2.572 0.3000000119
16655  46.426  -71.656  -3.275 0.3000000119
16657  44.677  -71.533  -3.246 0.3000000119
16658  44.179  -71.577  -3.111 0.3000000119
16668  48.492  -72.278  -4.738 0.1000000015
16671  36.115  -72.756  -4.656 0.1000000015
16672  35.321  -72.854  -4.786 0.1000000015
16688  48.418  -71.831  -5.184 0.1000000015
16689  48.056  -72.183  -5.487 0.1000000015
16691  37.958  -72.429  -5.900 0.1000000015
16693  36.574  -72.154  -5.321 0.1000000015
16709  44.078  -72.513  -7.360 0.1000000015
16728  39.630  -72.429  -7.579 0.1000000015
16729  38.965  -72.161  -7.165 0.1000000015
16737  43.356  -73.644  -8.506 0.3000000119
16762  42.184  -72.243  -10.743 0.2000000030
17273  35.816  -72.013  13.280 0.1000000015
17293  29.628  -71.806  11.626 0.1000000015
17330  35.842  -72.046  9.285 0.1000000015
17332  34.992  -70.884  8.836 0.1000000015
17347  29.269  -71.354  8.352 0.1000000015
17348  28.835  -71.758  8.602 0.1000000015
17354  43.763  -71.327  6.899 0.1000000015
17356  35.821  -71.882  7.222 0.1000000015
17357  35.535  -71.711  7.659 0.1000000015
17358  35.101  -71.125  7.968 0.1000000015
17359  30.018  -71.274  6.992 0.1000000015
17360  29.550  -71.500  7.648 0.1000000015
17375  30.173  -71.520  6.337 0.1000000015
17434  39.348  -70.999  0.914 0.1000000015
17440  33.643  -71.914  1.934 0.1000000015
17455  38.117  -72.125  0.690 0.1000000015
17487  42.678  -70.879  -1.657 0.4000000060
17504  44.433  -71.667  -2.400 0.3000000119
17507  41.973  -70.967  -2.734 0.2000000030
17526  42.240  -71.121  -3.075 0.3000000119
17537  48.540  -71.736  -4.382 0.1000000015
17538  48.235  -71.234  -4.558 0.1000000015
17562  46.836  -71.421  -5.942 0.1000000015
17563  36.425  -71.875  -5.643 0.1000000015
17580  36.635  -71.700  -6.066 0.1000000015
17592  43.336  -72.457  -8.271 0.2000000030
17594  38.592  -71.443  -7.485 0.1000000015
17595  37.543  -70.895  -7.193 0.1000000015
17617  43.669  -71.766  -10.553 0.2000000030
17620  40.966  -71.423  -9.740 0.2000000030
17631  44.240  -71.268  -11.571 0.3000000119
17634  42.095  -71.802  -10.940 0.1000000015
17643  44.268  -71.069  -11.911 0.2000000030
17644  44.014  -71.474  -11.956 0.2000000030
17645  43.539  -71.618  -11.651 0.1000000015
18227  34.737  -70.863  12.486 0.1000000015
18232  30.784  -70.709  11.691 0.1000000015
18239  39.232  -70.570  12.002 0.1000000015
18247  29.849  -70.898  10.827 0.1000000015
18259  34.335  -70.138  10.283 0.1000000015
18262  29.612  -70.781  10.168 0.1000000015
18274  30.116  -70.253  9.656 0.1000000015
18288  34.198  -70.156  8.159 0.1000000015
18302  34.724  -70.782  7.591 0.1000000015
18303  34.265  -70.348  7.680 0.1000000015
18312  44.448  -70.265  6.743 0.1000000015
18329  30.787  -70.469  5.021 0.1000000015
18337  31.116  -70.711  4.393 0.1000000015
18338  30.662  -70.850  4.854 0.1000000015
18348  33.129  -70.294  3.247 0.1000000015
18349  32.254  -70.647  3.524 0.1000000015
18350  31.606  -70.760  3.887 0.1000000015
18359  36.326  -70.425  1.966 0.1000000015
18397  40.770  -71.166  0.783 0.1000000015
18398  40.227  -71.310  0.721 0.1000000015
18433  43.362  -70.396  -0.998 0.3000000119
18434  42.632  -70.368  -1.191 0.4000000060
18436  41.294  -70.210  -1.731 0.4000000060
18452  41.663  -70.668  -2.273 0.4000000060
18467  43.142  -70.769  -3.896 0.3000000119
18468  42.415  -70.821  -3.617 0.3000000119
18481  47.748  -70.808  -5.161 0.1000000015
18504  47.699  -71.134  -5.485 0.1000000015
18547  39.867  -70.803  -8.814 0.1000000015
18548  39.259  -70.440  -8.411 0.1000000015
18561  43.614  -71.242  -9.914 0.2000000030
18562  43.483  -71.859  -10.168 0.2000000030
18575  44.434  -70.793  -11.304 0.3000000119
18577  42.805  -70.737  -11.332 0.2000000030
18595  44.670  -70.216  -12.131 0.2000000030
18596  44.574  -70.105  -12.260 0.2000000030
19178  33.471  -69.705  10.795 0.1000000015
19180  31.622  -69.761  10.916 0.1000000015
19181  31.150  -69.951  10.875 0.1000000015
19194  33.018  -69.454  10.129 0.1000000015
19196  31.070  -69.745  10.294 0.1000000015
19229  32.235  -69.343  8.493 0.1000000015
19241  44.625  -70.097  7.042 0.1000000015
19261  44.596  -69.907  6.800 0.1000000015
19275  30.595  -70.077  6.580 0.1000000015
19284  44.571  -69.491  6.484 0.1000000015
19322  33.059  -69.816  3.911 0.1000000015
19357  37.189  -69.927  2.052 0.1000000015
19377  50.610  -68.875  -0.113 0.1000000015
19378  50.347  -69.188  -0.511 0.1000000015
19386  41.737  -69.261  -0.986 0.5000000000
19406  49.221  -68.968  -1.316 0.3000000119
19408  42.031  -69.854  -1.117 0.5000000000
19410  40.778  -69.659  -1.501 0.5000000000
19412  39.402  -69.165  -1.831 0.5000000000
19446  41.263  -70.314  -3.542 0.3000000119
19447  40.686  -70.124  -3.130 0.3000000119
19449  38.967  -68.835  -3.072 0.4000000060
19553  44.722  -69.989  -11.314 0.3000000119
19555  42.414  -69.720  -10.985 0.2000000030
19563  45.035  -69.888  -11.956 0.3000000119
19565  43.214  -69.927  -11.591 0.2000000030
19577  45.201  -69.433  -12.193 0.3000000119
19578  44.880  -69.699  -12.329 0.2000000030
20114  37.577  -68.523  10.771 0.1000000015
20200  35.776  -68.917  4.828 0.1000000015
20270  50.673  -68.020  -0.084 0.1000000015
20272  48.855  -67.486  -1.426 0.5000000000
20281  40.092  -68.366  -0.833 0.5000000000
20299  49.093  -67.998  -1.470 0.2000000030
20300  48.508  -68.315  -1.376 0.4000000060
20301  40.265  -69.058  -1.173 0.5000000000
20330  37.758  -67.716  -3.208 0.5000000000
20337  39.349  -68.309  -4.348 0.4000000060
20345  40.620  -67.894  -5.066 0.5000000000
20389  40.231  -68.544  -9.533 0.1000000015
20390  39.505  -68.657  -8.888 0.1000000015
20401  45.100  -69.106  -10.882 0.3000000119
20402  42.325  -68.535  -10.938 0.1000000015
20416  45.489  -68.909  -12.060 0.3000000119
20417  45.293  -69.355  -11.619 0.3000000119
20435  45.166  -69.107  -12.392 0.2000000030
20436  44.773  -69.070  -12.575 0.2000000030
20437  44.167  -69.079  -12.447 0.2000000030
21052  40.231  -67.953  5.345 0.1000000015
21093  41.678  -67.220  3.454 0.1000000015
21111  41.889  -67.612  2.649 0.1000000015
21129  50.637  -67.074  0.011 0.2000000030
21131  49.626  -67.241  0.749 0.2000000030
21142  50.487  -67.363  -0.406 0.2000000030
21144  48.725  -67.012  -1.305 0.2000000030
21167  49.754  -67.366  -1.173 0.2000000030
21171  36.766  -67.052  -1.737 0.5000000000
21189  37.117  -67.394  -2.556 0.5000000000
21209  38.355  -67.080  -4.436 0.4000000060
21214  41.581  -67.931  -5.379 0.3000000119
21250  42.966  -67.427  -11.484 0.1000000015
21264  44.171  -67.592  -12.457 0.2000000030
21265  43.547  -67.765  -11.940 0.1000000015
21902  39.348  -65.499  7.915 0.1000000015
21918  39.270  -65.916  7.867 0.1000000015
22001  49.785  -65.581  0.787 0.2000000030
22011  50.436  -66.618  -0.159 0.1000000015
22022  38.164  -65.952  -0.046 0.5000000000
22030  50.462  -66.859  -0.289 0.2000000030
22054  49.641  -66.899  -1.139 0.2000000030
22055  49.318  -66.682  -1.170 0.2000000030
22057  36.364  -66.316  -1.479 0.4000000060
22076  36.305  -66.097  -2.677 0.4000000060
22090  37.000  -66.317  -3.712 0.4000000060
22105  37.453  -66.038  -4.561 0.4000000060
22112  38.361  -65.823  -5.577 0.4000000060
22157  46.894  -66.140  -11.292 0.3000000119
22177  43.809  -66.789  -12.155 0.1000000015
22178  43.237  -66.625  -11.700 0.1000000015
22194  44.323  -66.852  -12.587 0.1000000015
22864  39.915  -64.723  7.992 0.2000000030
22879  39.797  -65.219  7.853 0.1000000015
22946  39.762  -64.992  2.257 0.5000000000
22962  49.647  -65.331  0.720 0.2000000030
22978  49.453  -65.300  0.514 0.2000000030
22989  37.722  -65.439  0.455 0.5000000000
22996  49.872  -65.668  0.098 0.2000000030
23031  35.772  -64.762  -2.489 0.3000000119
23043  36.495  -65.084  -3.864 0.4000000060
23072  37.233  -64.928  -5.452 0.4000000060
23084  39.847  -65.059  -6.878 0.3000000119
23086  38.474  -65.049  -6.200 0.4000000060
23117  44.083  -65.217  -9.061 0.3000000119
23157  46.881  -65.515  -12.721 0.1000000015
23170  46.573  -65.048  -13.320 0.1000000015
23854  38.396  -64.263  8.655 0.1000000015
23855  37.920  -64.250  8.882 0.1000000015
23878  41.098  -63.937  7.062 0.3000000119
23914  46.159  -65.380  4.331 0.2000000030
23958  47.348  -64.768  2.455 0.1000000015
23988  47.495  -64.676  2.178 0.1000000015
24041  36.076  -64.585  -3.188 0.4000000060
24060  36.814  -64.676  -5.156 0.4000000060
24085  37.771  -64.219  -6.169 0.4000000060
24094  41.065  -64.152  -7.982 0.2000000030
24096  39.778  -64.141  -7.171 0.3000000119
24105  41.691  -64.555  -8.153 0.3000000119
24113  45.658  -64.852  -10.331 0.2000000030
24128  46.695  -64.710  -11.094 0.3000000119
24144  47.026  -64.678  -11.562 0.3000000119
24896  39.326  -63.014  7.697 0.3000000119
25016  36.130  -64.007  0.579 0.5000000000
25110  39.082  -62.669  -7.027 0.3000000119
25130  42.906  -62.772  -9.402 0.2000000030
25181  46.753  -63.464  -14.164 0.1000000015
25182  46.061  -63.783  -14.326 0.1000000015
25183  45.474  -63.581  -14.254 0.1000000015
25190  46.197  -63.227  -14.624 0.1000000015
25191  45.864  -63.397  -14.544 0.1000000015
25853  35.348  -62.514  10.700 0.2000000030
25885  38.403  -63.012  8.799 0.1000000015
25935  39.245  -62.922  8.125 0.2000000030
26093  35.703  -62.604  -1.900 0.4000000060
26141  36.796  -62.659  -5.906 0.4000000060
26155  37.478  -62.334  -6.347 0.4000000060
26174  41.446  -62.133  -8.728 0.2000000030
26176  40.064  -62.071  -8.033 0.2000000030
26197  45.202  -62.301  -10.557 0.1000000015
26205  46.370  -62.231  -12.065 0.2000000030
26216  46.991  -62.872  -13.537 0.1000000015
26249  46.614  -62.664  -14.697 0.1000000015
26250  46.198  -62.637  -14.905 0.1000000015
26983  34.040  -61.027  13.241 0.1000000015
27299  38.435  -61.521  -6.859 0.4000000060
27308  38.970  -61.236  -7.302 0.2000000030
27328  42.050  -61.278  -9.153 0.2000000030
27336  45.518  -61.765  -11.040 0.2000000030
27338  44.289  -60.776  -10.405 0.1000000015
27353  46.078  -61.698  -12.770 0.2000000030
27370  46.708  -62.148  -14.446 0.1000000015
27371  46.393  -61.714  -13.974 0.1000000015
27385  46.693  -62.328  -14.694 0.1000000015
28090  35.071  -59.941  14.856 0.1000000015
28105  34.075  -60.808  13.315 0.1000000015
28118  34.022  -60.889  13.069 0.1000000015
28419  36.574  -60.758  -5.205 0.3000000119
28441  39.430  -60.552  -7.676 0.2000000030
28449  40.486  -60.569  -8.291 0.1000000015
28450  39.977  -60.613  -8.033 0.2000000030
28491  45.812  -61.213  -13.361 0.1000000015
28505  45.615  -60.760  -13.753 0.1000000015
29522  36.948  -59.544  -5.750 0.2000000030
29538  37.531  -59.944  -6.378 0.2000000030
29544  40.104  -59.076  -7.963 0.1000000015
29572  44.457  -59.777  -10.936 0.1000000015
30377  42.461  -57.710  3.526 0.1000000015
30462  37.273  -58.783  -1.261 0.1000000015
30487  38.746  -58.087  -3.439 0.1000000015
30513  36.913  -58.877  -4.650 0.2000000030
30547  38.186  -58.589  -6.693 0.1000000015
30562  41.654  -58.688  -8.906 0.1000000015
30572  43.341  -58.631  -10.270 0.1000000015
31300  34.937  -57.174  5.696 0.1000000015
31346  40.880  -57.610  2.492 0.1000000015
32339  39.687  -57.213  1.114 0.1000000015
32494  43.192  -56.280  -10.294 0.1000000015
33202  36.129  -55.295  5.415 0.1000000015
34159  35.674  -55.010  7.038 0.1000000015
35157  37.400  -53.495  6.449 0.1000000015
