#!ascii label  , from subject bert vox2ras=TkReg
243
24955  38.745  -64.142  4.933 0.0000000000
18414  43.941  -69.970  -0.779 0.0000000000
23916  44.866  -64.770  4.474 0.0000000000
22985  41.171  -65.632  0.797 0.0000000000
22977  49.862  -65.534  0.518 0.0000000000
23989  46.833  -64.403  2.187 0.0000000000
21120  47.260  -67.066  1.284 0.0000000000
21150  42.648  -67.514  -0.543 0.0000000000
22043  37.508  -66.363  -0.610 0.0000000000
23919  41.729  -64.478  4.888 0.0000000000
23992  43.553  -64.529  2.140 0.0000000000
22015  44.970  -65.852  0.221 0.0000000000
20274  47.279  -67.946  -1.100 0.0000000000
18407  50.503  -69.273  0.277 0.0000000000
24916  38.274  -63.258  6.797 0.0000000000
23877  41.775  -64.638  6.597 0.0000000000
22884  43.706  -65.882  6.250 0.0000000000
23998  36.906  -64.508  1.154 0.0000000000
21988  46.404  -66.478  2.732 0.0000000000
19384  43.578  -69.141  -0.651 0.0000000000
20280  41.055  -68.674  -0.954 0.0000000000
23917  43.902  -64.609  4.611 0.0000000000
23938  44.513  -64.434  3.784 0.0000000000
22964  48.237  -65.116  1.520 0.0000000000
24004  46.505  -64.500  1.374 0.0000000000
22998  48.019  -65.279  -0.243 0.0000000000
22034  46.307  -66.377  -0.506 0.0000000000
22032  48.688  -66.167  -0.904 0.0000000000
18430  49.968  -69.989  -0.796 0.0000000000
22877  41.489  -65.179  7.147 0.0000000000
22885  42.631  -65.294  6.470 0.0000000000
21914  42.631  -66.947  6.929 0.0000000000
22969  40.694  -65.344  1.503 0.0000000000
22987  39.300  -65.615  0.716 0.0000000000
22058  35.869  -65.764  -1.854 0.0000000000
23003  35.855  -65.092  -0.798 0.0000000000
22912  46.244  -65.786  4.573 0.0000000000
23960  46.195  -64.443  2.998 0.0000000000
22926  46.843  -65.456  3.354 0.0000000000
21986  47.647  -65.608  2.018 0.0000000000
22014  49.087  -66.537  1.163 0.0000000000
22038  42.168  -66.743  -0.263 0.0000000000
22020  39.790  -66.222  0.254 0.0000000000
21153  39.745  -67.562  -0.585 0.0000000000
21169  38.215  -67.786  -1.252 0.0000000000
17485  44.665  -71.521  -1.695 0.0000000000
23920  40.641  -64.506  4.896 0.0000000000
23994  41.951  -64.880  1.966 0.0000000000
22967  42.450  -65.060  1.471 0.0000000000
23990  45.832  -64.276  2.127 0.0000000000
22982  44.607  -65.073  1.047 0.0000000000
22017  42.702  -66.009  0.257 0.0000000000
22036  44.258  -66.555  -0.315 0.0000000000
20276  45.119  -68.151  -0.718 0.0000000000
19382  45.572  -68.998  -0.747 0.0000000000
20254  50.488  -67.778  0.226 0.0000000000
20298  49.855  -68.218  -1.124 0.0000000000
19379  48.609  -69.164  -1.340 0.0000000000
17465  46.460  -70.706  -1.085 0.0000000000
24917  37.430  -63.232  6.303 0.0000000000
24932  39.097  -63.787  6.037 0.0000000000
24914  39.947  -63.305  7.319 0.0000000000
23894  39.953  -64.209  5.677 0.0000000000
23892  42.169  -64.590  5.693 0.0000000000
23891  43.273  -64.853  5.615 0.0000000000
22896  44.132  -65.474  5.738 0.0000000000
21926  44.910  -67.296  6.163 0.0000000000
22894  45.967  -66.283  5.179 0.0000000000
23001  37.334  -65.684  -0.122 0.0000000000
24956  37.895  -63.626  4.615 0.0000000000
24970  38.413  -63.986  4.015 0.0000000000
19385  42.609  -69.348  -0.781 0.0000000000
22963  49.237  -65.191  0.928 0.0000000000
22979  48.517  -64.904  0.658 0.0000000000
22997  49.184  -65.469  -0.144 0.0000000000
16606  49.386  -71.793  0.272 0.0000000000
22876  42.288  -66.029  6.814 0.0000000000
22986  40.220  -65.645  0.808 0.0000000000
23016  35.687  -65.009  -1.607 0.0000000000
22927  46.546  -66.040  3.949 0.0000000000
21969  46.797  -66.083  3.216 0.0000000000
22005  46.756  -66.640  1.921 0.0000000000
21987  47.147  -66.134  2.469 0.0000000000
22004  47.585  -66.333  1.753 0.0000000000
22003  48.377  -65.951  1.496 0.0000000000
21119  48.195  -66.813  1.267 0.0000000000
22039  41.180  -66.823  -0.248 0.0000000000
21151  41.636  -67.623  -0.574 0.0000000000
20282  39.362  -68.224  -0.892 0.0000000000
20304  38.084  -68.131  -1.804 0.0000000000
21170  37.460  -67.441  -1.479 0.0000000000
23941  41.282  -64.569  3.886 0.0000000000
22966  43.139  -64.838  1.622 0.0000000000
23961  45.158  -64.310  2.935 0.0000000000
22981  45.942  -65.128  0.635 0.0000000000
24005  45.423  -64.590  1.396 0.0000000000
22983  43.242  -65.329  1.006 0.0000000000
22016  43.823  -65.886  0.286 0.0000000000
21146  46.782  -67.121  -0.865 0.0000000000
21147  45.715  -67.250  -0.689 0.0000000000
20275  46.181  -68.059  -0.851 0.0000000000
16554  48.899  -72.225  3.499 0.0000000000
18393  50.171  -69.868  0.664 0.0000000000
18370  49.524  -70.918  1.647 0.0000000000
18392  50.453  -69.289  0.460 0.0000000000
19362  50.487  -68.768  0.377 0.0000000000
21143  50.213  -67.532  -0.827 0.0000000000
20271  50.398  -68.326  -0.584 0.0000000000
18431  49.151  -70.062  -1.311 0.0000000000
18409  48.856  -69.515  -1.364 0.0000000000
18410  48.252  -69.831  -1.275 0.0000000000
18411  47.163  -69.831  -0.993 0.0000000000
17464  47.496  -70.688  -1.268 0.0000000000
25967  36.402  -62.637  6.464 0.0000000000
24933  38.076  -63.619  5.699 0.0000000000
23869  41.313  -64.420  7.171 0.0000000000
24913  40.458  -63.539  7.552 0.0000000000
24930  40.556  -63.622  6.935 0.0000000000
24931  40.001  -63.674  6.535 0.0000000000
23893  40.985  -64.240  6.091 0.0000000000
23876  42.449  -64.833  6.101 0.0000000000
22897  43.431  -65.348  6.019 0.0000000000
20174  44.871  -68.847  6.054 0.0000000000
21936  45.445  -66.730  5.617 0.0000000000
22042  38.484  -66.628  -0.437 0.0000000000
22021  38.930  -66.138  0.134 0.0000000000
22023  37.703  -65.826  -0.113 0.0000000000
24012  36.034  -64.790  -0.245 0.0000000000
20278  43.116  -68.345  -0.611 0.0000000000
20279  42.125  -68.456  -0.726 0.0000000000
23918  42.835  -64.450  4.778 0.0000000000
23940  42.377  -64.466  3.864 0.0000000000
23939  43.460  -64.446  3.826 0.0000000000
23962  44.073  -64.448  2.922 0.0000000000
24003  47.535  -64.610  1.434 0.0000000000
22980  47.255  -64.784  0.562 0.0000000000
22999  46.814  -65.530  -0.086 0.0000000000
23000  45.862  -65.840  -0.068 0.0000000000
22033  47.425  -66.201  -0.648 0.0000000000
21145  47.868  -67.009  -1.082 0.0000000000
18408  50.402  -69.658  -0.126 0.0000000000
17463  49.912  -70.758  -0.229 0.0000000000
22886  41.988  -64.982  6.776 0.0000000000
21928  43.142  -66.346  6.592 0.0000000000
22971  38.673  -65.209  1.192 0.0000000000
22972  38.146  -65.290  0.927 0.0000000000
22044  36.829  -66.268  -0.897 0.0000000000
23002  36.590  -65.587  -0.489 0.0000000000
23015  35.992  -65.599  -1.202 0.0000000000
24024  35.682  -64.122  -1.882 0.0000000000
23915  45.698  -65.244  4.539 0.0000000000
23937  45.523  -64.578  3.813 0.0000000000
23936  46.382  -65.187  3.781 0.0000000000
23935  46.783  -65.142  3.349 0.0000000000
23959  47.023  -64.884  2.861 0.0000000000
22943  47.209  -65.507  2.754 0.0000000000
22942  47.522  -65.010  2.320 0.0000000000
22002  49.185  -65.675  1.159 0.0000000000
22018  41.676  -66.129  0.238 0.0000000000
22019  40.714  -66.206  0.260 0.0000000000
22040  40.240  -66.839  -0.241 0.0000000000
22041  39.345  -66.785  -0.316 0.0000000000
21152  40.654  -67.636  -0.578 0.0000000000
21154  38.825  -67.554  -0.767 0.0000000000
21155  38.068  -67.174  -0.858 0.0000000000
22056  36.943  -66.730  -1.181 0.0000000000
21190  36.539  -66.815  -2.288 0.0000000000
17467  44.323  -70.696  -1.024 0.0000000000
23921  39.665  -64.397  4.772 0.0000000000
23942  40.222  -64.521  3.854 0.0000000000
22968  41.602  -65.245  1.433 0.0000000000
22984  42.135  -65.529  0.825 0.0000000000
23991  44.669  -64.447  1.900 0.0000000000
24006  44.904  -64.637  1.421 0.0000000000
22965  43.842  -64.833  1.538 0.0000000000
22037  43.200  -66.632  -0.284 0.0000000000
21149  43.664  -67.418  -0.541 0.0000000000
22035  45.292  -66.520  -0.362 0.0000000000
21148  44.682  -67.342  -0.580 0.0000000000
20277  44.111  -68.235  -0.608 0.0000000000
19383  44.534  -69.068  -0.667 0.0000000000
18413  44.947  -69.920  -0.724 0.0000000000
21132  48.820  -67.488  0.951 0.0000000000
18358  49.211  -71.495  2.724 0.0000000000
20255  50.127  -68.010  0.576 0.0000000000
22012  50.230  -66.203  0.263 0.0000000000
22031  49.989  -66.516  -0.616 0.0000000000
21168  49.263  -67.211  -1.354 0.0000000000
20273  48.323  -67.790  -1.311 0.0000000000
19405  49.918  -69.129  -0.955 0.0000000000
19407  48.683  -68.656  -1.383 0.0000000000
19380  47.941  -68.812  -1.208 0.0000000000
19381  46.689  -68.920  -0.910 0.0000000000
18412  46.033  -69.883  -0.781 0.0000000000
17466  45.366  -70.757  -1.020 0.0000000000
25988  35.750  -62.161  5.314 0.0000000000
24934  37.177  -63.259  5.375 0.0000000000
23895  39.353  -64.188  5.383 0.0000000000
24894  40.144  -63.676  8.060 0.0000000000
24915  39.263  -63.277  7.004 0.0000000000
23890  44.419  -65.035  5.119 0.0000000000
23889  45.038  -65.187  4.832 0.0000000000
22883  44.640  -66.291  5.969 0.0000000000
22895  45.199  -65.704  5.294 0.0000000000
22913  45.849  -65.724  4.956 0.0000000000
22988  38.495  -65.603  0.556 0.0000000000
24007  37.171  -64.950  0.748 0.0000000000
22990  37.064  -65.276  0.212 0.0000000000
16540  49.105  -72.527  3.528 0.0000000000
16555  48.454  -72.706  3.427 0.0000000000
17413  49.184  -71.798  3.127 0.0000000000
17414  48.690  -71.985  3.258 0.0000000000
18357  49.333  -71.548  2.519 0.0000000000
19377  50.610  -68.875  -0.113 0.0000000000
19378  50.347  -69.188  -0.511 0.0000000000
19406  49.221  -68.968  -1.316 0.0000000000
20270  50.673  -68.020  -0.084 0.0000000000
20272  48.855  -67.486  -1.426 0.0000000000
20281  40.092  -68.366  -0.833 0.0000000000
20299  49.093  -67.998  -1.470 0.0000000000
20300  48.508  -68.315  -1.376 0.0000000000
20303  38.800  -68.511  -1.519 0.0000000000
21129  50.637  -67.074  0.011 0.0000000000
21130  50.207  -67.065  0.403 0.0000000000
21142  50.487  -67.363  -0.406 0.0000000000
21144  48.725  -67.012  -1.305 0.0000000000
21167  49.754  -67.366  -1.173 0.0000000000
21171  36.766  -67.052  -1.737 0.0000000000
22001  49.785  -65.581  0.787 0.0000000000
22011  50.436  -66.618  -0.159 0.0000000000
22022  38.164  -65.952  -0.046 0.0000000000
22030  50.462  -66.859  -0.289 0.0000000000
22054  49.641  -66.899  -1.139 0.0000000000
22055  49.318  -66.682  -1.170 0.0000000000
22057  36.364  -66.316  -1.479 0.0000000000
22962  49.647  -65.331  0.720 0.0000000000
22978  49.453  -65.300  0.514 0.0000000000
22989  37.722  -65.439  0.455 0.0000000000
22996  49.872  -65.668  0.098 0.0000000000
23878  41.098  -63.937  7.062 0.0000000000
23914  46.159  -65.380  4.331 0.0000000000
23958  47.348  -64.768  2.455 0.0000000000
23988  47.495  -64.676  2.178 0.0000000000
