#!ascii label  , from subject bert vox2ras=TkReg
558
63668  24.627  -25.382  -13.983 0.1428571492
63669  23.632  -25.349  -14.097 0.1428571492
65548  24.470  -23.807  -15.187 0.1428571492
63667  25.578  -25.395  -13.729 0.1428571492
64615  25.451  -24.198  -14.544 0.2857142985
63676  24.045  -24.846  -14.485 0.1428571492
64614  26.105  -24.154  -14.339 0.1428571492
66605  25.159  -22.711  -16.250 0.5714285970
65546  26.343  -23.469  -14.823 0.1428571492
66589  28.221  -22.557  -15.001 0.2857142985
66590  27.286  -22.824  -15.202 0.2857142985
67714  29.088  -21.856  -15.126 0.1428571492
67715  28.446  -21.915  -15.448 0.2857142985
68906  29.892  -19.807  -16.325 0.2857142985
68907  29.276  -20.127  -16.572 0.1428571492
68894  28.726  -20.794  -16.232 0.2857142985
71961  30.816  -17.699  -17.192 0.2857142985
69914  31.318  -19.024  -15.768 0.2857142985
71972  31.350  -16.970  -17.286 0.2857142985
73968  31.373  -15.552  -18.570 0.2857142985
74896  31.914  -14.112  -18.979 0.8571428657
73974  31.697  -14.810  -18.796 0.4285714328
72971  32.149  -16.135  -17.295 0.2857142985
77036  31.884  -12.521  -19.837 0.7142857313
75950  32.314  -12.875  -19.089 0.7142857313
75951  31.902  -13.397  -19.425 0.7142857313
74897  31.507  -14.353  -19.345 0.7142857313
78075  32.719  -11.117  -19.711 0.8571428657
78076  32.276  -11.602  -19.900 0.5714285970
78077  31.785  -12.080  -20.116 0.8571428657
75961  31.642  -13.028  -19.996 0.7142857313
79111  33.083  -10.171  -20.554 0.4285714328
79104  32.688  -10.980  -20.005 0.7142857313
78087  32.085  -11.197  -20.451 0.8571428657
81052  33.648  -8.369  -21.320 0.2857142985
81053  33.009  -8.488  -21.569 0.5714285970
80099  32.841  -9.608  -21.116 0.8571428657
79112  32.555  -10.670  -20.515 0.8571428657
81984  33.554  -7.594  -21.858 0.1428571492
81972  33.995  -7.888  -21.289 0.1428571492
80109  32.520  -8.912  -21.388 0.5714285970
80110  32.004  -9.229  -21.256 0.8571428657
83888  32.588  -5.535  -21.700 0.1428571492
81996  33.307  -6.863  -22.423 0.1428571492
81997  32.932  -6.684  -22.388 0.1428571492
81985  32.651  -7.254  -21.851 0.4285714328
81055  31.306  -8.573  -21.197 0.8571428657
84862  32.678  -4.581  -21.338 0.1428571492
83900  32.817  -5.403  -22.709 0.1428571492
83889  32.483  -5.167  -21.072 0.1428571492
82896  32.419  -6.427  -21.694 0.1428571492
83876  32.192  -5.748  -20.917 0.4285714328
81974  31.974  -7.202  -21.286 0.5714285970
81044  31.559  -7.809  -21.270 0.7142857313
85744  31.685  -3.518  -20.556 0.1428571492
84850  32.030  -4.713  -20.697 0.1428571492
83877  31.285  -5.531  -20.553 0.5714285970
81975  31.208  -7.214  -20.884 0.8571428657
81045  30.906  -7.877  -21.047 0.8571428657
85743  32.513  -3.183  -20.904 0.1428571492
84851  30.942  -4.451  -20.477 0.8571428657
82886  31.629  -6.465  -20.801 0.7142857313
83878  30.121  -5.319  -20.550 0.8571428657
87532  31.551  -1.569  -20.486 0.1428571492
88442  32.015  -0.716  -20.650 0.1428571492
86606  31.076  -2.483  -20.431 0.4285714328
86607  30.061  -2.412  -20.522 0.8571428657
85745  30.530  -3.404  -20.519 0.8571428657
87533  30.578  -1.496  -20.324 0.4285714328
85746  29.463  -3.357  -20.851 0.8571428657
84852  30.033  -4.205  -20.558 0.8571428657
85761  29.078  -3.853  -21.201 0.8571428657
88443  31.117  -0.592  -20.228 0.1428571492
89422  30.663  0.434  -20.031 0.2857142985
88444  30.091  -0.482  -20.154 0.8571428657
85747  28.964  -2.836  -21.040 0.8571428657
86608  29.219  -2.299  -20.792 0.8571428657
90434  31.192  1.392  -20.069 0.2857142985
87535  28.740  -1.422  -20.837 0.8571428657
88461  28.151  -0.543  -21.076 0.8571428657
86624  28.576  -2.346  -21.149 0.8571428657
89423  29.680  0.554  -20.121 0.8571428657
89424  28.932  0.752  -20.351 0.8571428657
88445  29.022  -0.300  -20.445 0.8571428657
89432  28.288  0.537  -20.776 0.7142857313
90435  30.188  1.451  -19.951 0.8571428657
90436  29.306  1.494  -20.199 0.8571428657
91347  28.947  2.159  -20.425 0.8571428657
91355  28.927  2.788  -20.511 0.8571428657
90444  27.885  1.462  -21.214 0.7142857313
93072  30.554  4.080  -19.988 0.7142857313
92211  30.029  3.581  -19.944 0.8571428657
92217  29.094  3.636  -20.475 0.8571428657
93936  29.538  5.556  -20.557 0.7142857313
90437  28.588  1.484  -20.603 0.8571428657
94759  33.352  6.458  -21.465 0.1428571492
93084  29.925  4.557  -20.228 0.8571428657
93935  30.507  5.532  -20.356 0.7142857313
94751  31.060  6.435  -20.458 0.7142857313
93085  29.009  4.697  -20.646 0.8571428657
97259  33.602  8.695  -22.450 0.1428571492
95619  31.509  7.276  -20.612 0.5714285970
96445  31.145  8.118  -20.636 0.5714285970
97234  32.403  8.264  -21.004 0.1428571492
97269  33.552  9.014  -23.253 0.1428571492
97236  30.817  9.018  -20.698 0.5714285970
98030  32.894  10.154  -23.815 0.1428571492
98038  32.789  10.122  -24.449 0.1428571492
98001  32.725  9.764  -21.737 0.1428571492
98039  32.438  10.728  -25.102 0.1428571492
97235  31.846  8.803  -20.820 0.5714285970
98031  32.622  10.757  -24.020 0.1428571492
98752  32.386  11.338  -23.329 0.1428571492
98768  32.109  11.752  -24.963 0.1428571492
99491  31.999  11.852  -22.700 0.1428571492
62742  24.721  -26.134  -13.567 0.1428571492
62743  23.777  -26.267  -13.712 0.1428571492
65547  25.320  -23.683  -15.013 0.2857142985
65530  26.736  -23.797  -14.285 0.1428571492
65545  27.401  -23.290  -14.643 0.2857142985
68893  29.776  -20.299  -15.832 0.2857142985
67733  28.973  -21.245  -15.614 0.1428571492
72972  31.185  -16.216  -17.940 0.2857142985
72973  30.604  -16.766  -18.474 0.2857142985
74890  32.232  -14.225  -18.496 0.4285714328
75952  31.411  -13.943  -19.731 0.7142857313
80098  33.549  -9.700  -20.542 0.1428571492
80101  31.606  -10.455  -21.115 0.8571428657
81054  32.161  -8.216  -21.427 0.7142857313
85760  32.514  -3.913  -20.895 0.1428571492
82888  29.801  -6.459  -20.748 0.8571428657
84863  29.347  -4.495  -21.007 0.8571428657
91340  30.434  2.992  -19.790 0.8571428657
93083  30.926  4.661  -20.148 0.8571428657
95618  32.176  7.305  -20.764 0.2857142985
97247  32.710  8.853  -21.349 0.1428571492
98020  33.193  9.892  -23.239 0.1428571492
98042  31.780  10.675  -26.091 0.1428571492
61875  23.195  -26.782  -13.633 0.1428571492
65553  25.948  -23.160  -15.392 0.4285714328
66602  27.854  -22.270  -15.486 0.2857142985
66591  26.624  -22.924  -15.482 0.4285714328
66604  26.248  -22.604  -16.091 0.2857142985
69899  31.252  -19.613  -15.466 0.2857142985
70960  31.556  -18.400  -16.141 0.2857142985
70962  30.012  -18.893  -17.299 0.2857142985
69916  29.882  -19.425  -16.813 0.2857142985
70961  30.644  -18.507  -16.810 0.2857142985
83899  33.364  -5.594  -23.099 0.1428571492
85759  32.978  -3.548  -21.724 0.1428571492
86605  32.044  -2.479  -20.669 0.1428571492
81976  30.388  -7.303  -20.819 0.8571428657
89421  31.665  0.326  -20.324 0.1428571492
88462  27.402  -0.830  -21.790 0.8571428657
91345  30.709  2.299  -19.858 0.5714285970
92209  31.253  3.464  -20.026 0.5714285970
93071  31.142  3.973  -20.057 0.5714285970
93934  31.557  5.456  -20.340 0.7142857313
94750  32.131  6.460  -20.613 0.4285714328
93933  32.760  5.288  -20.692 0.2857142985
94760  32.844  6.229  -20.995 0.2857142985
95629  32.736  7.061  -21.105 0.1428571492
96459  32.946  7.923  -21.323 0.1428571492
97246  33.372  8.403  -21.787 0.1428571492
98002  31.991  10.228  -21.292 0.2857142985
98011  32.820  10.270  -22.474 0.1428571492
98731  32.380  10.534  -21.845 0.1428571492
98742  31.848  11.735  -21.986 0.1428571492
97278  33.186  9.394  -24.153 0.1428571492
99513  32.025  12.385  -24.274 0.1428571492
100267  31.861  12.491  -22.845 0.1428571492
99523  31.777  12.341  -24.989 0.1428571492
91344  31.606  2.517  -20.269 0.4285714328
92216  31.610  3.399  -20.295 0.4285714328
93082  31.841  4.241  -20.350 0.4285714328
64605  25.522  -24.750  -14.149 0.1428571492
64616  24.593  -24.429  -14.695 0.1428571492
63670  22.772  -25.425  -13.834 0.1428571492
64617  23.654  -24.491  -14.639 0.2857142985
65554  25.253  -23.205  -15.622 0.5714285970
65529  27.465  -23.830  -14.093 0.1428571492
66603  27.243  -22.415  -15.813 0.1428571492
69915  30.592  -19.351  -16.076 0.2857142985
79113  31.873  -10.847  -20.815 0.8571428657
81042  33.509  -9.040  -21.127 0.5714285970
81986  32.193  -7.619  -21.497 0.5714285970
82906  33.097  -6.225  -22.740 0.1428571492
81973  32.293  -6.859  -21.542 0.1428571492
82887  30.729  -6.405  -20.602 0.8571428657
87534  29.603  -1.406  -20.477 0.8571428657
91346  29.654  2.555  -20.030 0.8571428657
96473  33.744  7.849  -22.330 0.1428571492
96444  31.936  7.930  -20.760 0.5714285970
95620  30.584  7.337  -20.548 0.5714285970
97248  32.191  9.508  -21.150 0.4285714328
97286  32.750  9.553  -25.116 0.1428571492
98000  33.223  9.097  -21.907 0.1428571492
98761  32.367  11.538  -24.199 0.1428571492
68892  30.589  -20.394  -15.341 0.1428571492
91339  31.075  2.979  -19.837 0.5714285970
70973  29.610  -18.829  -17.859 0.5714285970
98732  31.777  11.115  -21.477 0.1428571492
70974  29.046  -19.077  -18.325 0.5714285970
69941  27.724  -19.667  -18.488 0.5714285970
69942  26.680  -19.705  -18.524 0.2857142985
70990  29.513  -18.374  -18.532 0.5714285970
71005  27.936  -18.243  -19.222 0.5714285970
69926  26.299  -20.033  -18.374 0.4285714328
70991  28.542  -18.707  -18.828 0.5714285970
69943  25.787  -19.218  -18.606 0.2857142985
70993  26.484  -18.702  -18.899 0.4285714328
71986  29.392  -17.717  -19.197 0.5714285970
71998  27.937  -17.479  -19.604 0.5714285970
72985  30.273  -16.641  -19.270 0.5714285970
73000  29.680  -16.176  -19.842 0.5714285970
71997  28.803  -17.352  -19.543 0.4285714328
73976  30.285  -15.891  -19.613 0.7142857313
73992  29.186  -15.597  -20.637 0.4285714328
73991  30.170  -15.329  -19.996 0.4285714328
71006  27.159  -18.096  -19.285 0.4285714328
71007  26.273  -17.975  -19.405 0.2857142985
70994  25.556  -18.424  -18.906 0.2857142985
73002  27.614  -16.861  -20.315 0.4285714328
74908  30.512  -14.501  -20.279 0.7142857313
74923  29.451  -14.617  -21.164 0.4285714328
77051  29.664  -13.165  -21.694 0.7142857313
77082  28.635  -12.760  -22.351 0.2857142985
74907  31.028  -14.433  -19.797 0.5714285970
75963  30.517  -14.045  -20.676 0.5714285970
77050  30.234  -12.604  -21.559 0.7142857313
78103  29.459  -11.755  -22.127 0.7142857313
79127  29.566  -10.908  -21.865 0.7142857313
79128  28.879  -11.218  -22.263 0.7142857313
78119  28.468  -11.728  -22.489 0.4285714328
80113  28.756  -10.037  -22.276 0.4285714328
77037  31.514  -12.574  -20.289 0.5714285970
75975  30.653  -13.106  -21.006 0.5714285970
78088  31.589  -11.685  -20.600 0.5714285970
78102  30.128  -11.669  -21.812 0.5714285970
80112  29.784  -9.824  -21.507 0.7142857313
81057  28.937  -8.782  -21.701 0.7142857313
81068  28.090  -8.805  -22.557 0.5714285970
81998  28.296  -7.756  -22.033 0.5714285970
80100  32.036  -10.146  -21.098 0.7142857313
79126  30.466  -10.818  -21.479 0.5714285970
80111  31.078  -9.812  -21.178 0.7142857313
81056  30.119  -8.413  -21.139 0.8571428657
81988  29.070  -7.639  -21.379 0.7142857313
82898  28.574  -6.785  -21.695 0.7142857313
82908  27.963  -6.713  -22.414 0.7142857313
81987  29.672  -7.312  -20.989 0.8571428657
83891  28.762  -6.200  -21.437 0.7142857313
83903  27.708  -5.648  -22.824 0.5714285970
84884  27.115  -4.678  -23.050 0.2857142985
82897  29.129  -6.677  -21.182 0.7142857313
85772  27.244  -3.697  -22.587 0.7142857313
83890  29.092  -5.623  -21.141 0.8571428657
83902  28.359  -5.704  -21.839 0.8571428657
85762  28.614  -3.347  -21.354 0.8571428657
84874  28.457  -4.795  -21.651 0.8571428657
84875  27.821  -4.596  -22.192 0.5714285970
85763  27.856  -3.492  -21.933 0.8571428657
86625  27.975  -2.552  -21.635 0.8571428657
86635  27.369  -2.644  -22.322 0.7142857313
84873  28.892  -4.878  -21.367 0.8571428657
87553  27.536  -1.862  -21.861 0.8571428657
87552  28.038  -1.597  -21.355 0.8571428657
91356  28.420  2.440  -20.938 0.7142857313
91357  27.636  2.468  -21.643 0.7142857313
92227  28.655  3.114  -20.784 0.5714285970
91358  26.871  2.451  -22.330 0.7142857313
92228  28.229  3.566  -21.209 0.7142857313
92218  28.648  4.147  -20.844 0.8571428657
93094  28.321  4.677  -21.083 0.7142857313
92229  27.240  3.473  -21.933 0.7142857313
93944  27.852  5.536  -21.333 0.7142857313
94761  27.343  6.461  -21.485 0.7142857313
93945  27.016  5.479  -21.838 0.5714285970
93937  28.649  5.576  -20.859 0.7142857313
94754  28.231  6.476  -21.111 0.7142857313
94762  26.434  6.441  -21.939 0.5714285970
94753  29.104  6.483  -20.729 0.5714285970
95622  28.664  7.377  -20.965 0.5714285970
95630  27.793  7.388  -21.306 0.5714285970
95631  26.850  7.433  -21.574 0.5714285970
94764  24.922  6.750  -22.576 0.5714285970
94763  25.466  6.388  -22.522 0.4285714328
96462  26.366  8.383  -21.576 0.5714285970
95632  25.901  7.456  -21.977 0.5714285970
96460  28.240  8.090  -21.172 0.5714285970
95633  24.863  7.462  -22.254 0.4285714328
93953  24.188  5.317  -22.959 0.4285714328
96464  24.402  8.640  -21.226 0.4285714328
75942  32.161  -13.752  -18.861 0.2857142985
79114  31.301  -10.916  -21.171 0.5714285970
97250  25.914  9.189  -21.222 0.2857142985
96463  25.401  8.447  -21.644 0.4285714328
96465  23.476  8.105  -21.291 0.2857142985
69925  28.167  -19.997  -18.149 0.5714285970
68917  27.417  -20.573  -18.035 0.5714285970
70989  30.012  -18.056  -18.068 0.2857142985
71973  30.563  -17.314  -17.827 0.2857142985
71985  30.134  -17.534  -18.611 0.5714285970
71999  26.935  -17.484  -19.951 0.4285714328
73001  28.648  -16.603  -19.952 0.4285714328
71008  25.541  -17.758  -19.360 0.2857142985
77027  32.506  -12.359  -18.945 0.2857142985
75990  27.981  -13.743  -22.257 0.2857142985
77067  29.179  -12.603  -22.155 0.7142857313
89433  27.559  0.371  -21.444 0.7142857313
90453  26.665  0.754  -22.436 0.7142857313
93095  27.568  4.533  -21.611 0.7142857313
93946  26.203  5.430  -22.425 0.5714285970
95642  24.672  6.838  -22.541 0.2857142985
94752  30.056  6.467  -20.506 0.5714285970
95621  29.591  7.394  -20.652 0.5714285970
96461  27.411  8.432  -21.367 0.5714285970
73993  28.100  -16.232  -20.781 0.4285714328
70972  30.289  -18.228  -17.518 0.2857142985
75962  31.100  -13.555  -20.364 0.5714285970
84864  28.794  -4.240  -21.408 0.7142857313
73975  30.919  -15.360  -19.343 0.5714285970
73990  30.650  -14.893  -19.817 0.5714285970
77049  30.991  -12.541  -20.839 0.5714285970
69940  28.497  -19.481  -18.359 0.4285714328
70992  27.428  -18.858  -18.858 0.4285714328
71987  28.540  -17.911  -19.291 0.5714285970
68918  26.310  -20.422  -18.196 0.5714285970
72986  29.409  -16.943  -19.621 0.5714285970
74909  29.942  -14.919  -20.611 0.5714285970
74922  30.144  -14.368  -20.797 0.7142857313
75977  29.005  -13.736  -21.802 0.5714285970
75978  28.391  -14.164  -21.931 0.4285714328
74924  28.554  -14.679  -21.608 0.4285714328
75989  28.560  -13.131  -22.285 0.2857142985
77066  29.816  -12.178  -22.010 0.7142857313
78089  30.830  -11.720  -21.288 0.7142857313
81999  27.597  -7.711  -22.853 0.2857142985
84865  28.278  -4.098  -21.675 0.8571428657
95634  23.914  7.607  -21.960 0.4285714328
73003  26.649  -16.676  -20.587 0.1428571492
74010  27.216  -15.846  -21.137 0.4285714328
65556  23.831  -22.896  -15.583 0.4285714328
71960  31.497  -17.651  -16.779 0.1428571492
73967  32.036  -15.177  -17.993 0.1428571492
71971  32.071  -16.963  -16.936 0.1428571492
71959  32.564  -17.391  -16.358 0.1428571492
73966  32.813  -15.198  -17.285 0.1428571492
72960  32.664  -16.556  -16.812 0.1428571492
74889  32.852  -14.175  -17.745 0.1428571492
77015  32.886  -12.219  -18.319 0.2857142985
78063  32.804  -11.435  -19.097 0.1428571492
100293  31.252  13.631  -24.589 0.1428571492
88478  26.728  -0.724  -22.523 0.4285714328
101060  30.966  14.316  -23.638 0.1428571492
90454  26.492  1.148  -22.913 0.4285714328
90445  26.979  1.369  -22.015 0.5714285970
91365  26.255  2.215  -23.088 0.4285714328
99470  29.066  12.312  -20.594 0.2857142985
97992  29.499  10.192  -20.592 0.2857142985
96448  28.217  8.806  -21.075 0.2857142985
91371  24.942  2.222  -24.323 0.1428571492
92230  26.425  3.362  -22.613 0.5714285970
97993  28.402  10.447  -20.555 0.2857142985
96447  29.047  8.375  -20.822 0.4285714328
92236  25.451  3.181  -23.248 0.4285714328
93102  25.909  4.368  -22.757 0.5714285970
97239  27.608  9.584  -20.968 0.2857142985
92237  24.637  3.627  -23.402 0.4285714328
93104  24.428  4.419  -23.215 0.2857142985
97240  26.510  9.925  -20.887 0.1428571492
97249  26.753  9.155  -21.314 0.1428571492
93110  24.044  3.933  -23.372 0.1428571492
94771  25.123  5.809  -22.829 0.4285714328
97251  25.045  9.171  -21.042 0.1428571492
97994  27.270  10.674  -20.374 0.1428571492
93105  23.809  4.486  -23.085 0.2857142985
97252  24.640  9.138  -20.897 0.2857142985
96436  23.615  8.891  -19.876 0.1428571492
97241  25.504  9.927  -20.737 0.1428571492
97995  26.148  10.787  -20.343 0.1428571492
97242  24.502  9.537  -20.361 0.1428571492
97997  24.716  10.176  -20.002 0.1428571492
97985  24.926  10.720  -19.722 0.1428571492
66606  24.311  -22.546  -16.133 0.4285714328
67749  23.799  -21.297  -16.397 0.2857142985
72970  32.955  -15.908  -16.945 0.1428571492
89445  26.479  0.187  -22.764 0.2857142985
97991  30.511  9.934  -20.715 0.2857142985
66614  23.829  -21.809  -16.204 0.2857142985
67732  29.798  -21.065  -15.183 0.1428571492
67713  29.828  -21.725  -14.690 0.1428571492
70946  31.930  -18.806  -15.496 0.1428571492
75941  32.529  -13.252  -18.558 0.1428571492
92246  23.464  3.405  -23.939 0.1428571492
91372  24.398  2.628  -24.374 0.2857142985
96446  30.158  8.255  -20.628 0.4285714328
98724  29.263  11.231  -20.519 0.2857142985
98723  30.303  10.873  -20.640 0.2857142985
99469  30.218  11.923  -20.758 0.2857142985
99480  30.598  12.689  -21.071 0.1428571492
100252  30.251  13.511  -21.232 0.1428571492
98725  28.124  11.588  -20.378 0.2857142985
100251  31.191  13.011  -21.580 0.1428571492
100268  31.584  13.230  -22.526 0.1428571492
99479  31.279  12.076  -21.319 0.1428571492
79090  33.588  -10.545  -18.706 0.2857142985
97990  31.438  9.695  -20.903 0.4285714328
99468  31.010  11.335  -20.915 0.2857142985
65555  24.428  -23.160  -15.691 0.4285714328
98722  31.194  10.548  -20.944 0.2857142985
90446  26.693  1.809  -22.645 0.4285714328
97237  29.792  9.211  -20.683 0.2857142985
89444  26.857  0.199  -22.065 0.5714285970
93096  26.715  4.446  -22.191 0.5714285970
93951  25.480  5.307  -22.868 0.5714285970
97238  28.747  9.438  -20.753 0.2857142985
92243  25.138  2.596  -23.785 0.2857142985
92244  24.725  2.893  -23.832 0.2857142985
93103  25.130  4.374  -23.078 0.5714285970
93952  24.854  5.277  -23.066 0.4285714328
66607  23.548  -22.119  -15.694 0.2857142985
74888  33.483  -13.795  -17.104 0.1428571492
88479  26.263  -0.656  -23.272 0.2857142985
101037  30.998  13.749  -21.865 0.1428571492
99471  27.980  12.832  -20.378 0.1428571492
100238  27.953  14.058  -20.521 0.1428571492
98717  25.159  11.156  -19.508 0.1428571492
99472  27.077  13.574  -19.953 0.1428571492
98726  26.952  11.978  -19.701 0.1428571492
98715  26.570  12.393  -19.503 0.1428571492
100239  27.115  14.770  -20.338 0.1428571492
100228  26.517  15.047  -19.563 0.1428571492
98716  26.304  12.284  -19.170 0.1428571492
99473  26.694  14.553  -19.869 0.1428571492
101026  28.017  15.225  -20.695 0.1428571492
72984  30.924  -16.141  -18.745 0.2857142985
100237  29.060  13.463  -20.744 0.1428571492
99464  26.558  13.830  -19.408 0.1428571492
68909  27.464  -20.907  -17.412 0.4285714328
68916  28.196  -20.281  -17.822 0.2857142985
68908  28.200  -20.563  -17.091 0.1428571492
69924  28.838  -19.733  -17.811 0.2857142985
67746  26.452  -21.551  -17.147 0.2857142985
67754  26.402  -21.093  -17.675 0.4285714328
69917  29.138  -19.837  -17.138 0.1428571492
67744  27.746  -21.261  -16.546 0.1428571492
68931  27.202  -20.083  -18.387 0.4285714328
67745  27.235  -21.322  -16.968 0.2857142985
67747  25.637  -21.609  -17.240 0.2857142985
66612  24.936  -22.142  -16.750 0.2857142985
67756  24.860  -20.815  -17.591 0.2857142985
67755  25.532  -21.000  -17.687 0.2857142985
74009  28.314  -15.493  -21.280 0.2857142985
74937  27.993  -14.427  -21.951 0.2857142985
77068  28.757  -12.178  -22.383 0.1428571492
78120  27.744  -11.672  -22.811 0.1428571492
79143  28.124  -10.878  -22.690 0.2857142985
83914  27.016  -5.629  -23.637 0.1428571492
86649  26.877  -3.000  -22.889 0.1428571492
85784  26.642  -3.732  -23.326 0.1428571492
86636  26.831  -2.302  -22.807 0.1428571492
86650  26.409  -2.617  -23.494 0.1428571492
89459  25.486  0.395  -24.087 0.1428571492
90465  24.641  1.386  -24.573 0.1428571492
90459  25.805  1.273  -23.562 0.1428571492
94772  24.669  6.199  -22.760 0.1428571492
95643  24.237  6.881  -22.487 0.1428571492
93954  23.538  5.263  -22.731 0.1428571492
95644  23.516  6.818  -22.296 0.1428571492
95635  23.160  7.396  -21.770 0.1428571492
67736  26.599  -21.926  -16.684 0.1428571492
87569  27.057  -1.659  -22.377 0.2857142985
87584  26.073  -1.566  -23.796 0.1428571492
91370  25.505  2.163  -23.763 0.1428571492
66592  23.292  -22.928  -15.117 0.2857142985
73994  27.401  -16.481  -20.803 0.2857142985
74925  27.692  -15.004  -21.653 0.2857142985
81069  27.421  -8.638  -23.450 0.1428571492
82011  27.072  -7.577  -23.704 0.1428571492
83915  26.455  -5.560  -24.435 0.1428571492
84885  26.573  -4.658  -23.919 0.1428571492
85785  26.102  -3.635  -24.279 0.1428571492
89471  24.898  0.477  -24.551 0.1428571492
94774  23.241  6.032  -22.443 0.1428571492
94773  23.867  6.128  -22.706 0.1428571492
66611  25.836  -22.128  -16.731 0.2857142985
93106  23.165  4.177  -22.745 0.1428571492
87570  26.544  -1.586  -23.040 0.1428571492
89458  26.047  0.302  -23.443 0.1428571492
67748  24.692  -21.446  -17.145 0.2857142985
74938  27.301  -14.379  -22.049 0.1428571492
84898  26.178  -4.654  -24.689 0.1428571492
66608  22.898  -21.789  -15.236 0.1428571492
67716  22.201  -21.639  -14.462 0.1428571492
67737  23.166  -21.359  -15.624 0.1428571492
68920  24.575  -20.274  -17.649 0.1428571492
79103  33.182  -10.574  -19.872 0.1428571492
92215  32.197  3.289  -20.658 0.1428571492
65550  22.912  -23.544  -14.617 0.1428571492
68896  22.999  -20.392  -15.892 0.1428571492
68910  24.265  -20.793  -17.210 0.1428571492
68919  25.343  -20.350  -17.972 0.1428571492
68911  23.761  -20.354  -16.804 0.1428571492
69944  25.234  -18.916  -18.538 0.1428571492
70995  24.652  -18.505  -18.479 0.1428571492
90433  32.115  1.336  -20.566 0.1428571492
65549  23.654  -23.591  -15.123 0.1428571492
69928  24.931  -19.512  -18.168 0.1428571492
72000  25.999  -17.292  -19.846 0.1428571492
66613  24.155  -21.935  -16.441 0.1428571492
67738  22.401  -21.226  -15.063 0.1428571492
61874  23.529  -26.976  -13.523 0.1428571492
62734  24.109  -26.769  -13.474 0.1428571492
63675  24.349  -24.970  -14.335 0.1428571492
64606  24.902  -24.762  -14.355 0.1428571492
67734  28.025  -21.581  -15.960 0.1428571492
67753  27.008  -21.130  -17.485 0.4285714328
68895  28.160  -21.031  -16.436 0.1428571492
68921  24.125  -20.312  -17.319 0.1428571492
68932  26.916  -20.242  -18.341 0.5714285970
69923  29.502  -19.353  -17.394 0.2857142985
69927  25.885  -19.908  -18.357 0.4285714328
74008  28.920  -15.145  -21.236 0.4285714328
75976  30.137  -13.671  -21.166 0.7142857313
77028  32.219  -12.452  -19.411 0.7142857313
77083  28.346  -12.414  -22.475 0.1428571492
78064  32.427  -11.951  -19.319 0.5714285970
78104  28.966  -11.909  -22.304 0.4285714328
81043  31.956  -7.725  -21.417 0.7142857313
81995  33.872  -6.900  -22.366 0.1428571492
82885  32.189  -6.488  -21.226 0.1428571492
82907  32.706  -6.277  -22.249 0.1428571492
83875  32.400  -6.070  -21.350 0.1428571492
83901  28.692  -5.249  -21.496 0.8571428657
90460  25.234  1.345  -24.206 0.1428571492
91338  31.390  3.090  -20.104 0.4285714328
91378  24.411  2.079  -24.688 0.1428571492
92210  30.756  3.527  -19.863 0.5714285970
92238  24.265  3.790  -23.432 0.4285714328
93070  31.455  3.773  -20.199 0.5714285970
93116  23.200  3.418  -23.884 0.1428571492
94765  22.898  6.602  -22.005 0.1428571492
95628  33.243  7.281  -21.534 0.1428571492
95640  33.807  7.372  -22.410 0.1428571492
95641  33.697  7.153  -21.985 0.1428571492
96443  32.453  7.712  -20.970 0.2857142985
96450  23.769  8.852  -20.422 0.1428571492
96458  33.441  7.745  -21.765 0.1428571492
96472  33.803  7.568  -22.551 0.1428571492
97996  25.153  10.590  -20.028 0.1428571492
98010  33.277  9.511  -22.485 0.1428571492
98021  32.739  10.608  -23.212 0.1428571492
98741  32.331  11.101  -22.411 0.1428571492
99463  26.635  12.834  -19.543 0.1428571492
99492  31.677  12.420  -22.134 0.1428571492
99504  32.112  12.084  -23.458 0.1428571492
100240  26.523  15.383  -20.118 0.1428571492
