#!ascii label  , from subject bert vox2ras=TkReg
207
81056  30.119  -8.413  -21.139 0.0000000000
71985  30.134  -17.534  -18.611 0.0000000000
85772  27.244  -3.697  -22.587 0.0000000000
95631  26.850  7.433  -21.574 0.0000000000
70991  28.542  -18.707  -18.828 0.0000000000
87535  28.740  -1.422  -20.837 0.0000000000
91347  28.947  2.159  -20.425 0.0000000000
79128  28.879  -11.218  -22.263 0.0000000000
75975  30.653  -13.106  -21.006 0.0000000000
78088  31.589  -11.685  -20.600 0.0000000000
81975  31.208  -7.214  -20.884 0.0000000000
80099  32.841  -9.608  -21.116 0.0000000000
83891  28.762  -6.200  -21.437 0.0000000000
84852  30.033  -4.205  -20.558 0.0000000000
93945  27.016  5.479  -21.838 0.0000000000
93085  29.009  4.697  -20.646 0.0000000000
73968  31.373  -15.552  -18.570 0.0000000000
89433  27.559  0.371  -21.444 0.0000000000
91357  27.636  2.468  -21.643 0.0000000000
80112  29.784  -9.824  -21.507 0.0000000000
78102  30.128  -11.669  -21.812 0.0000000000
80101  31.606  -10.455  -21.115 0.0000000000
70990  29.513  -18.374  -18.532 0.0000000000
84875  27.821  -4.596  -22.192 0.0000000000
84873  28.892  -4.878  -21.367 0.0000000000
85762  28.614  -3.347  -21.354 0.0000000000
88444  30.091  -0.482  -20.154 0.0000000000
87533  30.578  -1.496  -20.324 0.0000000000
95632  25.901  7.456  -21.977 0.0000000000
93951  25.480  5.307  -22.868 0.0000000000
94761  27.343  6.461  -21.485 0.0000000000
97235  31.846  8.803  -20.820 0.0000000000
95619  31.509  7.276  -20.612 0.0000000000
94752  30.056  6.467  -20.506 0.0000000000
94751  31.060  6.435  -20.458 0.0000000000
93083  30.926  4.661  -20.148 0.0000000000
75951  31.902  -13.397  -19.425 0.0000000000
74907  31.028  -14.433  -19.797 0.0000000000
69941  27.724  -19.667  -18.488 0.0000000000
86625  27.975  -2.552  -21.635 0.0000000000
88462  27.402  -0.830  -21.790 0.0000000000
89432  28.288  0.537  -20.776 0.0000000000
90435  30.188  1.451  -19.951 0.0000000000
77051  29.664  -13.165  -21.694 0.0000000000
77066  29.816  -12.178  -22.010 0.0000000000
77049  30.991  -12.541  -20.839 0.0000000000
77036  31.884  -12.521  -19.837 0.0000000000
81045  30.906  -7.877  -21.047 0.0000000000
80110  32.004  -9.229  -21.256 0.0000000000
81054  32.161  -8.216  -21.427 0.0000000000
81057  28.937  -8.782  -21.701 0.0000000000
81998  28.296  -7.756  -22.033 0.0000000000
81988  29.070  -7.639  -21.379 0.0000000000
82888  29.801  -6.459  -20.748 0.0000000000
83878  30.121  -5.319  -20.550 0.0000000000
84851  30.942  -4.451  -20.477 0.0000000000
85747  28.964  -2.836  -21.040 0.0000000000
85745  30.530  -3.404  -20.519 0.0000000000
92230  26.425  3.362  -22.613 0.0000000000
95622  28.664  7.377  -20.965 0.0000000000
94754  28.231  6.476  -21.111 0.0000000000
93094  28.321  4.677  -21.083 0.0000000000
92228  28.229  3.566  -21.209 0.0000000000
92217  29.094  3.636  -20.475 0.0000000000
91340  30.434  2.992  -19.790 0.0000000000
73000  29.680  -16.176  -19.842 0.0000000000
74922  30.144  -14.368  -20.797 0.0000000000
79112  32.555  -10.670  -20.515 0.0000000000
78075  32.719  -11.117  -19.711 0.0000000000
90445  26.979  1.369  -22.015 0.0000000000
91358  26.871  2.451  -22.330 0.0000000000
80111  31.078  -9.812  -21.178 0.0000000000
68918  26.310  -20.422  -18.196 0.0000000000
68917  27.417  -20.573  -18.035 0.0000000000
71986  29.392  -17.717  -19.197 0.0000000000
84865  28.278  -4.098  -21.675 0.0000000000
85763  27.856  -3.492  -21.933 0.0000000000
89422  30.663  0.434  -20.031 0.0000000000
94764  24.922  6.750  -22.576 0.0000000000
94762  26.434  6.441  -21.939 0.0000000000
93934  31.557  5.456  -20.340 0.0000000000
74896  31.914  -14.112  -18.979 0.0000000000
71998  27.937  -17.479  -19.604 0.0000000000
90444  27.885  1.462  -21.214 0.0000000000
90437  28.588  1.484  -20.603 0.0000000000
89424  28.932  0.752  -20.351 0.0000000000
90436  29.306  1.494  -20.199 0.0000000000
96462  26.366  8.383  -21.576 0.0000000000
77067  29.179  -12.603  -22.155 0.0000000000
78103  29.459  -11.755  -22.127 0.0000000000
78089  30.830  -11.720  -21.288 0.0000000000
77037  31.514  -12.574  -20.289 0.0000000000
78077  31.785  -12.080  -20.116 0.0000000000
69925  28.167  -19.997  -18.149 0.0000000000
81055  31.306  -8.573  -21.197 0.0000000000
81044  31.559  -7.809  -21.270 0.0000000000
81068  28.090  -8.805  -22.557 0.0000000000
83903  27.708  -5.648  -22.824 0.0000000000
82908  27.963  -6.713  -22.414 0.0000000000
82898  28.574  -6.785  -21.695 0.0000000000
81987  29.672  -7.312  -20.989 0.0000000000
82897  29.129  -6.677  -21.182 0.0000000000
84863  29.347  -4.495  -21.007 0.0000000000
83877  31.285  -5.531  -20.553 0.0000000000
86624  28.576  -2.346  -21.149 0.0000000000
86608  29.219  -2.299  -20.792 0.0000000000
86607  30.061  -2.412  -20.522 0.0000000000
85744  31.685  -3.518  -20.556 0.0000000000
93946  26.203  5.430  -22.425 0.0000000000
93103  25.130  4.374  -23.078 0.0000000000
93102  25.909  4.368  -22.757 0.0000000000
92236  25.451  3.181  -23.248 0.0000000000
93096  26.715  4.446  -22.191 0.0000000000
96445  31.145  8.118  -20.636 0.0000000000
97236  30.817  9.018  -20.698 0.0000000000
95621  29.591  7.394  -20.652 0.0000000000
94753  29.104  6.483  -20.729 0.0000000000
93936  29.538  5.556  -20.557 0.0000000000
93937  28.649  5.576  -20.859 0.0000000000
92218  28.648  4.147  -20.844 0.0000000000
93071  31.142  3.973  -20.057 0.0000000000
93072  30.554  4.080  -19.988 0.0000000000
92209  31.253  3.464  -20.026 0.0000000000
91339  31.075  2.979  -19.837 0.0000000000
73001  28.648  -16.603  -19.952 0.0000000000
75977  29.005  -13.736  -21.802 0.0000000000
75963  30.517  -14.045  -20.676 0.0000000000
73974  31.697  -14.810  -18.796 0.0000000000
73990  30.650  -14.893  -19.817 0.0000000000
73975  30.919  -15.360  -19.343 0.0000000000
73976  30.285  -15.891  -19.613 0.0000000000
80100  32.036  -10.146  -21.098 0.0000000000
89444  26.857  0.199  -22.065 0.0000000000
90453  26.665  0.754  -22.436 0.0000000000
91356  28.420  2.440  -20.938 0.0000000000
79127  29.566  -10.908  -21.865 0.0000000000
79126  30.466  -10.818  -21.479 0.0000000000
79114  31.301  -10.916  -21.171 0.0000000000
70974  29.046  -19.077  -18.325 0.0000000000
70973  29.610  -18.829  -17.859 0.0000000000
82886  31.629  -6.465  -20.801 0.0000000000
81974  31.974  -7.202  -21.286 0.0000000000
83902  28.359  -5.704  -21.839 0.0000000000
83890  29.092  -5.623  -21.141 0.0000000000
84874  28.457  -4.795  -21.651 0.0000000000
84864  28.794  -4.240  -21.408 0.0000000000
85761  29.078  -3.853  -21.201 0.0000000000
88445  29.022  -0.300  -20.445 0.0000000000
87534  29.603  -1.406  -20.477 0.0000000000
96444  31.936  7.930  -20.760 0.0000000000
95620  30.584  7.337  -20.548 0.0000000000
93935  30.507  5.532  -20.356 0.0000000000
93084  29.925  4.557  -20.228 0.0000000000
75962  31.100  -13.555  -20.364 0.0000000000
75952  31.411  -13.943  -19.731 0.0000000000
74897  31.507  -14.353  -19.345 0.0000000000
69942  26.680  -19.705  -18.524 0.0000000000
70993  26.484  -18.702  -18.899 0.0000000000
71005  27.936  -18.243  -19.222 0.0000000000
71987  28.540  -17.911  -19.291 0.0000000000
86635  27.369  -2.644  -22.322 0.0000000000
87553  27.536  -1.862  -21.861 0.0000000000
87552  28.038  -1.597  -21.355 0.0000000000
88461  28.151  -0.543  -21.076 0.0000000000
89423  29.680  0.554  -20.121 0.0000000000
95633  24.863  7.462  -22.254 0.0000000000
96461  27.411  8.432  -21.367 0.0000000000
77050  30.234  -12.604  -21.559 0.0000000000
75961  31.642  -13.028  -19.996 0.0000000000
75950  32.314  -12.875  -19.089 0.0000000000
80109  32.520  -8.912  -21.388 0.0000000000
81986  32.193  -7.619  -21.497 0.0000000000
81053  33.009  -8.488  -21.569 0.0000000000
81042  33.509  -9.040  -21.127 0.0000000000
80113  28.756  -10.037  -22.276 0.0000000000
81976  30.388  -7.303  -20.819 0.0000000000
82887  30.729  -6.405  -20.602 0.0000000000
85746  29.463  -3.357  -20.851 0.0000000000
96460  28.240  8.090  -21.172 0.0000000000
95630  27.793  7.388  -21.306 0.0000000000
93944  27.852  5.536  -21.333 0.0000000000
93095  27.568  4.533  -21.611 0.0000000000
92229  27.240  3.473  -21.933 0.0000000000
92227  28.655  3.114  -20.784 0.0000000000
91355  28.927  2.788  -20.511 0.0000000000
92211  30.029  3.581  -19.944 0.0000000000
91346  29.654  2.555  -20.030 0.0000000000
91345  30.709  2.299  -19.858 0.0000000000
72986  29.409  -16.943  -19.621 0.0000000000
74923  29.451  -14.617  -21.164 0.0000000000
74908  30.512  -14.501  -20.279 0.0000000000
74909  29.942  -14.919  -20.611 0.0000000000
73991  30.170  -15.329  -19.996 0.0000000000
72985  30.273  -16.641  -19.270 0.0000000000
79113  31.873  -10.847  -20.815 0.0000000000
79104  32.688  -10.980  -20.005 0.0000000000
78087  32.085  -11.197  -20.451 0.0000000000
78076  32.276  -11.602  -19.900 0.0000000000
68932  26.916  -20.242  -18.341 0.0000000000
75976  30.137  -13.671  -21.166 0.0000000000
77028  32.219  -12.452  -19.411 0.0000000000
78064  32.427  -11.951  -19.319 0.0000000000
81043  31.956  -7.725  -21.417 0.0000000000
83901  28.692  -5.249  -21.496 0.0000000000
92210  30.756  3.527  -19.863 0.0000000000
93070  31.455  3.773  -20.199 0.0000000000
96447  29.047  8.375  -20.822 0.0000000000
