#!ascii label  , from subject bert vox2ras=TkReg
1181
32284  -50.169  -55.093  0.478 0.0000000000
32285  -50.834  -55.307  -0.139 0.0000000000
32286  -51.589  -55.753  -0.631 0.0000000000
32307  -51.350  -55.192  -0.797 0.0000000000
32308  -51.887  -55.550  -1.100 0.0000000000
32309  -52.527  -55.720  -1.425 0.0000000000
33234  -48.251  -54.457  2.195 0.0000000000
33235  -48.888  -54.816  1.864 0.0000000000
33247  -48.340  -53.949  1.599 0.0000000000
33248  -49.053  -54.348  1.147 0.0000000000
33249  -49.747  -54.794  0.693 0.0000000000
33266  -49.238  -53.828  0.383 0.0000000000
33267  -49.993  -54.318  -0.047 0.0000000000
33268  -50.547  -54.688  -0.353 0.0000000000
33290  -50.321  -54.030  -0.740 0.0000000000
33291  -50.813  -54.466  -0.901 0.0000000000
33292  -51.651  -54.928  -1.235 0.0000000000
33293  -52.108  -55.252  -1.379 0.0000000000
33301  -50.992  -54.166  -1.352 0.0000000000
33302  -51.421  -54.294  -1.457 0.0000000000
33303  -52.474  -54.775  -1.600 0.0000000000
33304  -53.797  -54.796  -1.714 0.0000000000
34275  -46.681  -53.442  3.081 0.0000000000
34276  -47.276  -53.665  2.614 0.0000000000
34290  -47.823  -53.520  1.846 0.0000000000
34291  -48.288  -53.445  1.228 0.0000000000
34295  -56.251  -53.522  1.383 0.0000000000
34310  -48.757  -53.365  0.604 0.0000000000
34311  -49.245  -53.229  -0.136 0.0000000000
34334  -50.046  -53.413  -0.930 0.0000000000
34335  -50.474  -53.914  -1.066 0.0000000000
34348  -50.292  -53.125  -1.561 0.0000000000
34349  -50.805  -53.698  -1.593 0.0000000000
34350  -51.877  -53.723  -1.870 0.0000000000
34351  -53.088  -53.794  -1.774 0.0000000000
34352  -54.379  -53.924  -1.639 0.0000000000
34353  -55.502  -54.055  -1.569 0.0000000000
35351  -43.690  -51.958  3.918 0.0000000000
35352  -44.701  -52.265  3.848 0.0000000000
35353  -45.711  -52.887  3.570 0.0000000000
35354  -46.339  -53.164  3.253 0.0000000000
35373  -45.893  -52.225  2.989 0.0000000000
35374  -46.542  -52.674  2.697 0.0000000000
35375  -47.315  -52.918  2.154 0.0000000000
35379  -55.260  -52.344  2.156 0.0000000000
35380  -56.025  -52.345  2.092 0.0000000000
35389  -47.029  -52.308  1.982 0.0000000000
35390  -47.628  -52.600  1.379 0.0000000000
35391  -48.225  -52.837  0.818 0.0000000000
35393  -55.785  -52.943  1.779 0.0000000000
35394  -56.566  -52.652  1.653 0.0000000000
35395  -57.380  -52.552  1.075 0.0000000000
35396  -57.626  -52.017  0.437 0.0000000000
35408  -47.926  -52.293  0.677 0.0000000000
35409  -48.561  -52.469  0.181 0.0000000000
35410  -48.992  -52.597  -0.277 0.0000000000
35411  -57.358  -52.715  0.099 0.0000000000
35412  -57.636  -51.985  -0.265 0.0000000000
35435  -48.822  -52.202  -0.417 0.0000000000
35436  -49.296  -52.516  -0.794 0.0000000000
35437  -54.156  -52.334  -1.205 0.0000000000
35438  -54.842  -52.441  -1.125 0.0000000000
35439  -55.955  -52.456  -1.300 0.0000000000
35440  -57.110  -52.664  -1.012 0.0000000000
35441  -57.655  -51.866  -0.784 0.0000000000
35455  -49.870  -52.552  -1.530 0.0000000000
35456  -50.460  -52.812  -2.050 0.0000000000
35457  -51.248  -52.966  -2.314 0.0000000000
35458  -52.286  -52.774  -2.042 0.0000000000
35459  -53.782  -52.799  -1.610 0.0000000000
35460  -55.118  -53.202  -1.377 0.0000000000
35461  -56.161  -53.331  -1.390 0.0000000000
35462  -56.646  -53.504  -1.244 0.0000000000
35466  -50.095  -52.125  -2.140 0.0000000000
35467  -50.677  -52.163  -2.488 0.0000000000
35468  -51.450  -52.171  -2.392 0.0000000000
35469  -51.955  -52.062  -2.071 0.0000000000
35503  -43.472  -51.948  -4.935 0.0000000000
36404  -43.247  -51.265  3.290 0.0000000000
36405  -44.349  -51.331  3.277 0.0000000000
36406  -45.310  -51.876  3.201 0.0000000000
36426  -42.679  -50.943  2.593 0.0000000000
36427  -43.300  -50.887  2.805 0.0000000000
36428  -45.090  -51.255  2.827 0.0000000000
36429  -45.893  -51.571  2.357 0.0000000000
36430  -46.574  -52.022  2.097 0.0000000000
36433  -54.653  -51.612  2.527 0.0000000000
36434  -55.866  -51.539  2.377 0.0000000000
36435  -56.447  -51.055  2.297 0.0000000000
36446  -46.116  -51.063  1.768 0.0000000000
36447  -46.847  -51.529  1.348 0.0000000000
36448  -47.547  -51.979  0.900 0.0000000000
36449  -56.415  -52.065  2.087 0.0000000000
36450  -56.947  -51.591  1.882 0.0000000000
36451  -57.674  -51.470  1.001 0.0000000000
36466  -47.088  -51.066  0.614 0.0000000000
36467  -47.836  -51.464  0.199 0.0000000000
36468  -48.511  -51.900  -0.237 0.0000000000
36469  -58.007  -51.349  0.199 0.0000000000
36486  -48.023  -51.075  -0.617 0.0000000000
36487  -48.683  -51.571  -1.019 0.0000000000
36488  -49.328  -52.117  -1.313 0.0000000000
36489  -53.413  -51.690  -0.956 0.0000000000
36490  -54.396  -51.845  -0.825 0.0000000000
36491  -55.575  -51.637  -1.031 0.0000000000
36492  -56.655  -51.544  -1.213 0.0000000000
36493  -57.545  -51.426  -1.112 0.0000000000
36494  -58.025  -51.317  -0.580 0.0000000000
36505  -49.003  -51.145  -2.207 0.0000000000
36506  -49.470  -51.821  -1.849 0.0000000000
36507  -51.917  -51.581  -1.797 0.0000000000
36508  -52.645  -51.905  -1.640 0.0000000000
36509  -53.659  -52.137  -1.257 0.0000000000
36513  -49.231  -50.766  -2.721 0.0000000000
36514  -49.922  -51.292  -2.568 0.0000000000
36515  -50.914  -51.461  -2.566 0.0000000000
36516  -51.580  -51.580  -2.208 0.0000000000
36517  -51.966  -51.820  -1.911 0.0000000000
36526  -42.702  -50.891  -2.942 0.0000000000
36527  -42.981  -51.513  -3.552 0.0000000000
36543  -43.181  -51.355  -4.609 0.0000000000
36550  -43.516  -51.422  -5.456 0.0000000000
36551  -44.002  -51.865  -6.037 0.0000000000
36553  -43.789  -51.131  -6.168 0.0000000000
36554  -44.339  -51.406  -6.711 0.0000000000
36558  -44.898  -51.360  -7.413 0.0000000000
37460  -43.847  -50.890  2.931 0.0000000000
37461  -44.237  -50.955  2.970 0.0000000000
37466  -54.300  -49.953  3.125 0.0000000000
37476  -42.759  -50.666  1.919 0.0000000000
37477  -43.476  -50.624  2.294 0.0000000000
37478  -44.496  -50.781  2.582 0.0000000000
37479  -45.251  -50.989  2.439 0.0000000000
37480  -54.171  -51.053  2.787 0.0000000000
37481  -54.895  -50.574  2.786 0.0000000000
37482  -55.978  -50.534  2.486 0.0000000000
37483  -56.783  -50.488  2.093 0.0000000000
37489  -42.474  -50.725  1.389 0.0000000000
37490  -43.129  -50.268  1.353 0.0000000000
37491  -44.212  -50.244  1.705 0.0000000000
37492  -45.410  -50.557  1.797 0.0000000000
37493  -46.195  -50.746  1.392 0.0000000000
37494  -57.491  -50.605  1.424 0.0000000000
37495  -58.014  -50.576  0.639 0.0000000000
37503  -42.505  -50.729  0.653 0.0000000000
37504  -43.106  -50.129  0.345 0.0000000000
37505  -45.925  -50.249  1.168 0.0000000000
37506  -46.538  -50.524  0.692 0.0000000000
37507  -47.170  -50.735  0.213 0.0000000000
37508  -50.904  -50.036  -0.195 0.0000000000
37509  -51.286  -50.179  -0.102 0.0000000000
37510  -52.217  -50.416  0.056 0.0000000000
37511  -53.415  -50.557  0.234 0.0000000000
37512  -54.681  -50.314  0.071 0.0000000000
37513  -55.621  -50.040  -0.484 0.0000000000
37514  -58.294  -50.517  -0.218 0.0000000000
37528  -42.620  -50.709  -0.302 0.0000000000
37529  -43.132  -50.032  -0.502 0.0000000000
37530  -46.819  -50.270  -0.005 0.0000000000
37531  -47.436  -50.511  -0.575 0.0000000000
37532  -48.044  -50.847  -1.119 0.0000000000
37533  -50.901  -50.026  -0.603 0.0000000000
37534  -51.524  -50.504  -0.807 0.0000000000
37535  -52.554  -51.169  -0.791 0.0000000000
37536  -53.935  -51.184  -0.350 0.0000000000
37537  -55.163  -51.006  -0.464 0.0000000000
37538  -56.258  -50.544  -1.096 0.0000000000
37539  -57.258  -50.632  -1.259 0.0000000000
37540  -58.005  -50.510  -0.971 0.0000000000
37552  -42.765  -50.420  -1.335 0.0000000000
37553  -43.202  -49.837  -1.039 0.0000000000
37554  -47.727  -50.345  -1.518 0.0000000000
37555  -48.316  -50.766  -1.836 0.0000000000
37556  -50.773  -50.013  -1.570 0.0000000000
37557  -51.520  -50.983  -1.745 0.0000000000
37558  -52.106  -51.461  -1.478 0.0000000000
37563  -42.742  -50.409  -2.349 0.0000000000
37564  -47.950  -50.220  -2.209 0.0000000000
37565  -48.576  -50.351  -2.739 0.0000000000
37566  -49.432  -50.184  -3.013 0.0000000000
37567  -50.557  -50.468  -2.540 0.0000000000
37568  -51.205  -51.080  -2.396 0.0000000000
37576  -42.741  -50.177  -3.038 0.0000000000
37577  -42.745  -50.594  -3.459 0.0000000000
37578  -48.803  -49.856  -3.194 0.0000000000
37579  -49.041  -49.657  -3.253 0.0000000000
37596  -42.727  -49.987  -3.580 0.0000000000
37597  -42.824  -50.388  -4.179 0.0000000000
37605  -43.088  -50.473  -5.134 0.0000000000
37607  -43.438  -50.456  -5.897 0.0000000000
37608  -43.880  -50.410  -6.559 0.0000000000
37613  -44.424  -50.390  -7.233 0.0000000000
37614  -45.086  -50.330  -7.895 0.0000000000
37623  -45.912  -50.333  -8.334 0.0000000000
37624  -46.795  -50.414  -8.609 0.0000000000
38395  -54.994  -49.375  3.002 0.0000000000
38396  -55.609  -48.877  2.632 0.0000000000
38408  -55.524  -50.000  2.680 0.0000000000
38409  -56.169  -49.486  2.343 0.0000000000
38410  -57.226  -49.624  1.581 0.0000000000
38416  -43.918  -49.869  0.811 0.0000000000
38417  -44.902  -49.873  1.103 0.0000000000
38418  -45.509  -50.047  1.180 0.0000000000
38419  -51.167  -49.193  1.248 0.0000000000
38420  -52.354  -49.060  1.398 0.0000000000
38421  -53.589  -48.949  1.326 0.0000000000
38422  -54.631  -48.669  0.837 0.0000000000
38423  -55.218  -48.393  0.445 0.0000000000
38424  -57.851  -49.841  0.972 0.0000000000
38425  -58.238  -49.665  0.214 0.0000000000
38431  -43.715  -49.677  -0.058 0.0000000000
38432  -44.608  -49.529  0.223 0.0000000000
38433  -45.740  -49.777  0.475 0.0000000000
38434  -46.406  -50.029  0.162 0.0000000000
38435  -50.122  -49.160  0.185 0.0000000000
38436  -50.665  -49.693  0.116 0.0000000000
38437  -51.743  -49.799  0.654 0.0000000000
38438  -52.913  -49.862  0.895 0.0000000000
38439  -54.187  -49.672  0.764 0.0000000000
38440  -55.462  -49.092  0.115 0.0000000000
38441  -56.562  -49.313  -0.860 0.0000000000
38442  -57.585  -49.271  -1.198 0.0000000000
38443  -58.180  -49.653  -0.749 0.0000000000
38454  -43.562  -49.657  -0.712 0.0000000000
38455  -44.207  -49.380  -0.658 0.0000000000
38456  -45.246  -49.321  -0.581 0.0000000000
38457  -46.439  -49.743  -0.622 0.0000000000
38458  -47.178  -49.925  -1.293 0.0000000000
38459  -50.034  -49.148  -0.427 0.0000000000
38460  -50.413  -49.542  -0.926 0.0000000000
38461  -57.103  -49.909  -1.265 0.0000000000
38462  -57.794  -49.975  -1.215 0.0000000000
38463  -58.108  -50.027  -1.027 0.0000000000
38477  -43.115  -49.821  -1.380 0.0000000000
38478  -43.612  -49.474  -1.351 0.0000000000
38479  -44.639  -49.137  -1.594 0.0000000000
38480  -45.775  -49.219  -1.538 0.0000000000
38481  -46.700  -49.456  -1.816 0.0000000000
38482  -47.438  -49.801  -2.009 0.0000000000
38483  -50.019  -49.023  -1.192 0.0000000000
38484  -50.259  -49.237  -1.709 0.0000000000
38491  -43.040  -49.723  -1.871 0.0000000000
38492  -43.749  -49.191  -2.302 0.0000000000
38493  -44.601  -48.928  -2.478 0.0000000000
38494  -47.114  -49.383  -2.498 0.0000000000
38495  -47.798  -49.690  -2.731 0.0000000000
38496  -48.336  -49.684  -3.111 0.0000000000
38497  -49.857  -49.629  -2.849 0.0000000000
38498  -50.225  -49.410  -2.332 0.0000000000
38504  -43.004  -49.642  -2.655 0.0000000000
38505  -43.407  -49.118  -3.182 0.0000000000
38506  -47.277  -49.210  -3.041 0.0000000000
38507  -47.864  -49.165  -3.235 0.0000000000
38508  -48.621  -49.284  -3.304 0.0000000000
38509  -49.263  -49.299  -3.178 0.0000000000
38526  -42.919  -49.616  -3.271 0.0000000000
38527  -42.936  -49.268  -3.921 0.0000000000
38537  -42.997  -49.496  -4.836 0.0000000000
38540  -43.234  -49.644  -5.593 0.0000000000
38541  -43.580  -49.593  -6.196 0.0000000000
38547  -44.062  -49.433  -6.843 0.0000000000
38548  -44.690  -49.322  -7.564 0.0000000000
38557  -45.527  -49.145  -8.207 0.0000000000
38558  -46.508  -49.352  -8.529 0.0000000000
38559  -47.445  -49.456  -8.740 0.0000000000
38560  -48.414  -49.519  -8.933 0.0000000000
39272  -54.320  -48.427  3.639 0.0000000000
39273  -55.233  -48.219  2.895 0.0000000000
39285  -49.476  -48.160  1.893 0.0000000000
39286  -49.987  -48.107  2.108 0.0000000000
39287  -50.787  -47.896  2.223 0.0000000000
39288  -56.010  -48.398  2.224 0.0000000000
39289  -56.876  -48.579  1.582 0.0000000000
39296  -48.120  -48.020  0.570 0.0000000000
39297  -48.876  -48.371  0.846 0.0000000000
39298  -49.662  -48.526  1.360 0.0000000000
39299  -50.577  -48.545  1.687 0.0000000000
39300  -51.723  -48.082  1.921 0.0000000000
39301  -53.042  -48.067  1.668 0.0000000000
39302  -54.154  -47.952  1.254 0.0000000000
39303  -54.981  -47.844  0.624 0.0000000000
39304  -57.732  -48.814  0.700 0.0000000000
39305  -58.290  -48.747  -0.258 0.0000000000
39312  -48.045  -47.902  -0.058 0.0000000000
39313  -48.612  -48.223  -0.356 0.0000000000
39314  -49.555  -48.764  0.221 0.0000000000
39315  -50.250  -49.046  0.839 0.0000000000
39316  -55.662  -47.943  0.018 0.0000000000
39317  -56.460  -48.162  -0.528 0.0000000000
39318  -57.356  -48.390  -0.996 0.0000000000
39319  -58.046  -48.768  -0.935 0.0000000000
39327  -48.911  -48.231  -1.558 0.0000000000
39328  -49.466  -48.700  -0.892 0.0000000000
39340  -45.378  -48.964  -2.340 0.0000000000
39341  -46.196  -49.127  -2.350 0.0000000000
39342  -46.674  -49.261  -2.412 0.0000000000
39343  -49.092  -48.236  -2.451 0.0000000000
39344  -49.754  -48.693  -1.900 0.0000000000
39345  -50.125  -49.004  -2.109 0.0000000000
39354  -44.193  -48.698  -3.067 0.0000000000
39355  -45.085  -48.597  -3.010 0.0000000000
39356  -46.003  -48.712  -2.941 0.0000000000
39357  -46.688  -49.084  -2.871 0.0000000000
39358  -49.050  -48.367  -3.095 0.0000000000
39359  -49.630  -48.864  -2.742 0.0000000000
39360  -49.971  -48.948  -2.316 0.0000000000
39365  -43.737  -48.330  -3.850 0.0000000000
39366  -44.662  -48.092  -3.534 0.0000000000
39367  -45.685  -48.055  -3.420 0.0000000000
39368  -46.960  -48.455  -3.348 0.0000000000
39369  -48.099  -48.580  -3.378 0.0000000000
39370  -48.817  -48.740  -3.303 0.0000000000
39371  -49.234  -48.791  -3.164 0.0000000000
39387  -43.342  -48.605  -4.615 0.0000000000
39397  -43.379  -48.799  -5.403 0.0000000000
39398  -43.683  -48.237  -5.540 0.0000000000
39405  -43.461  -49.129  -5.854 0.0000000000
39406  -43.815  -48.548  -6.133 0.0000000000
39413  -44.333  -48.380  -7.094 0.0000000000
39414  -44.995  -48.272  -7.775 0.0000000000
39415  -49.926  -48.494  -8.668 0.0000000000
39416  -50.588  -48.809  -8.524 0.0000000000
39417  -51.620  -48.728  -8.392 0.0000000000
39424  -45.587  -48.091  -8.228 0.0000000000
39425  -46.256  -48.321  -8.491 0.0000000000
39426  -47.144  -48.455  -8.669 0.0000000000
39427  -48.095  -48.526  -8.760 0.0000000000
39428  -49.198  -48.515  -8.777 0.0000000000
39429  -49.905  -49.039  -8.770 0.0000000000
40159  -54.699  -47.459  3.402 0.0000000000
40160  -55.191  -47.556  2.884 0.0000000000
40172  -46.211  -46.672  2.279 0.0000000000
40173  -46.457  -46.774  2.304 0.0000000000
40174  -47.139  -47.077  2.307 0.0000000000
40175  -48.087  -47.402  2.314 0.0000000000
40176  -49.214  -47.648  2.314 0.0000000000
40177  -50.302  -47.324  2.539 0.0000000000
40178  -51.321  -47.130  2.376 0.0000000000
40179  -52.015  -46.781  2.208 0.0000000000
40180  -55.135  -47.123  2.901 0.0000000000
40181  -55.695  -47.391  2.279 0.0000000000
40182  -56.475  -47.781  1.656 0.0000000000
40190  -46.106  -46.809  2.089 0.0000000000
40191  -46.498  -47.110  1.640 0.0000000000
40192  -47.444  -47.628  1.343 0.0000000000
40193  -48.435  -47.983  1.553 0.0000000000
40194  -49.109  -48.190  1.629 0.0000000000
40195  -51.921  -47.290  2.151 0.0000000000
40196  -52.618  -47.105  1.908 0.0000000000
40197  -53.709  -47.089  1.435 0.0000000000
40198  -54.588  -47.060  0.735 0.0000000000
40199  -56.421  -47.075  1.448 0.0000000000
40200  -57.123  -47.493  0.693 0.0000000000
40201  -57.897  -47.941  0.008 0.0000000000
40208  -46.719  -47.291  0.715 0.0000000000
40209  -47.450  -47.677  0.113 0.0000000000
40210  -47.932  -47.774  -0.526 0.0000000000
40211  -55.398  -47.084  0.071 0.0000000000
40212  -56.228  -47.073  -0.543 0.0000000000
40213  -57.119  -47.226  -0.445 0.0000000000
40214  -57.961  -48.083  -0.679 0.0000000000
40222  -46.782  -47.208  -0.160 0.0000000000
40223  -47.402  -47.260  -0.922 0.0000000000
40224  -48.171  -47.721  -1.298 0.0000000000
40225  -56.703  -46.533  -0.934 0.0000000000
40226  -56.998  -46.230  -0.926 0.0000000000
40236  -47.798  -47.028  -1.965 0.0000000000
40237  -48.470  -47.658  -2.212 0.0000000000
40250  -47.968  -47.275  -2.778 0.0000000000
40251  -48.549  -47.793  -2.969 0.0000000000
40259  -43.910  -47.926  -4.152 0.0000000000
40260  -44.288  -47.747  -4.097 0.0000000000
40261  -45.163  -47.481  -3.951 0.0000000000
40262  -46.240  -47.264  -3.752 0.0000000000
40263  -47.653  -47.631  -3.374 0.0000000000
40264  -48.472  -48.207  -3.297 0.0000000000
40278  -43.865  -47.851  -4.554 0.0000000000
40279  -44.626  -47.063  -4.618 0.0000000000
40280  -45.545  -46.887  -4.263 0.0000000000
40281  -45.959  -46.839  -4.135 0.0000000000
40293  -43.620  -48.173  -5.118 0.0000000000
40294  -44.018  -47.495  -5.481 0.0000000000
40303  -44.280  -47.445  -6.522 0.0000000000
40304  -53.053  -47.148  -7.819 0.0000000000
40312  -44.731  -47.381  -7.340 0.0000000000
40313  -45.356  -47.367  -7.921 0.0000000000
40314  -49.962  -47.654  -8.546 0.0000000000
40315  -51.082  -47.734  -8.367 0.0000000000
40316  -52.031  -47.825  -8.300 0.0000000000
40317  -52.872  -47.889  -8.117 0.0000000000
40322  -46.040  -47.406  -8.347 0.0000000000
40323  -46.847  -47.505  -8.590 0.0000000000
40324  -47.732  -47.597  -8.658 0.0000000000
40325  -48.607  -47.659  -8.658 0.0000000000
40326  -49.222  -47.671  -8.629 0.0000000000
41089  -47.466  -45.985  3.331 0.0000000000
41090  -48.281  -46.032  3.349 0.0000000000
41091  -49.220  -45.985  3.281 0.0000000000
41092  -50.108  -45.835  3.130 0.0000000000
41093  -50.564  -45.695  2.960 0.0000000000
41094  -54.814  -46.690  3.262 0.0000000000
41106  -46.102  -46.384  2.376 0.0000000000
41107  -46.812  -46.334  2.872 0.0000000000
41108  -47.740  -46.659  2.927 0.0000000000
41109  -48.713  -46.793  2.937 0.0000000000
41110  -49.729  -46.679  2.911 0.0000000000
41111  -50.744  -46.219  2.750 0.0000000000
41112  -51.704  -46.164  2.383 0.0000000000
41113  -52.502  -46.175  2.000 0.0000000000
41114  -55.310  -46.495  2.633 0.0000000000
41115  -55.906  -46.399  1.736 0.0000000000
41123  -45.798  -46.486  1.483 0.0000000000
41124  -46.279  -46.922  1.048 0.0000000000
41125  -53.369  -46.211  1.556 0.0000000000
41126  -54.250  -46.200  0.877 0.0000000000
41127  -55.053  -46.251  0.073 0.0000000000
41128  -56.660  -46.342  0.909 0.0000000000
41129  -57.109  -46.281  0.035 0.0000000000
41136  -45.573  -46.019  0.618 0.0000000000
41137  -46.196  -46.665  0.359 0.0000000000
41138  -55.659  -46.445  -0.564 0.0000000000
41139  -56.167  -46.245  -1.062 0.0000000000
41140  -57.152  -45.961  -0.678 0.0000000000
41148  -45.799  -45.977  -0.303 0.0000000000
41149  -46.542  -46.606  -0.843 0.0000000000
41150  -47.152  -46.712  -1.566 0.0000000000
41151  -56.634  -45.937  -1.185 0.0000000000
41152  -56.937  -45.607  -1.057 0.0000000000
41158  -46.028  -45.951  -1.250 0.0000000000
41159  -46.620  -46.239  -1.874 0.0000000000
41160  -47.230  -46.575  -2.164 0.0000000000
41170  -46.912  -46.328  -2.607 0.0000000000
41171  -47.443  -46.779  -2.710 0.0000000000
41182  -46.930  -46.606  -3.389 0.0000000000
41183  -47.538  -47.056  -3.114 0.0000000000
41198  -44.791  -46.642  -4.871 0.0000000000
41199  -45.204  -46.423  -4.782 0.0000000000
41200  -46.056  -46.379  -4.215 0.0000000000
41213  -44.623  -46.532  -5.240 0.0000000000
41214  -45.080  -45.971  -5.246 0.0000000000
41224  -44.406  -46.560  -6.067 0.0000000000
41225  -51.796  -46.207  -8.073 0.0000000000
41226  -52.304  -46.348  -7.925 0.0000000000
41227  -53.281  -46.269  -7.657 0.0000000000
41237  -44.612  -46.401  -6.920 0.0000000000
41238  -45.149  -46.527  -7.592 0.0000000000
41239  -49.842  -46.483  -8.428 0.0000000000
41240  -50.669  -46.691  -8.385 0.0000000000
41241  -51.609  -46.703  -8.229 0.0000000000
41242  -52.379  -47.177  -8.088 0.0000000000
41246  -45.798  -46.596  -8.076 0.0000000000
41247  -46.556  -46.632  -8.404 0.0000000000
41248  -47.414  -46.684  -8.573 0.0000000000
41249  -48.259  -46.800  -8.571 0.0000000000
41250  -49.089  -46.886  -8.534 0.0000000000
42028  -45.884  -44.940  3.126 0.0000000000
42029  -46.765  -45.361  3.501 0.0000000000
42030  -47.789  -45.317  3.661 0.0000000000
42031  -48.747  -45.245  3.592 0.0000000000
42032  -49.689  -45.172  3.450 0.0000000000
42033  -50.597  -45.125  3.108 0.0000000000
42034  -51.091  -44.741  2.906 0.0000000000
42035  -54.862  -45.780  3.317 0.0000000000
42043  -45.622  -45.500  2.250 0.0000000000
42044  -46.218  -45.727  2.853 0.0000000000
42045  -50.815  -45.579  2.862 0.0000000000
42046  -51.367  -45.259  2.652 0.0000000000
42047  -52.290  -45.386  2.191 0.0000000000
42048  -55.499  -45.578  2.276 0.0000000000
42049  -56.176  -45.454  1.282 0.0000000000
42054  -45.251  -44.742  1.133 0.0000000000
42055  -45.354  -45.499  1.284 0.0000000000
42056  -53.107  -45.404  1.743 0.0000000000
42057  -53.944  -45.342  1.089 0.0000000000
42058  -54.700  -45.358  0.164 0.0000000000
42059  -56.802  -45.454  0.399 0.0000000000
42060  -57.055  -45.373  -0.348 0.0000000000
42065  -45.296  -44.576  0.726 0.0000000000
42066  -45.373  -45.089  0.324 0.0000000000
42067  -55.635  -45.479  -0.836 0.0000000000
42068  -56.208  -45.740  -1.228 0.0000000000
42069  -57.068  -45.196  -0.875 0.0000000000
42077  -45.661  -45.183  -0.878 0.0000000000
42078  -55.972  -44.963  -1.272 0.0000000000
42079  -56.440  -45.253  -1.245 0.0000000000
42080  -56.855  -45.157  -1.088 0.0000000000
42086  -46.101  -45.366  -2.119 0.0000000000
42087  -46.532  -45.966  -2.412 0.0000000000
42094  -46.324  -45.069  -3.252 0.0000000000
42095  -46.608  -45.826  -2.947 0.0000000000
42103  -46.245  -45.121  -4.169 0.0000000000
42104  -46.474  -45.772  -3.772 0.0000000000
42116  -45.670  -45.535  -4.836 0.0000000000
42117  -46.182  -45.701  -4.315 0.0000000000
42130  -44.706  -45.885  -5.731 0.0000000000
42131  -45.142  -45.476  -5.491 0.0000000000
42140  -44.663  -45.780  -6.414 0.0000000000
42141  -44.909  -45.458  -6.721 0.0000000000
42142  -50.845  -45.215  -7.958 0.0000000000
42143  -51.440  -45.605  -7.963 0.0000000000
42144  -52.485  -45.397  -7.660 0.0000000000
42145  -53.424  -45.280  -7.485 0.0000000000
42155  -44.756  -45.772  -6.858 0.0000000000
42156  -45.125  -45.589  -7.263 0.0000000000
42157  -45.756  -45.328  -7.799 0.0000000000
42158  -48.506  -45.404  -8.473 0.0000000000
42159  -49.058  -45.710  -8.460 0.0000000000
42160  -50.378  -45.511  -8.210 0.0000000000
42161  -51.048  -46.106  -8.272 0.0000000000
42165  -45.578  -45.944  -7.819 0.0000000000
42166  -46.255  -45.781  -8.167 0.0000000000
42167  -47.036  -45.895  -8.450 0.0000000000
42168  -48.041  -45.744  -8.537 0.0000000000
42169  -48.623  -46.273  -8.539 0.0000000000
42918  -46.482  -43.793  4.200 0.0000000000
42919  -46.882  -43.864  4.311 0.0000000000
42920  -47.767  -43.906  4.303 0.0000000000
42921  -48.610  -43.899  4.220 0.0000000000
42926  -45.612  -44.282  3.309 0.0000000000
42927  -46.222  -44.177  3.890 0.0000000000
42928  -47.258  -44.599  4.068 0.0000000000
42929  -48.240  -44.567  3.966 0.0000000000
42930  -49.253  -44.370  3.864 0.0000000000
42931  -50.142  -44.390  3.573 0.0000000000
42932  -50.922  -44.245  3.198 0.0000000000
42934  -55.361  -44.094  3.135 0.0000000000
42942  -45.118  -43.979  2.097 0.0000000000
42943  -45.294  -44.282  2.525 0.0000000000
42944  -51.546  -44.346  2.786 0.0000000000
42945  -52.254  -44.494  2.389 0.0000000000
42946  -53.040  -44.192  2.066 0.0000000000
42947  -55.208  -44.930  2.872 0.0000000000
42948  -55.627  -44.467  1.877 0.0000000000
42952  -45.189  -44.155  1.676 0.0000000000
42953  -45.347  -44.844  1.781 0.0000000000
42954  -52.886  -44.809  2.019 0.0000000000
42955  -53.625  -44.490  1.473 0.0000000000
42956  -54.395  -44.453  0.505 0.0000000000
42957  -56.379  -44.549  0.669 0.0000000000
42958  -56.876  -44.867  0.017 0.0000000000
42962  -45.241  -44.193  0.973 0.0000000000
42963  -45.352  -44.244  0.455 0.0000000000
42964  -55.199  -44.495  -0.351 0.0000000000
42965  -56.599  -44.320  -0.072 0.0000000000
42966  -56.841  -44.639  -0.570 0.0000000000
42974  -45.509  -44.272  -0.341 0.0000000000
42975  -55.809  -44.542  -1.001 0.0000000000
42976  -56.261  -44.592  -1.180 0.0000000000
42977  -56.726  -44.639  -1.015 0.0000000000
42984  -45.662  -44.289  -1.463 0.0000000000
42991  -45.838  -44.194  -2.688 0.0000000000
42999  -46.096  -44.346  -3.760 0.0000000000
43009  -45.864  -44.519  -4.644 0.0000000000
43024  -44.919  -45.303  -6.027 0.0000000000
43025  -45.365  -44.729  -5.539 0.0000000000
43035  -44.933  -45.354  -6.440 0.0000000000
43036  -45.187  -44.857  -6.573 0.0000000000
43037  -49.869  -44.000  -8.024 0.0000000000
43038  -50.687  -44.571  -7.742 0.0000000000
43039  -51.706  -44.514  -7.465 0.0000000000
43040  -52.668  -44.431  -7.369 0.0000000000
43041  -53.564  -44.372  -7.344 0.0000000000
43053  -45.630  -44.708  -7.391 0.0000000000
43054  -46.455  -44.793  -8.046 0.0000000000
43055  -47.405  -44.554  -8.274 0.0000000000
43056  -48.375  -44.791  -8.384 0.0000000000
43057  -49.471  -44.693  -8.250 0.0000000000
43058  -50.128  -44.684  -8.068 0.0000000000
43065  -46.734  -45.402  -8.307 0.0000000000
43066  -47.236  -45.218  -8.400 0.0000000000
43067  -47.773  -45.060  -8.428 0.0000000000
43846  -46.384  -43.288  4.310 0.0000000000
43847  -47.316  -43.191  4.524 0.0000000000
43848  -48.291  -43.191  4.460 0.0000000000
43849  -49.439  -43.335  4.243 0.0000000000
43850  -50.107  -42.997  4.203 0.0000000000
43856  -44.793  -42.944  2.820 0.0000000000
43857  -45.347  -43.547  3.422 0.0000000000
43858  -45.845  -43.494  3.981 0.0000000000
43859  -49.841  -43.901  3.894 0.0000000000
43860  -50.479  -43.447  3.800 0.0000000000
43861  -51.729  -43.426  3.113 0.0000000000
43862  -52.427  -43.038  2.807 0.0000000000
43863  -55.821  -43.166  2.316 0.0000000000
43864  -56.196  -42.875  3.208 0.0000000000
43871  -45.011  -43.449  2.046 0.0000000000
43872  -45.021  -43.596  2.741 0.0000000000
43873  -52.043  -43.944  2.668 0.0000000000
43874  -52.703  -43.508  2.455 0.0000000000
43875  -53.604  -43.570  1.788 0.0000000000
43876  -55.888  -43.710  1.143 0.0000000000
43883  -45.228  -43.543  1.121 0.0000000000
43884  -45.345  -43.048  0.836 0.0000000000
43885  -54.238  -43.600  0.988 0.0000000000
43886  -54.870  -43.532  0.057 0.0000000000
43887  -56.173  -43.724  0.327 0.0000000000
43892  -45.317  -43.859  0.720 0.0000000000
43893  -45.488  -43.432  0.314 0.0000000000
43894  -55.808  -43.790  -0.521 0.0000000000
43895  -56.320  -43.962  -0.408 0.0000000000
43896  -56.631  -44.353  -0.782 0.0000000000
43902  -45.729  -43.346  -0.794 0.0000000000
43903  -56.080  -44.209  -1.056 0.0000000000
43904  -56.341  -44.176  -0.934 0.0000000000
43905  -56.541  -44.204  -0.867 0.0000000000
43912  -45.842  -43.306  -1.873 0.0000000000
43919  -45.943  -43.275  -2.716 0.0000000000
43925  -46.025  -43.563  -3.450 0.0000000000
43934  -46.045  -43.688  -4.321 0.0000000000
43935  -46.094  -43.331  -4.776 0.0000000000
43949  -45.775  -43.761  -5.209 0.0000000000
43950  -46.086  -43.151  -5.233 0.0000000000
43961  -45.554  -43.897  -6.182 0.0000000000
43962  -45.863  -43.592  -6.747 0.0000000000
43963  -49.543  -43.382  -7.774 0.0000000000
43964  -50.129  -43.421  -7.537 0.0000000000
43965  -50.984  -43.549  -7.169 0.0000000000
43966  -51.927  -43.542  -7.044 0.0000000000
43967  -52.865  -43.506  -7.188 0.0000000000
43968  -53.807  -43.509  -7.353 0.0000000000
43979  -45.591  -44.128  -6.895 0.0000000000
43980  -46.144  -43.868  -7.367 0.0000000000
43981  -46.876  -43.884  -7.880 0.0000000000
43982  -47.755  -43.774  -8.098 0.0000000000
43983  -48.871  -43.571  -8.057 0.0000000000
44809  -46.109  -42.369  4.333 0.0000000000
44810  -46.843  -42.392  4.566 0.0000000000
44811  -47.773  -42.367  4.650 0.0000000000
44812  -48.801  -42.358  4.580 0.0000000000
44813  -49.976  -42.290  4.409 0.0000000000
44814  -50.634  -41.691  4.447 0.0000000000
44825  -44.619  -41.993  2.827 0.0000000000
44826  -45.028  -42.441  3.494 0.0000000000
44827  -45.615  -42.841  4.042 0.0000000000
44828  -50.449  -42.805  4.141 0.0000000000
44829  -51.167  -42.409  4.005 0.0000000000
44830  -52.546  -42.398  3.159 0.0000000000
44831  -53.282  -41.945  2.891 0.0000000000
44832  -56.244  -42.513  1.869 0.0000000000
44833  -56.660  -42.383  2.816 0.0000000000
44838  -44.825  -42.334  2.089 0.0000000000
44839  -52.841  -42.863  2.642 0.0000000000
44840  -53.691  -42.470  2.145 0.0000000000
44841  -54.378  -41.867  1.327 0.0000000000
44842  -56.028  -42.821  1.046 0.0000000000
44843  -56.603  -41.992  1.442 0.0000000000
44844  -56.928  -41.889  2.137 0.0000000000
44850  -45.156  -42.636  1.279 0.0000000000
44851  -45.471  -42.554  0.588 0.0000000000
44852  -54.115  -43.051  1.443 0.0000000000
44853  -54.560  -42.502  0.746 0.0000000000
44854  -55.971  -43.028  0.250 0.0000000000
44855  -56.205  -42.275  0.592 0.0000000000
44859  -45.860  -42.508  -0.170 0.0000000000
44860  -55.398  -42.704  -0.030 0.0000000000
44861  -55.882  -42.902  0.043 0.0000000000
44862  -55.970  -42.551  0.288 0.0000000000
44867  -46.371  -42.305  -1.238 0.0000000000
44868  -46.817  -41.603  -1.545 0.0000000000
44876  -46.249  -42.578  -2.343 0.0000000000
44877  -46.711  -41.789  -2.109 0.0000000000
44884  -46.193  -42.796  -3.232 0.0000000000
44885  -46.524  -42.024  -3.021 0.0000000000
44892  -46.230  -43.078  -3.999 0.0000000000
44893  -46.414  -42.332  -3.930 0.0000000000
44902  -46.175  -43.225  -4.439 0.0000000000
44903  -46.280  -42.796  -4.690 0.0000000000
44918  -45.921  -43.232  -5.900 0.0000000000
44919  -46.311  -42.634  -5.595 0.0000000000
44931  -45.908  -43.384  -6.404 0.0000000000
44932  -46.369  -42.904  -6.781 0.0000000000
44933  -47.292  -42.516  -7.232 0.0000000000
44934  -48.159  -42.356  -7.319 0.0000000000
44935  -49.218  -42.617  -7.420 0.0000000000
44936  -50.268  -42.562  -6.984 0.0000000000
44937  -51.192  -42.581  -6.703 0.0000000000
44938  -52.141  -42.569  -6.828 0.0000000000
44939  -53.112  -42.604  -7.166 0.0000000000
44940  -54.110  -42.619  -7.441 0.0000000000
44951  -46.590  -43.415  -7.448 0.0000000000
44952  -47.092  -43.167  -7.632 0.0000000000
44953  -47.946  -42.962  -7.780 0.0000000000
44954  -48.563  -42.835  -7.694 0.0000000000
45823  -46.351  -41.555  4.425 0.0000000000
45824  -47.236  -41.520  4.621 0.0000000000
45825  -48.160  -41.486  4.718 0.0000000000
45826  -49.121  -41.403  4.691 0.0000000000
45827  -50.001  -41.196  4.635 0.0000000000
45828  -50.759  -40.993  4.665 0.0000000000
45829  -51.427  -40.908  4.523 0.0000000000
45838  -44.518  -41.208  2.799 0.0000000000
45839  -44.837  -41.459  3.377 0.0000000000
45840  -45.470  -41.726  4.052 0.0000000000
45841  -51.222  -41.502  4.380 0.0000000000
45842  -52.035  -41.407  4.030 0.0000000000
45843  -53.022  -41.414  3.420 0.0000000000
45852  -44.544  -41.399  2.163 0.0000000000
45853  -53.731  -41.380  2.722 0.0000000000
45854  -54.344  -41.282  1.826 0.0000000000
45855  -56.824  -41.575  1.184 0.0000000000
45856  -57.106  -41.353  1.699 0.0000000000
45863  -44.927  -41.544  1.348 0.0000000000
45864  -45.285  -41.960  0.867 0.0000000000
45865  -54.855  -41.259  0.814 0.0000000000
45866  -55.640  -41.123  0.302 0.0000000000
45867  -56.500  -41.391  0.715 0.0000000000
45868  -56.996  -40.958  1.063 0.0000000000
45873  -45.206  -41.355  0.726 0.0000000000
45874  -45.632  -41.694  0.322 0.0000000000
45875  -55.194  -41.825  0.122 0.0000000000
45876  -55.848  -41.995  0.125 0.0000000000
45877  -56.069  -42.200  0.329 0.0000000000
45881  -46.276  -41.603  -0.381 0.0000000000
45882  -46.876  -41.374  -1.091 0.0000000000
45890  -47.444  -41.132  -1.899 0.0000000000
45891  -48.066  -40.737  -2.239 0.0000000000
45898  -47.130  -41.365  -2.836 0.0000000000
45899  -47.882  -40.922  -2.752 0.0000000000
45906  -46.828  -41.546  -3.792 0.0000000000
45907  -47.539  -40.982  -3.640 0.0000000000
45916  -46.684  -41.895  -4.895 0.0000000000
45917  -47.274  -41.202  -4.512 0.0000000000
45933  -46.800  -42.041  -6.082 0.0000000000
45934  -47.648  -41.318  -5.627 0.0000000000
45935  -48.725  -41.189  -5.882 0.0000000000
45936  -49.624  -41.172  -5.718 0.0000000000
45937  -50.470  -41.115  -5.499 0.0000000000
45938  -50.989  -40.976  -5.413 0.0000000000
45947  -46.944  -42.288  -6.724 0.0000000000
45948  -47.512  -41.956  -6.657 0.0000000000
45949  -48.447  -41.730  -6.673 0.0000000000
45950  -49.472  -41.749  -6.554 0.0000000000
45951  -50.411  -41.762  -6.259 0.0000000000
45952  -51.385  -41.533  -6.097 0.0000000000
45953  -52.457  -41.690  -6.729 0.0000000000
45954  -53.419  -41.720  -7.220 0.0000000000
45955  -54.472  -41.694  -7.475 0.0000000000
46912  -46.741  -40.662  4.429 0.0000000000
46913  -47.599  -40.661  4.596 0.0000000000
46914  -48.448  -40.591  4.685 0.0000000000
46915  -49.313  -40.451  4.700 0.0000000000
46916  -50.170  -40.302  4.727 0.0000000000
46917  -51.032  -40.225  4.789 0.0000000000
46918  -51.982  -40.311  4.474 0.0000000000
46919  -52.809  -40.062  4.205 0.0000000000
46924  -44.627  -40.625  3.130 0.0000000000
46925  -45.129  -40.717  3.655 0.0000000000
46926  -45.827  -40.661  4.177 0.0000000000
46927  -52.736  -40.758  3.999 0.0000000000
46928  -53.583  -40.404  3.467 0.0000000000
46929  -54.455  -39.998  2.844 0.0000000000
46936  -44.011  -40.113  1.712 0.0000000000
46937  -44.260  -40.508  2.380 0.0000000000
46938  -54.279  -40.652  2.512 0.0000000000
46939  -55.024  -40.062  1.648 0.0000000000
46940  -55.692  -39.589  1.228 0.0000000000
46948  -44.040  -40.109  1.025 0.0000000000
46949  -44.364  -40.730  1.520 0.0000000000
46950  -55.368  -40.622  0.776 0.0000000000
46951  -56.005  -40.170  0.692 0.0000000000
46952  -56.890  -40.455  0.897 0.0000000000
46953  -57.218  -40.674  1.367 0.0000000000
46960  -44.196  -40.013  0.591 0.0000000000
46961  -44.735  -40.545  0.534 0.0000000000
46962  -45.351  -41.073  0.422 0.0000000000
46967  -45.094  -40.230  -0.107 0.0000000000
46968  -45.667  -40.787  -0.097 0.0000000000
46969  -46.491  -40.776  -0.692 0.0000000000
46976  -47.200  -40.569  -1.353 0.0000000000
46977  -48.264  -40.337  -1.858 0.0000000000
46978  -48.859  -39.861  -1.910 0.0000000000
46986  -48.564  -40.567  -2.633 0.0000000000
46987  -49.329  -40.067  -2.420 0.0000000000
46988  -49.851  -39.798  -2.780 0.0000000000
46995  -48.356  -40.619  -3.508 0.0000000000
46996  -49.171  -40.364  -3.319 0.0000000000
46997  -49.892  -40.061  -3.224 0.0000000000
46998  -50.223  -39.755  -3.392 0.0000000000
47007  -48.076  -40.730  -4.591 0.0000000000
47008  -48.992  -40.471  -4.261 0.0000000000
47009  -49.812  -40.323  -4.059 0.0000000000
47010  -50.370  -39.931  -3.908 0.0000000000
47030  -48.310  -40.907  -5.339 0.0000000000
47031  -48.896  -40.713  -5.167 0.0000000000
47032  -49.738  -40.637  -4.944 0.0000000000
47033  -50.630  -40.426  -4.862 0.0000000000
47034  -51.320  -40.629  -5.548 0.0000000000
47044  -52.004  -40.818  -6.193 0.0000000000
47045  -52.797  -40.902  -6.824 0.0000000000
47046  -53.752  -40.824  -7.244 0.0000000000
47047  -54.856  -40.707  -7.467 0.0000000000
47978  -47.173  -39.860  4.364 0.0000000000
47979  -47.876  -39.876  4.527 0.0000000000
47980  -48.641  -39.696  4.575 0.0000000000
47981  -49.507  -39.519  4.619 0.0000000000
47982  -50.401  -39.406  4.697 0.0000000000
47983  -51.330  -39.350  4.716 0.0000000000
47984  -52.288  -39.331  4.530 0.0000000000
47985  -53.235  -39.375  4.167 0.0000000000
47995  -44.870  -40.170  3.361 0.0000000000
47996  -45.346  -39.675  3.586 0.0000000000
47997  -46.341  -39.759  4.106 0.0000000000
47998  -54.081  -39.386  3.542 0.0000000000
47999  -54.837  -39.233  2.785 0.0000000000
48000  -55.280  -38.769  2.452 0.0000000000
48008  -44.019  -39.619  2.192 0.0000000000
48009  -44.518  -39.681  2.931 0.0000000000
48010  -44.896  -39.098  3.159 0.0000000000
48011  -55.227  -39.267  2.141 0.0000000000
48012  -55.631  -38.940  1.727 0.0000000000
48018  -43.791  -39.452  1.434 0.0000000000
48019  -56.178  -39.276  1.157 0.0000000000
48020  -56.793  -39.641  1.023 0.0000000000
48021  -57.300  -40.042  1.467 0.0000000000
48028  -43.868  -39.425  0.512 0.0000000000
48029  -44.296  -39.890  0.323 0.0000000000
48037  -43.868  -39.077  -0.037 0.0000000000
48038  -44.490  -39.529  -0.320 0.0000000000
48039  -45.503  -40.036  -0.555 0.0000000000
48040  -46.022  -40.396  -0.623 0.0000000000
48047  -44.670  -39.038  -1.053 0.0000000000
48048  -45.287  -39.382  -1.114 0.0000000000
48049  -46.382  -39.887  -1.160 0.0000000000
48050  -47.555  -39.758  -1.517 0.0000000000
48051  -48.385  -39.526  -1.808 0.0000000000
48061  -49.125  -39.333  -2.080 0.0000000000
48062  -49.863  -39.264  -2.667 0.0000000000
48063  -50.193  -38.848  -3.021 0.0000000000
48071  -50.099  -39.657  -3.064 0.0000000000
48072  -50.395  -39.246  -3.493 0.0000000000
48081  -50.974  -39.468  -4.704 0.0000000000
48082  -51.432  -39.110  -5.421 0.0000000000
48100  -51.185  -40.111  -5.167 0.0000000000
48101  -51.620  -39.827  -5.806 0.0000000000
48116  -52.303  -40.250  -6.491 0.0000000000
48117  -53.009  -40.089  -6.937 0.0000000000
48118  -54.039  -39.860  -7.203 0.0000000000
48119  -55.231  -39.654  -7.247 0.0000000000
48985  -47.499  -39.410  4.346 0.0000000000
48986  -47.947  -39.104  4.350 0.0000000000
48987  -48.785  -38.682  4.350 0.0000000000
48988  -49.755  -38.608  4.489 0.0000000000
48989  -50.639  -38.463  4.609 0.0000000000
48990  -51.604  -38.391  4.681 0.0000000000
48991  -52.648  -38.438  4.553 0.0000000000
48992  -53.725  -38.460  4.195 0.0000000000
48993  -54.399  -38.090  3.881 0.0000000000
49002  -46.049  -38.938  3.765 0.0000000000
49003  -47.029  -38.838  4.057 0.0000000000
49004  -47.909  -38.209  4.023 0.0000000000
49005  -48.551  -37.855  4.020 0.0000000000
49006  -54.430  -38.702  3.541 0.0000000000
49007  -54.980  -38.253  3.183 0.0000000000
49008  -55.587  -38.077  2.446 0.0000000000
49018  -44.206  -39.164  2.473 0.0000000000
49019  -44.509  -38.636  2.703 0.0000000000
49020  -45.366  -38.446  3.255 0.0000000000
49021  -56.073  -38.044  1.836 0.0000000000
49022  -56.650  -38.093  1.606 0.0000000000
49028  -43.892  -38.727  2.020 0.0000000000
49029  -44.170  -37.976  2.260 0.0000000000
49030  -56.239  -38.625  1.464 0.0000000000
49031  -56.786  -38.857  1.333 0.0000000000
49039  -43.473  -38.574  1.103 0.0000000000
49046  -43.488  -38.452  0.128 0.0000000000
49047  -43.856  -38.780  -0.394 0.0000000000
49055  -43.555  -38.180  -0.596 0.0000000000
49056  -44.129  -38.526  -1.024 0.0000000000
49057  -44.917  -38.560  -1.586 0.0000000000
49058  -45.908  -38.930  -1.714 0.0000000000
49059  -46.933  -39.082  -1.765 0.0000000000
49060  -47.774  -39.095  -1.840 0.0000000000
49067  -45.529  -38.111  -2.142 0.0000000000
49068  -46.454  -38.309  -2.223 0.0000000000
49069  -47.419  -38.449  -2.218 0.0000000000
49070  -48.425  -38.666  -2.174 0.0000000000
49071  -49.336  -38.578  -2.404 0.0000000000
49072  -49.962  -38.431  -2.766 0.0000000000
49079  -50.393  -38.403  -3.309 0.0000000000
49084  -50.820  -38.496  -4.105 0.0000000000
49085  -51.330  -38.504  -5.025 0.0000000000
49094  -52.082  -38.674  -6.005 0.0000000000
49095  -53.385  -38.228  -6.366 0.0000000000
49096  -54.604  -38.031  -6.315 0.0000000000
49114  -52.363  -39.589  -6.472 0.0000000000
49115  -53.156  -39.187  -6.735 0.0000000000
49116  -54.315  -38.892  -6.863 0.0000000000
49955  -49.238  -37.871  4.189 0.0000000000
49956  -50.007  -37.763  4.345 0.0000000000
49957  -50.801  -37.329  4.481 0.0000000000
49958  -51.957  -37.478  4.706 0.0000000000
49959  -52.988  -37.529  4.611 0.0000000000
49960  -53.928  -37.468  4.346 0.0000000000
49961  -54.678  -37.421  3.821 0.0000000000
49966  -46.330  -38.092  3.505 0.0000000000
49967  -47.156  -37.527  3.529 0.0000000000
49968  -48.046  -37.350  3.672 0.0000000000
49969  -48.819  -37.227  3.801 0.0000000000
49970  -49.571  -37.186  3.990 0.0000000000
49971  -50.108  -37.199  4.192 0.0000000000
49972  -55.358  -37.326  3.188 0.0000000000
49973  -56.156  -37.104  2.412 0.0000000000
49974  -56.623  -36.501  2.161 0.0000000000
49986  -44.827  -37.431  2.558 0.0000000000
49987  -45.898  -37.410  3.102 0.0000000000
49988  -46.529  -37.421  3.319 0.0000000000
49989  -56.446  -37.591  1.866 0.0000000000
49990  -56.958  -37.144  1.757 0.0000000000
50003  -43.699  -37.649  1.682 0.0000000000
50004  -44.150  -37.465  2.176 0.0000000000
50012  -42.772  -36.923  0.099 0.0000000000
50013  -43.096  -37.492  0.691 0.0000000000
50019  -42.723  -36.774  -0.426 0.0000000000
50020  -43.045  -37.519  -0.345 0.0000000000
50028  -42.906  -36.962  -0.938 0.0000000000
50029  -43.512  -37.493  -1.234 0.0000000000
50030  -44.272  -37.818  -1.636 0.0000000000
50031  -44.840  -37.832  -2.008 0.0000000000
50040  -43.889  -37.224  -1.769 0.0000000000
50041  -44.403  -37.248  -2.128 0.0000000000
50042  -45.146  -37.358  -2.404 0.0000000000
50043  -46.000  -37.481  -2.571 0.0000000000
50044  -46.945  -37.610  -2.638 0.0000000000
50045  -47.943  -37.810  -2.543 0.0000000000
50046  -48.860  -37.852  -2.561 0.0000000000
50047  -49.528  -37.972  -2.679 0.0000000000
50056  -46.391  -37.104  -2.839 0.0000000000
50057  -46.832  -36.964  -3.007 0.0000000000
50058  -49.346  -37.453  -2.724 0.0000000000
50059  -50.110  -37.527  -2.992 0.0000000000
50060  -50.776  -37.139  -3.644 0.0000000000
50063  -50.693  -37.823  -3.666 0.0000000000
50064  -51.296  -37.518  -4.417 0.0000000000
50065  -52.118  -37.187  -4.983 0.0000000000
50066  -53.053  -36.847  -5.251 0.0000000000
50074  -51.825  -37.871  -5.276 0.0000000000
50075  -52.664  -37.668  -5.664 0.0000000000
50076  -53.779  -37.420  -5.821 0.0000000000
50956  -50.770  -36.359  4.296 0.0000000000
50957  -51.463  -36.570  4.524 0.0000000000
50958  -52.335  -36.640  4.692 0.0000000000
50959  -53.281  -36.621  4.665 0.0000000000
50960  -54.292  -36.550  4.387 0.0000000000
50961  -54.930  -36.127  4.101 0.0000000000
50974  -47.136  -36.954  3.332 0.0000000000
50975  -47.499  -36.663  3.351 0.0000000000
50976  -48.322  -36.584  3.517 0.0000000000
50977  -49.149  -36.475  3.671 0.0000000000
50978  -50.067  -36.548  4.000 0.0000000000
50979  -54.982  -36.749  3.793 0.0000000000
50980  -55.607  -36.259  3.435 0.0000000000
50981  -56.474  -35.827  2.744 0.0000000000
50990  -44.809  -36.233  2.268 0.0000000000
50991  -45.673  -36.471  2.696 0.0000000000
50992  -46.767  -36.683  3.135 0.0000000000
50993  -47.236  -36.361  3.180 0.0000000000
50994  -56.989  -35.964  1.978 0.0000000000
51007  -43.471  -36.480  1.265 0.0000000000
51008  -44.117  -36.834  2.025 0.0000000000
51018  -42.500  -36.135  -0.027 0.0000000000
51019  -42.885  -36.560  0.579 0.0000000000
51024  -42.587  -36.265  -0.899 0.0000000000
51034  -43.113  -36.528  -1.629 0.0000000000
51035  -43.560  -36.956  -1.686 0.0000000000
51047  -43.324  -36.315  -2.027 0.0000000000
51048  -43.725  -36.609  -2.149 0.0000000000
51049  -44.623  -36.576  -2.661 0.0000000000
51050  -45.517  -36.851  -2.779 0.0000000000
51051  -46.017  -36.978  -2.829 0.0000000000
51052  -47.557  -37.060  -2.871 0.0000000000
51053  -48.432  -37.172  -2.745 0.0000000000
51054  -48.963  -37.282  -2.711 0.0000000000
51068  -44.676  -36.133  -2.976 0.0000000000
51069  -45.155  -36.244  -3.083 0.0000000000
51070  -46.138  -36.508  -3.146 0.0000000000
51071  -47.121  -36.426  -3.273 0.0000000000
51072  -48.066  -36.440  -3.093 0.0000000000
51073  -49.192  -36.670  -2.938 0.0000000000
51074  -50.314  -36.455  -3.347 0.0000000000
51075  -51.415  -36.345  -3.982 0.0000000000
51076  -52.419  -35.673  -4.305 0.0000000000
51089  -51.751  -36.861  -4.528 0.0000000000
51090  -52.333  -36.454  -4.656 0.0000000000
52048  -51.182  -35.768  4.324 0.0000000000
52049  -51.827  -35.881  4.528 0.0000000000
52050  -52.604  -35.785  4.671 0.0000000000
52051  -53.521  -35.687  4.711 0.0000000000
52052  -54.407  -35.560  4.513 0.0000000000
52053  -55.203  -35.397  4.124 0.0000000000
52067  -47.934  -36.152  3.342 0.0000000000
52068  -48.498  -35.644  3.387 0.0000000000
52069  -49.581  -35.625  3.625 0.0000000000
52070  -50.471  -35.641  3.988 0.0000000000
52071  -55.985  -35.157  3.603 0.0000000000
52072  -56.560  -34.783  3.103 0.0000000000
52077  -44.720  -35.368  2.120 0.0000000000
52078  -45.415  -35.472  2.412 0.0000000000
52079  -46.352  -35.611  2.744 0.0000000000
52080  -47.448  -35.736  3.100 0.0000000000
52081  -48.032  -35.190  3.214 0.0000000000
52082  -56.984  -34.836  2.388 0.0000000000
52087  -43.539  -35.275  1.349 0.0000000000
52088  -44.137  -35.830  1.817 0.0000000000
52097  -42.471  -35.064  0.177 0.0000000000
52098  -42.910  -35.702  0.743 0.0000000000
52108  -42.333  -35.375  -0.684 0.0000000000
52116  -42.581  -35.575  -1.555 0.0000000000
52121  -43.148  -35.817  -2.320 0.0000000000
52122  -43.976  -36.019  -2.731 0.0000000000
52123  -44.442  -36.083  -2.897 0.0000000000
52132  -42.919  -35.184  -2.789 0.0000000000
52133  -43.492  -35.360  -3.053 0.0000000000
52134  -44.486  -35.637  -3.250 0.0000000000
52135  -45.541  -35.655  -3.470 0.0000000000
52136  -46.556  -35.699  -3.544 0.0000000000
52137  -47.551  -35.698  -3.514 0.0000000000
52138  -48.562  -35.697  -3.385 0.0000000000
52139  -49.620  -35.604  -3.369 0.0000000000
52140  -50.725  -35.427  -3.433 0.0000000000
52141  -51.767  -35.191  -3.756 0.0000000000
53177  -51.525  -35.400  4.360 0.0000000000
53178  -51.991  -35.163  4.442 0.0000000000
53179  -52.806  -34.757  4.549 0.0000000000
53180  -53.734  -34.828  4.648 0.0000000000
53181  -54.580  -34.670  4.470 0.0000000000
53182  -55.402  -34.448  4.101 0.0000000000
53196  -49.148  -34.645  3.372 0.0000000000
53197  -50.128  -34.758  3.587 0.0000000000
53198  -51.183  -34.813  4.104 0.0000000000
53199  -52.152  -34.403  4.257 0.0000000000
53200  -52.572  -34.285  4.348 0.0000000000
53201  -56.180  -34.027  3.620 0.0000000000
53202  -56.780  -33.973  2.938 0.0000000000
53213  -45.049  -34.525  2.168 0.0000000000
53214  -45.918  -34.633  2.471 0.0000000000
53215  -46.898  -34.670  2.742 0.0000000000
53216  -47.799  -34.625  3.077 0.0000000000
53217  -48.416  -34.766  3.269 0.0000000000
53218  -57.207  -33.855  2.537 0.0000000000
53225  -43.680  -34.186  1.411 0.0000000000
53226  -44.277  -34.802  1.802 0.0000000000
53232  -42.535  -34.036  0.325 0.0000000000
53233  -42.963  -34.644  0.889 0.0000000000
53243  -42.015  -33.795  -1.053 0.0000000000
53244  -42.217  -34.410  -0.455 0.0000000000
53251  -42.110  -33.991  -1.879 0.0000000000
53252  -42.221  -34.655  -1.336 0.0000000000
53260  -42.233  -34.050  -2.281 0.0000000000
53261  -42.487  -34.641  -2.347 0.0000000000
53270  -42.878  -34.674  -3.214 0.0000000000
53271  -43.751  -34.610  -3.770 0.0000000000
53272  -44.935  -34.882  -3.832 0.0000000000
53273  -45.989  -34.919  -3.845 0.0000000000
53274  -47.001  -34.940  -3.850 0.0000000000
53275  -47.989  -34.909  -3.725 0.0000000000
53276  -48.958  -34.830  -3.615 0.0000000000
53277  -49.980  -34.517  -3.599 0.0000000000
53295  -43.845  -34.103  -4.172 0.0000000000
53296  -44.424  -34.186  -4.253 0.0000000000
53297  -45.434  -34.237  -4.303 0.0000000000
53298  -46.462  -34.215  -4.253 0.0000000000
53299  -47.467  -34.171  -4.119 0.0000000000
53300  -48.428  -34.145  -3.958 0.0000000000
53301  -49.210  -34.123  -3.822 0.0000000000
54256  -53.284  -34.326  4.499 0.0000000000
54257  -53.845  -34.035  4.465 0.0000000000
54258  -54.719  -33.786  4.228 0.0000000000
54259  -55.426  -33.652  3.898 0.0000000000
54272  -49.148  -34.094  3.276 0.0000000000
54273  -49.644  -33.888  3.300 0.0000000000
54274  -50.669  -33.854  3.538 0.0000000000
54275  -51.685  -33.753  3.770 0.0000000000
54276  -52.826  -33.730  4.164 0.0000000000
54277  -53.984  -33.175  3.959 0.0000000000
54278  -54.937  -33.033  3.716 0.0000000000
54279  -55.775  -33.073  3.508 0.0000000000
54280  -56.440  -33.203  3.150 0.0000000000
54293  -45.038  -33.987  2.090 0.0000000000
54294  -45.449  -33.812  2.205 0.0000000000
54295  -46.399  -33.729  2.496 0.0000000000
54296  -47.418  -33.667  2.840 0.0000000000
54297  -48.664  -33.757  3.141 0.0000000000
54298  -49.496  -33.074  3.099 0.0000000000
54299  -56.879  -33.183  2.707 0.0000000000
54310  -43.857  -33.218  1.233 0.0000000000
54311  -44.667  -33.645  1.803 0.0000000000
54312  -45.306  -33.237  1.984 0.0000000000
54320  -42.775  -33.077  0.324 0.0000000000
54321  -43.190  -33.610  0.855 0.0000000000
54329  -41.988  -32.942  -0.827 0.0000000000
54330  -42.271  -33.447  -0.289 0.0000000000
54333  -41.824  -33.198  -1.609 0.0000000000
54338  -42.070  -33.528  -2.626 0.0000000000
54339  -42.467  -34.160  -3.033 0.0000000000
54350  -42.035  -33.108  -3.374 0.0000000000
54351  -42.716  -33.655  -3.823 0.0000000000
54352  -43.489  -34.008  -4.097 0.0000000000
54366  -43.058  -33.139  -4.537 0.0000000000
54367  -43.760  -33.554  -4.489 0.0000000000
54368  -44.884  -33.538  -4.665 0.0000000000
54369  -45.923  -33.492  -4.638 0.0000000000
54370  -46.947  -33.401  -4.497 0.0000000000
55268  -50.266  -33.036  3.168 0.0000000000
55269  -51.178  -32.966  3.222 0.0000000000
55270  -52.188  -32.839  3.324 0.0000000000
55271  -53.265  -32.610  3.374 0.0000000000
55272  -54.374  -32.315  3.252 0.0000000000
55273  -55.322  -32.415  3.212 0.0000000000
55274  -56.070  -32.441  2.924 0.0000000000
55275  -56.532  -32.764  2.846 0.0000000000
55286  -45.871  -32.976  2.214 0.0000000000
55287  -46.882  -32.649  2.440 0.0000000000
55288  -47.998  -32.655  2.778 0.0000000000
55289  -49.020  -32.521  2.805 0.0000000000
55290  -49.938  -32.330  2.730 0.0000000000
55291  -50.723  -32.369  2.750 0.0000000000
55292  -51.578  -32.127  2.725 0.0000000000
55293  -52.641  -31.979  2.806 0.0000000000
55294  -53.639  -31.806  2.830 0.0000000000
55295  -56.213  -32.152  2.659 0.0000000000
55308  -43.893  -32.778  1.107 0.0000000000
55309  -44.308  -32.605  1.294 0.0000000000
55310  -45.254  -32.519  1.708 0.0000000000
55311  -46.172  -32.091  1.909 0.0000000000
55327  -42.920  -32.461  0.310 0.0000000000
55328  -43.554  -32.528  0.748 0.0000000000
55329  -44.233  -31.866  0.936 0.0000000000
55341  -42.084  -32.389  -0.759 0.0000000000
55342  -42.466  -32.415  -0.238 0.0000000000
55350  -41.819  -32.361  -1.224 0.0000000000
55357  -41.581  -32.394  -2.073 0.0000000000
55366  -41.636  -32.358  -3.143 0.0000000000
55367  -42.071  -32.714  -3.812 0.0000000000
55381  -41.756  -31.909  -4.030 0.0000000000
55382  -42.533  -32.396  -4.585 0.0000000000
55383  -43.437  -32.725  -4.987 0.0000000000
55384  -44.382  -32.848  -5.097 0.0000000000
55385  -45.404  -32.818  -5.077 0.0000000000
55400  -43.128  -32.003  -5.292 0.0000000000
55401  -43.957  -32.076  -5.424 0.0000000000
56339  -54.413  -31.663  2.753 0.0000000000
56340  -55.087  -31.889  2.834 0.0000000000
56341  -55.587  -32.119  2.811 0.0000000000
56346  -46.894  -31.808  2.007 0.0000000000
56347  -47.612  -31.831  2.293 0.0000000000
56348  -48.548  -31.774  2.439 0.0000000000
56349  -49.490  -31.664  2.427 0.0000000000
56362  -44.874  -31.786  1.237 0.0000000000
56363  -45.666  -31.370  1.366 0.0000000000
56364  -46.513  -31.284  1.604 0.0000000000
56365  -47.300  -31.192  1.781 0.0000000000
56366  -48.151  -31.112  1.946 0.0000000000
56367  -49.060  -31.063  2.058 0.0000000000
56368  -49.736  -31.096  2.146 0.0000000000
56379  -43.061  -31.860  0.236 0.0000000000
56380  -43.806  -31.256  0.448 0.0000000000
56381  -44.700  -31.212  0.836 0.0000000000
56382  -45.183  -31.246  1.087 0.0000000000
56395  -42.159  -31.821  -0.782 0.0000000000
56396  -42.716  -31.332  -0.289 0.0000000000
56397  -43.190  -31.264  0.123 0.0000000000
56409  -41.782  -31.375  -1.448 0.0000000000
56410  -42.271  -31.053  -0.839 0.0000000000
56418  -41.474  -31.316  -2.462 0.0000000000
56422  -41.460  -31.196  -3.449 0.0000000000
56432  -41.578  -30.997  -4.282 0.0000000000
56433  -42.008  -31.501  -4.627 0.0000000000
56447  -41.864  -30.862  -4.892 0.0000000000
56448  -42.522  -31.252  -5.264 0.0000000000
57415  -45.768  -30.873  1.149 0.0000000000
57416  -46.146  -30.638  1.165 0.0000000000
57417  -46.901  -30.618  1.408 0.0000000000
57418  -47.722  -30.485  1.482 0.0000000000
57429  -44.568  -30.453  0.505 0.0000000000
57430  -45.501  -30.633  0.903 0.0000000000
57431  -45.974  -30.358  0.930 0.0000000000
57448  -41.689  -30.216  -1.849 0.0000000000
57466  -41.436  -30.264  -2.870 0.0000000000
57475  -41.367  -30.199  -3.828 0.0000000000
58460  -46.617  -30.252  1.114 0.0000000000
58514  -41.421  -29.267  -3.288 0.0000000000
