#!ascii label  , from subject bert vox2ras=TkReg
843
85442  -9.505  -2.406  39.087 0.0000000000
85468  -8.779  -2.173  38.863 0.0000000000
86493  -10.042  -1.875  38.906 0.0000000000
86508  -7.408  -1.842  38.285 0.0000000000
86509  -8.415  -1.860  38.250 0.0000000000
86510  -9.432  -1.767  38.409 0.0000000000
86511  -10.357  -1.329  38.398 0.0000000000
86521  -5.525  -0.815  38.352 0.0000000000
86522  -5.994  -0.971  38.136 0.0000000000
86523  -6.846  -1.176  37.605 0.0000000000
86524  -7.884  -1.485  37.531 0.0000000000
86525  -8.976  -1.405  37.434 0.0000000000
86526  -9.888  -1.276  37.732 0.0000000000
86536  -6.972  -0.802  37.163 0.0000000000
86537  -7.438  -0.937  37.040 0.0000000000
86538  -8.234  -1.086  36.912 0.0000000000
87487  -5.149  -0.506  38.373 0.0000000000
87499  -5.610  -0.484  38.012 0.0000000000
87500  -6.182  -0.407  37.454 0.0000000000
87501  -6.719  -0.693  37.249 0.0000000000
87502  -9.757  -0.917  37.094 0.0000000000
87503  -10.580  -0.446  37.564 0.0000000000
87513  -6.316  -0.017  36.994 0.0000000000
87514  -6.869  -0.327  36.844 0.0000000000
87515  -7.856  -0.445  36.489 0.0000000000
87516  -8.984  -0.617  36.542 0.0000000000
87517  -9.947  -0.253  36.667 0.0000000000
87565  -5.950  -0.581  30.430 0.0000000000
87572  -5.515  -0.086  29.588 0.0000000000
87573  -5.884  -0.558  29.881 0.0000000000
88412  -4.662  -0.093  38.345 0.0000000000
88421  -4.419  0.452  38.118 0.0000000000
88422  -5.202  0.259  37.720 0.0000000000
88423  -5.928  0.229  37.161 0.0000000000
88424  -10.932  0.357  37.267 0.0000000000
88425  -11.196  0.998  37.350 0.0000000000
88433  -5.639  0.808  37.023 0.0000000000
88434  -6.375  0.543  36.689 0.0000000000
88435  -7.290  0.507  36.210 0.0000000000
88436  -8.392  0.226  35.982 0.0000000000
88437  -9.464  0.314  36.059 0.0000000000
88438  -10.570  0.779  36.497 0.0000000000
88439  -11.096  1.319  36.806 0.0000000000
88448  -7.924  1.007  35.703 0.0000000000
88449  -8.828  0.997  35.529 0.0000000000
88450  -9.778  1.153  35.684 0.0000000000
88451  -10.266  1.383  35.883 0.0000000000
88489  -4.308  0.320  31.747 0.0000000000
88490  -5.153  0.363  31.332 0.0000000000
88493  -5.709  0.426  30.744 0.0000000000
88502  -5.150  1.016  29.457 0.0000000000
88503  -5.576  0.705  29.749 0.0000000000
88504  -5.900  0.520  30.149 0.0000000000
88516  -4.893  1.421  29.348 0.0000000000
89383  -3.776  1.165  37.624 0.0000000000
89384  -4.227  1.098  37.788 0.0000000000
89385  -4.617  0.832  37.732 0.0000000000
89386  -11.292  1.870  37.074 0.0000000000
89393  -3.661  1.546  36.787 0.0000000000
89394  -4.067  1.793  37.221 0.0000000000
89395  -4.862  1.450  37.179 0.0000000000
89396  -5.998  1.608  36.471 0.0000000000
89397  -6.665  1.072  36.281 0.0000000000
89398  -10.573  1.784  35.958 0.0000000000
89399  -11.013  1.770  36.449 0.0000000000
89406  -6.377  2.130  36.027 0.0000000000
89407  -7.021  1.658  35.811 0.0000000000
89408  -8.141  1.818  35.315 0.0000000000
89409  -9.188  1.880  35.216 0.0000000000
89410  -10.031  1.906  35.491 0.0000000000
89438  -3.508  1.231  32.939 0.0000000000
89447  -3.837  1.301  32.020 0.0000000000
89448  -4.625  1.354  31.479 0.0000000000
89449  -5.356  1.410  31.001 0.0000000000
89456  -5.674  1.472  30.409 0.0000000000
89470  -5.058  1.530  29.419 0.0000000000
89471  -5.305  1.808  29.569 0.0000000000
89472  -5.711  1.602  29.941 0.0000000000
89486  -4.958  1.959  29.360 0.0000000000
89487  -5.141  2.333  29.432 0.0000000000
90325  -3.884  2.575  36.590 0.0000000000
90326  -4.395  2.542  36.740 0.0000000000
90327  -5.166  2.530  36.530 0.0000000000
90328  -5.940  2.619  36.143 0.0000000000
90329  -10.927  2.338  36.017 0.0000000000
90330  -11.271  2.683  36.523 0.0000000000
90341  -3.575  2.509  35.965 0.0000000000
90342  -6.568  2.645  35.699 0.0000000000
90343  -7.422  2.690  35.286 0.0000000000
90344  -8.547  2.905  34.922 0.0000000000
90345  -9.662  2.790  35.071 0.0000000000
90346  -10.477  2.641  35.515 0.0000000000
90347  -11.019  2.957  35.826 0.0000000000
90357  -3.492  2.384  34.957 0.0000000000
90358  -8.770  3.501  34.736 0.0000000000
90359  -9.177  3.367  34.763 0.0000000000
90366  -3.502  2.142  33.743 0.0000000000
90372  -3.631  2.282  32.556 0.0000000000
90386  -4.103  2.331  31.670 0.0000000000
90387  -4.877  2.362  31.155 0.0000000000
90388  -5.416  2.396  30.633 0.0000000000
90400  -5.673  2.488  30.186 0.0000000000
90413  -5.289  2.790  29.516 0.0000000000
90414  -5.575  2.620  29.797 0.0000000000
90424  -5.046  2.827  29.326 0.0000000000
91231  -4.035  3.446  36.553 0.0000000000
91232  -4.630  3.417  36.466 0.0000000000
91233  -5.402  3.491  36.145 0.0000000000
91234  -6.097  3.250  35.814 0.0000000000
91250  -3.642  3.469  36.136 0.0000000000
91251  -5.921  3.880  35.724 0.0000000000
91252  -6.685  3.609  35.343 0.0000000000
91253  -7.687  3.641  34.996 0.0000000000
91254  -8.369  3.822  34.785 0.0000000000
91255  -10.203  3.202  35.144 0.0000000000
91256  -10.705  3.656  35.321 0.0000000000
91257  -11.295  3.629  36.047 0.0000000000
91266  -3.482  3.436  35.330 0.0000000000
91267  -8.979  3.969  34.594 0.0000000000
91268  -9.879  3.794  34.791 0.0000000000
91269  -10.430  4.165  34.927 0.0000000000
91278  -3.575  3.348  34.273 0.0000000000
91292  -3.625  3.307  33.141 0.0000000000
91310  -3.793  3.334  32.092 0.0000000000
91311  -4.447  3.355  31.354 0.0000000000
91312  -5.100  3.297  30.827 0.0000000000
91324  -5.461  3.335  30.400 0.0000000000
91332  -5.444  3.559  29.665 0.0000000000
91333  -5.668  3.497  30.031 0.0000000000
91340  -5.007  3.748  29.192 0.0000000000
91341  -5.207  3.647  29.379 0.0000000000
92140  -3.823  4.267  36.274 0.0000000000
92141  -4.229  4.171  36.451 0.0000000000
92142  -4.784  4.238  36.300 0.0000000000
92143  -11.529  4.529  36.350 0.0000000000
92157  -3.518  4.403  35.693 0.0000000000
92158  -5.396  4.451  35.947 0.0000000000
92159  -6.158  4.621  35.502 0.0000000000
92160  -7.230  4.665  34.952 0.0000000000
92161  -7.906  4.216  34.864 0.0000000000
92162  -10.786  4.573  35.071 0.0000000000
92163  -11.183  4.465  35.594 0.0000000000
92170  -3.479  4.401  34.744 0.0000000000
92171  -7.698  5.229  34.757 0.0000000000
92172  -8.307  4.751  34.675 0.0000000000
92173  -9.375  4.738  34.555 0.0000000000
92174  -10.235  4.716  34.708 0.0000000000
92182  -3.601  4.362  33.667 0.0000000000
92191  -3.662  4.345  32.597 0.0000000000
92202  -4.019  4.365  31.658 0.0000000000
92203  -4.804  4.419  30.873 0.0000000000
92204  -5.243  3.880  30.577 0.0000000000
92214  -5.126  5.020  30.533 0.0000000000
92215  -5.397  4.477  30.287 0.0000000000
92221  -5.358  4.282  29.483 0.0000000000
92222  -5.554  4.555  29.753 0.0000000000
92228  -5.114  4.978  28.966 0.0000000000
92229  -5.228  4.707  29.189 0.0000000000
92230  -5.416  4.964  29.417 0.0000000000
93101  -3.994  4.680  36.411 0.0000000000
93102  -4.326  4.851  36.323 0.0000000000
93103  -4.857  4.953  36.169 0.0000000000
93111  -3.825  5.307  36.058 0.0000000000
93112  -4.502  5.641  36.138 0.0000000000
93113  -5.406  5.498  35.815 0.0000000000
93114  -6.412  5.619  35.294 0.0000000000
93115  -7.255  5.750  34.876 0.0000000000
93116  -11.114  4.998  35.252 0.0000000000
93117  -11.523  5.474  35.618 0.0000000000
93124  -3.479  5.401  35.190 0.0000000000
93125  -8.018  5.767  34.627 0.0000000000
93126  -8.905  5.668  34.514 0.0000000000
93127  -9.876  5.614  34.531 0.0000000000
93128  -10.889  5.529  34.813 0.0000000000
93129  -11.413  6.030  35.059 0.0000000000
93136  -3.519  5.378  34.157 0.0000000000
93143  -3.533  5.346  33.087 0.0000000000
93150  -3.630  5.341  32.071 0.0000000000
93151  -4.224  5.406  31.308 0.0000000000
93159  -4.849  5.565  30.747 0.0000000000
93160  -5.346  5.609  30.363 0.0000000000
93167  -5.654  5.544  29.951 0.0000000000
93175  -5.242  5.711  28.907 0.0000000000
93176  -5.430  5.662  29.152 0.0000000000
93177  -5.575  5.616  29.509 0.0000000000
94027  -3.626  6.417  35.501 0.0000000000
94028  -4.034  6.541  36.097 0.0000000000
94029  -4.854  6.568  35.867 0.0000000000
94030  -5.788  6.567  35.514 0.0000000000
94031  -6.710  6.608  35.119 0.0000000000
94032  -11.753  6.645  35.347 0.0000000000
94037  -3.514  6.367  34.600 0.0000000000
94038  -7.561  6.633  34.736 0.0000000000
94039  -8.453  6.615  34.528 0.0000000000
94040  -9.401  6.574  34.466 0.0000000000
94041  -10.360  6.540  34.517 0.0000000000
94042  -11.204  6.594  34.735 0.0000000000
94045  -3.532  6.328  33.565 0.0000000000
94047  -3.514  6.303  32.551 0.0000000000
94049  -3.837  6.324  31.696 0.0000000000
94050  -4.467  6.414  31.085 0.0000000000
94053  -5.120  6.506  30.591 0.0000000000
94054  -5.622  6.533  30.131 0.0000000000
94056  -5.733  6.490  29.628 0.0000000000
94064  -5.199  6.655  28.755 0.0000000000
94065  -5.392  6.558  28.904 0.0000000000
94066  -5.582  6.484  29.221 0.0000000000
94970  -3.824  7.417  35.589 0.0000000000
94971  -4.404  7.539  35.817 0.0000000000
94972  -5.274  7.546  35.648 0.0000000000
94973  -6.208  7.536  35.348 0.0000000000
94974  -7.086  7.537  34.952 0.0000000000
94975  -12.108  7.621  35.371 0.0000000000
94979  -3.541  7.311  34.955 0.0000000000
94980  -7.958  7.545  34.583 0.0000000000
94981  -8.909  7.534  34.420 0.0000000000
94982  -9.880  7.505  34.375 0.0000000000
94983  -10.810  7.495  34.495 0.0000000000
94984  -11.577  7.482  34.842 0.0000000000
94987  -3.587  7.275  34.017 0.0000000000
94990  -3.540  7.254  32.993 0.0000000000
94993  -3.636  7.199  32.087 0.0000000000
94994  -4.108  7.253  31.470 0.0000000000
94997  -4.726  7.412  30.874 0.0000000000
94998  -5.413  7.482  30.360 0.0000000000
95001  -5.780  7.557  29.751 0.0000000000
95008  -5.281  7.508  28.759 0.0000000000
95009  -5.548  7.380  28.981 0.0000000000
95010  -5.695  7.221  29.329 0.0000000000
95864  -3.626  8.049  35.179 0.0000000000
95865  -3.955  8.508  35.551 0.0000000000
95866  -4.822  8.513  35.673 0.0000000000
95867  -5.754  8.488  35.497 0.0000000000
95868  -6.646  8.436  35.169 0.0000000000
95869  -11.917  8.193  34.962 0.0000000000
95874  -3.589  8.204  34.452 0.0000000000
95875  -3.644  8.659  34.972 0.0000000000
95876  -7.476  8.453  34.775 0.0000000000
95877  -8.401  8.510  34.479 0.0000000000
95878  -9.397  8.483  34.313 0.0000000000
95879  -10.370  8.453  34.327 0.0000000000
95880  -11.321  8.468  34.574 0.0000000000
95881  -11.917  8.855  34.891 0.0000000000
95884  -3.586  8.130  33.446 0.0000000000
95886  -3.655  8.242  32.360 0.0000000000
95887  -3.756  8.917  31.872 0.0000000000
95889  -3.825  7.774  31.768 0.0000000000
95890  -4.189  8.371  31.351 0.0000000000
95893  -5.055  8.413  30.602 0.0000000000
95894  -5.678  8.445  30.079 0.0000000000
95898  -5.833  8.528  29.566 0.0000000000
95909  -5.172  8.390  28.635 0.0000000000
95910  -5.440  8.331  28.806 0.0000000000
95911  -5.714  8.199  29.188 0.0000000000
96830  -4.468  9.457  35.495 0.0000000000
96831  -5.310  9.398  35.498 0.0000000000
96832  -6.279  9.434  35.253 0.0000000000
96833  -7.037  9.144  34.958 0.0000000000
96838  -3.660  8.867  34.547 0.0000000000
96839  -3.852  9.505  34.793 0.0000000000
96840  -6.978  9.841  34.890 0.0000000000
96841  -7.798  9.544  34.591 0.0000000000
96842  -8.920  9.504  34.292 0.0000000000
96843  -9.925  9.413  34.166 0.0000000000
96844  -10.846  9.391  34.279 0.0000000000
96845  -11.609  9.476  34.594 0.0000000000
96846  -12.155  9.566  35.114 0.0000000000
96850  -3.708  9.015  33.808 0.0000000000
96851  -3.964  10.092  33.681 0.0000000000
96855  -3.704  8.721  33.043 0.0000000000
96856  -3.795  9.490  32.584 0.0000000000
96860  -4.032  9.533  31.486 0.0000000000
96865  -4.701  9.395  30.774 0.0000000000
96866  -5.425  9.335  30.252 0.0000000000
96875  -5.743  9.302  29.677 0.0000000000
96886  -5.305  9.256  28.651 0.0000000000
96887  -5.622  9.245  28.897 0.0000000000
96888  -5.822  9.116  29.258 0.0000000000
97716  -4.387  10.342  35.144 0.0000000000
97717  -4.948  10.177  35.367 0.0000000000
97718  -5.686  10.224  35.299 0.0000000000
97719  -12.381  10.503  35.390 0.0000000000
97723  -4.124  10.697  34.431 0.0000000000
97724  -6.456  10.441  34.991 0.0000000000
97725  -7.340  10.640  34.602 0.0000000000
97726  -8.486  10.720  34.136 0.0000000000
97727  -9.524  10.340  34.008 0.0000000000
97728  -10.499  10.346  34.033 0.0000000000
97729  -11.273  10.236  34.267 0.0000000000
97730  -11.939  10.380  34.681 0.0000000000
97734  -4.017  11.054  33.626 0.0000000000
97735  -8.839  11.317  33.804 0.0000000000
97736  -9.317  11.140  33.794 0.0000000000
97737  -10.023  10.963  33.818 0.0000000000
97741  -3.892  10.802  32.776 0.0000000000
97745  -3.909  10.572  31.762 0.0000000000
97752  -4.422  10.425  30.918 0.0000000000
97753  -5.139  10.286  30.325 0.0000000000
97762  -5.569  10.072  29.819 0.0000000000
97768  -5.147  10.185  28.577 0.0000000000
97769  -5.381  10.274  28.739 0.0000000000
97770  -5.694  10.273  29.195 0.0000000000
98566  -4.770  10.682  35.211 0.0000000000
98567  -5.225  10.856  35.206 0.0000000000
98568  -5.902  10.970  35.113 0.0000000000
98569  -12.555  11.480  35.750 0.0000000000
98573  -4.628  11.297  34.936 0.0000000000
98574  -5.516  11.674  34.890 0.0000000000
98575  -6.561  11.527  34.651 0.0000000000
98576  -7.697  11.707  34.084 0.0000000000
98577  -8.489  11.570  33.825 0.0000000000
98578  -11.054  10.755  34.043 0.0000000000
98579  -11.537  11.118  34.233 0.0000000000
98580  -12.267  11.446  34.818 0.0000000000
98583  -4.247  11.759  34.064 0.0000000000
98584  -8.392  12.279  33.671 0.0000000000
98585  -9.115  11.895  33.609 0.0000000000
98586  -9.962  11.685  33.617 0.0000000000
98587  -10.823  11.355  33.827 0.0000000000
98588  -11.391  11.653  33.998 0.0000000000
98592  -4.033  11.865  33.041 0.0000000000
98599  -3.817  11.712  31.988 0.0000000000
98608  -4.190  11.477  31.072 0.0000000000
98609  -4.815  11.289  30.360 0.0000000000
98615  -5.384  11.106  29.684 0.0000000000
98619  -4.880  11.100  28.505 0.0000000000
98620  -5.094  11.172  28.594 0.0000000000
98621  -5.349  11.488  28.793 0.0000000000
98622  -5.559  11.448  29.139 0.0000000000
98629  -4.905  12.039  28.493 0.0000000000
98630  -5.094  11.951  28.599 0.0000000000
98631  -5.180  12.170  28.666 0.0000000000
99420  -12.538  12.359  35.292 0.0000000000
99430  -4.864  12.642  34.508 0.0000000000
99431  -6.032  12.655  34.504 0.0000000000
99432  -7.002  12.570  34.142 0.0000000000
99433  -7.745  12.730  33.771 0.0000000000
99434  -11.796  12.030  34.239 0.0000000000
99435  -12.273  12.366  34.655 0.0000000000
99440  -4.281  12.881  33.478 0.0000000000
99441  -8.373  13.040  33.573 0.0000000000
99442  -9.045  12.810  33.455 0.0000000000
99443  -9.844  12.551  33.453 0.0000000000
99444  -10.649  12.298  33.584 0.0000000000
99445  -11.305  12.129  33.825 0.0000000000
99453  -3.890  12.980  32.273 0.0000000000
99462  -3.974  12.586  31.143 0.0000000000
99468  -4.542  12.277  30.421 0.0000000000
99469  -5.050  12.139  29.848 0.0000000000
99472  -5.364  12.184  29.293 0.0000000000
99476  -5.236  12.502  28.716 0.0000000000
99477  -5.449  12.143  28.934 0.0000000000
99483  -4.860  13.130  28.287 0.0000000000
99484  -4.939  12.738  28.432 0.0000000000
99485  -5.061  12.492  28.558 0.0000000000
100254  -12.665  13.297  35.616 0.0000000000
100265  -12.460  13.119  34.839 0.0000000000
100279  -4.682  14.057  33.901 0.0000000000
100280  -5.584  13.738  34.312 0.0000000000
100281  -6.735  13.665  33.970 0.0000000000
100282  -7.313  13.162  33.851 0.0000000000
100283  -11.676  12.579  33.936 0.0000000000
100284  -12.062  12.887  34.212 0.0000000000
100296  -4.139  14.007  32.903 0.0000000000
100297  -7.307  14.209  33.686 0.0000000000
100298  -7.845  13.726  33.643 0.0000000000
100299  -8.871  13.676  33.394 0.0000000000
100300  -9.735  13.469  33.348 0.0000000000
100301  -10.561  13.196  33.440 0.0000000000
100302  -11.323  12.908  33.660 0.0000000000
100303  -11.762  12.949  33.873 0.0000000000
100309  -3.888  14.081  32.017 0.0000000000
100312  -3.877  13.721  31.218 0.0000000000
100314  -4.477  13.419  30.272 0.0000000000
100315  -4.803  12.758  29.979 0.0000000000
100318  -4.873  13.834  29.726 0.0000000000
100319  -5.094  13.204  29.506 0.0000000000
100323  -5.204  12.993  28.680 0.0000000000
100324  -5.392  13.021  28.898 0.0000000000
100330  -4.874  14.081  28.070 0.0000000000
100331  -4.930  13.640  28.236 0.0000000000
100332  -5.091  13.180  28.505 0.0000000000
100333  -5.229  13.242  28.695 0.0000000000
101060  -12.633  14.046  35.036 0.0000000000
101073  -4.842  15.235  33.894 0.0000000000
101074  -5.353  14.711  34.182 0.0000000000
101075  -6.107  14.606  34.101 0.0000000000
101076  -12.277  13.759  34.336 0.0000000000
101089  -4.338  15.090  33.244 0.0000000000
101090  -6.928  14.738  33.723 0.0000000000
101091  -7.787  14.749  33.565 0.0000000000
101092  -8.674  14.609  33.387 0.0000000000
101093  -9.608  14.436  33.291 0.0000000000
101094  -10.483  14.158  33.365 0.0000000000
101095  -11.265  13.805  33.542 0.0000000000
101096  -11.836  13.436  33.839 0.0000000000
101106  -4.047  14.952  32.280 0.0000000000
101109  -3.879  14.774  31.355 0.0000000000
101112  -4.196  14.551  30.536 0.0000000000
101116  -4.721  14.444  29.872 0.0000000000
101117  -5.150  14.272  29.394 0.0000000000
101121  -5.415  13.968  28.976 0.0000000000
101126  -4.912  14.978  27.854 0.0000000000
101127  -5.005  14.566  27.991 0.0000000000
101128  -5.104  14.137  28.314 0.0000000000
101129  -5.251  13.701  28.645 0.0000000000
101852  -5.027  15.802  33.957 0.0000000000
101853  -5.434  15.444  34.008 0.0000000000
101854  -5.780  15.100  34.071 0.0000000000
101855  -12.411  14.734  34.444 0.0000000000
101866  -4.641  16.251  33.499 0.0000000000
101867  -5.470  16.187  33.840 0.0000000000
101868  -6.313  15.634  33.796 0.0000000000
101869  -7.483  15.632  33.519 0.0000000000
101870  -8.484  15.595  33.367 0.0000000000
101871  -9.465  15.489  33.235 0.0000000000
101872  -10.414  15.224  33.293 0.0000000000
101873  -11.257  14.810  33.517 0.0000000000
101874  -11.936  14.319  33.827 0.0000000000
101889  -4.064  15.986  32.561 0.0000000000
101901  -3.844  15.802  31.541 0.0000000000
101909  -3.948  15.591  30.619 0.0000000000
101913  -4.468  15.385  29.947 0.0000000000
101914  -5.053  15.215  29.437 0.0000000000
101920  -5.395  14.955  28.943 0.0000000000
101926  -4.916  15.773  27.688 0.0000000000
101927  -5.041  15.502  27.795 0.0000000000
101928  -5.215  15.124  28.096 0.0000000000
101929  -5.322  14.587  28.527 0.0000000000
102627  -12.537  15.820  34.555 0.0000000000
102637  -4.629  17.471  33.314 0.0000000000
102638  -5.353  17.085  33.590 0.0000000000
102639  -6.216  16.805  33.593 0.0000000000
102640  -7.208  16.609  33.442 0.0000000000
102641  -8.211  16.503  33.299 0.0000000000
102642  -9.251  16.587  33.088 0.0000000000
102643  -10.338  16.487  33.082 0.0000000000
102644  -11.284  15.954  33.432 0.0000000000
102645  -12.012  15.370  33.865 0.0000000000
102655  -4.094  17.043  32.735 0.0000000000
102656  -9.653  17.109  32.892 0.0000000000
102657  -9.876  16.884  32.927 0.0000000000
102668  -3.652  17.492  31.142 0.0000000000
102669  -3.827  16.794  31.783 0.0000000000
102682  -3.623  17.418  30.630 0.0000000000
102683  -3.698  16.781  30.661 0.0000000000
102690  -4.132  16.365  29.887 0.0000000000
102691  -4.761  16.181  29.428 0.0000000000
102696  -5.259  16.023  28.928 0.0000000000
102703  -4.887  16.359  27.573 0.0000000000
102704  -5.032  16.255  27.649 0.0000000000
102705  -5.283  16.357  27.871 0.0000000000
102706  -5.374  15.642  28.411 0.0000000000
102717  -5.060  16.927  27.562 0.0000000000
102718  -5.122  16.708  27.647 0.0000000000
103415  -4.656  18.362  33.237 0.0000000000
103416  -5.255  18.015  33.476 0.0000000000
103417  -6.048  17.772  33.503 0.0000000000
103418  -6.954  17.577  33.343 0.0000000000
103419  -8.086  17.538  33.121 0.0000000000
103420  -8.701  17.053  33.094 0.0000000000
103421  -10.715  17.148  32.957 0.0000000000
103422  -11.366  17.256  33.173 0.0000000000
103423  -12.136  16.572  33.861 0.0000000000
103432  -4.181  18.027  32.772 0.0000000000
103433  -8.647  18.077  32.789 0.0000000000
103434  -9.221  17.586  32.815 0.0000000000
103435  -10.233  17.400  32.808 0.0000000000
103436  -10.857  17.481  32.882 0.0000000000
103445  -3.765  18.311  31.329 0.0000000000
103446  -3.923  17.708  31.983 0.0000000000
103459  -3.641  18.015  30.464 0.0000000000
103460  -3.678  17.437  30.323 0.0000000000
103472  -3.708  18.252  29.911 0.0000000000
103473  -4.012  17.594  29.666 0.0000000000
103474  -4.466  16.842  29.459 0.0000000000
103478  -4.540  17.977  29.069 0.0000000000
103479  -4.901  17.267  28.966 0.0000000000
103482  -5.459  17.552  27.860 0.0000000000
103483  -5.324  16.836  28.343 0.0000000000
103488  -5.210  17.932  27.509 0.0000000000
103489  -5.240  17.321  27.645 0.0000000000
104125  -4.699  18.935  33.201 0.0000000000
104126  -5.144  18.781  33.380 0.0000000000
104127  -5.830  18.602  33.416 0.0000000000
104128  -6.683  18.532  33.237 0.0000000000
104129  -7.461  18.228  33.084 0.0000000000
104130  -11.733  18.348  33.145 0.0000000000
104137  -4.359  18.913  32.810 0.0000000000
104138  -7.379  18.882  32.903 0.0000000000
104139  -8.170  18.621  32.762 0.0000000000
104140  -9.099  18.598  32.536 0.0000000000
104141  -10.077  18.435  32.544 0.0000000000
104142  -11.021  18.164  32.759 0.0000000000
104149  -3.854  19.141  31.499 0.0000000000
104150  -4.005  18.622  32.110 0.0000000000
104160  -3.648  18.929  30.781 0.0000000000
104175  -3.580  18.792  30.089 0.0000000000
104176  -3.815  18.671  29.569 0.0000000000
104188  -4.258  18.601  29.069 0.0000000000
104189  -4.854  18.476  28.687 0.0000000000
104192  -5.464  18.190  27.829 0.0000000000
104193  -5.363  18.201  28.191 0.0000000000
104199  -5.258  19.020  27.308 0.0000000000
104200  -5.340  18.467  27.592 0.0000000000
104201  -5.469  18.552  27.800 0.0000000000
104852  -4.593  19.211  33.072 0.0000000000
104853  -4.935  19.388  33.219 0.0000000000
104854  -5.608  19.336  33.264 0.0000000000
104855  -6.223  19.134  33.230 0.0000000000
104856  -11.537  18.857  32.844 0.0000000000
104860  -4.562  19.562  32.841 0.0000000000
104861  -4.895  19.920  33.017 0.0000000000
104862  -6.123  19.653  33.080 0.0000000000
104863  -6.808  19.502  32.902 0.0000000000
104864  -7.762  19.560  32.568 0.0000000000
104865  -8.713  19.493  32.328 0.0000000000
104866  -9.754  19.462  32.229 0.0000000000
104867  -11.052  19.485  32.433 0.0000000000
104874  -3.894  19.679  31.557 0.0000000000
104875  -4.139  19.643  32.147 0.0000000000
104884  -3.710  19.688  31.069 0.0000000000
104894  -3.503  19.663  30.278 0.0000000000
104895  -3.608  19.306  29.709 0.0000000000
104908  -3.571  19.917  29.640 0.0000000000
104909  -3.921  19.546  29.172 0.0000000000
104910  -4.575  19.451  28.670 0.0000000000
104919  -5.143  19.367  28.266 0.0000000000
104924  -5.197  19.832  27.001 0.0000000000
104925  -5.295  19.845  27.217 0.0000000000
104926  -5.355  19.358  27.737 0.0000000000
105564  -5.285  19.801  33.111 0.0000000000
105565  -5.711  19.916  33.052 0.0000000000
105570  -4.620  20.256  32.591 0.0000000000
105571  -5.306  20.406  32.852 0.0000000000
105572  -6.227  20.346  32.804 0.0000000000
105573  -7.244  20.439  32.496 0.0000000000
105574  -8.264  20.479  32.130 0.0000000000
105575  -9.223  20.315  31.922 0.0000000000
105576  -10.300  20.556  31.899 0.0000000000
105577  -11.310  20.824  32.173 0.0000000000
105582  -3.911  20.251  31.512 0.0000000000
105583  -4.262  20.686  32.032 0.0000000000
105584  -8.813  20.951  31.774 0.0000000000
105585  -9.512  21.132  31.624 0.0000000000
105586  -10.227  21.410  31.595 0.0000000000
105591  -3.660  20.487  30.784 0.0000000000
105599  -3.476  20.576  29.971 0.0000000000
105610  -3.743  20.542  29.279 0.0000000000
105611  -4.261  20.426  28.711 0.0000000000
105612  -4.850  20.308  28.301 0.0000000000
105624  -5.157  20.342  27.880 0.0000000000
105632  -5.129  20.666  26.920 0.0000000000
105633  -5.200  20.893  27.011 0.0000000000
105634  -5.139  20.715  27.342 0.0000000000
105640  -4.959  21.380  26.757 0.0000000000
106240  -4.807  21.224  32.374 0.0000000000
106241  -5.701  21.184  32.560 0.0000000000
106242  -6.636  21.241  32.415 0.0000000000
106243  -7.709  21.479  32.026 0.0000000000
106244  -8.377  21.162  31.865 0.0000000000
106245  -10.891  21.441  31.751 0.0000000000
106251  -3.998  21.324  31.414 0.0000000000
106252  -4.373  21.350  31.945 0.0000000000
106253  -8.057  22.132  31.682 0.0000000000
106254  -8.725  21.761  31.568 0.0000000000
106255  -9.771  21.957  31.411 0.0000000000
106256  -10.599  22.041  31.476 0.0000000000
106257  -11.123  22.017  31.630 0.0000000000
106260  -3.627  21.421  30.459 0.0000000000
106266  -3.557  21.438  29.550 0.0000000000
106274  -3.884  21.376  28.800 0.0000000000
106275  -4.543  21.342  28.183 0.0000000000
106276  -4.917  20.847  27.986 0.0000000000
106290  -4.672  21.809  27.775 0.0000000000
106291  -4.894  21.369  27.591 0.0000000000
106302  -5.037  21.488  26.856 0.0000000000
106303  -5.074  21.739  26.963 0.0000000000
106304  -5.027  21.504  27.217 0.0000000000
106311  -4.874  22.162  26.656 0.0000000000
106312  -4.978  21.999  26.781 0.0000000000
106849  -4.810  21.760  32.254 0.0000000000
106850  -5.199  21.858  32.364 0.0000000000
106851  -6.059  21.974  32.366 0.0000000000
106852  -6.859  22.004  32.132 0.0000000000
106859  -4.127  21.916  31.459 0.0000000000
106860  -4.534  22.126  31.864 0.0000000000
106861  -5.486  22.682  32.178 0.0000000000
106862  -6.456  22.729  32.042 0.0000000000
106863  -7.432  22.564  31.712 0.0000000000
106864  -8.343  22.706  31.357 0.0000000000
106865  -9.285  22.708  31.186 0.0000000000
106866  -10.243  22.771  31.217 0.0000000000
106867  -11.211  22.758  31.540 0.0000000000
106872  -3.926  22.274  31.041 0.0000000000
106873  -4.243  23.066  31.334 0.0000000000
106877  -3.530  22.411  29.995 0.0000000000
106880  -3.528  22.344  28.987 0.0000000000
106881  -4.006  22.237  28.344 0.0000000000
106888  -4.417  22.271  27.880 0.0000000000
106889  -4.711  22.246  27.506 0.0000000000
106900  -4.985  22.458  26.905 0.0000000000
106901  -5.012  22.193  27.089 0.0000000000
106914  -4.938  22.818  26.622 0.0000000000
106915  -4.960  22.667  26.726 0.0000000000
107431  -4.878  23.598  31.735 0.0000000000
107432  -5.971  23.552  31.898 0.0000000000
107433  -6.891  23.482  31.623 0.0000000000
107434  -7.773  23.459  31.226 0.0000000000
107435  -8.811  23.662  30.859 0.0000000000
107436  -9.811  23.479  30.894 0.0000000000
107437  -10.700  23.782  31.012 0.0000000000
107443  -3.874  23.575  30.559 0.0000000000
107444  -4.312  23.679  31.220 0.0000000000
107445  -9.117  24.274  30.602 0.0000000000
107446  -9.627  24.119  30.680 0.0000000000
107447  -10.146  23.990  30.782 0.0000000000
107451  -3.474  23.423  29.369 0.0000000000
107455  -3.662  23.307  28.263 0.0000000000
107456  -3.965  22.786  28.021 0.0000000000
107460  -3.887  23.829  27.738 0.0000000000
107461  -4.404  23.194  27.507 0.0000000000
107462  -4.753  22.620  27.314 0.0000000000
107466  -4.912  23.226  26.924 0.0000000000
107467  -4.806  22.830  27.197 0.0000000000
107475  -4.988  23.660  26.523 0.0000000000
107476  -4.913  23.473  26.538 0.0000000000
107975  -5.021  24.528  31.473 0.0000000000
107976  -5.659  24.325  31.573 0.0000000000
107977  -6.453  24.222  31.500 0.0000000000
107978  -7.233  24.288  31.150 0.0000000000
107979  -8.017  24.136  30.859 0.0000000000
107980  -10.815  24.338  30.846 0.0000000000
107986  -4.012  24.724  30.454 0.0000000000
107987  -4.445  24.406  31.089 0.0000000000
107988  -7.772  24.743  30.745 0.0000000000
107989  -8.591  24.623  30.555 0.0000000000
107990  -9.442  24.744  30.420 0.0000000000
107991  -10.418  24.625  30.613 0.0000000000
107992  -10.965  25.098  30.623 0.0000000000
107996  -3.668  24.514  29.735 0.0000000000
108000  -3.464  24.408  28.789 0.0000000000
108003  -3.606  24.437  27.968 0.0000000000
108004  -4.067  24.429  27.455 0.0000000000
108008  -4.641  24.407  27.025 0.0000000000
108013  -5.084  24.285  26.353 0.0000000000
108014  -4.899  24.511  26.352 0.0000000000
108022  -5.173  24.727  26.211 0.0000000000
108023  -5.211  25.422  26.023 0.0000000000
108520  -4.852  25.097  31.223 0.0000000000
108521  -5.485  25.047  31.276 0.0000000000
108522  -6.222  24.868  31.236 0.0000000000
108523  -6.722  24.663  31.177 0.0000000000
108535  -3.840  25.518  30.013 0.0000000000
108536  -4.408  25.543  30.726 0.0000000000
108537  -5.197  25.771  31.048 0.0000000000
108538  -6.062  25.661  31.049 0.0000000000
108539  -7.030  25.276  30.846 0.0000000000
108540  -8.059  25.435  30.450 0.0000000000
108541  -8.971  25.444  30.161 0.0000000000
108542  -9.919  25.493  30.155 0.0000000000
108543  -10.728  25.586  30.355 0.0000000000
108549  -3.522  25.411  29.211 0.0000000000
108552  -3.466  25.388  28.338 0.0000000000
108555  -3.712  25.342  27.609 0.0000000000
108556  -4.208  25.393  27.096 0.0000000000
108559  -4.715  25.605  26.570 0.0000000000
108562  -4.994  25.984  25.985 0.0000000000
108570  -5.068  26.529  25.755 0.0000000000
109096  -4.017  26.597  30.224 0.0000000000
109097  -4.852  26.553  30.660 0.0000000000
109098  -5.756  26.489  30.759 0.0000000000
109099  -6.688  26.344  30.654 0.0000000000
109100  -7.578  26.218  30.405 0.0000000000
109101  -8.457  26.322  30.067 0.0000000000
109102  -9.433  26.233  29.862 0.0000000000
109103  -10.428  26.498  29.942 0.0000000000
109115  -3.633  26.257  29.570 0.0000000000
109116  -9.040  26.867  29.767 0.0000000000
109117  -9.781  26.954  29.706 0.0000000000
109118  -10.263  27.059  29.736 0.0000000000
109127  -3.445  26.366  28.799 0.0000000000
109131  -3.505  26.392  27.830 0.0000000000
109132  -3.807  26.070  27.241 0.0000000000
109135  -3.704  26.771  27.175 0.0000000000
109136  -4.184  26.513  26.725 0.0000000000
109139  -4.740  26.780  26.102 0.0000000000
109143  -5.082  27.431  25.215 0.0000000000
109144  -4.925  27.161  25.390 0.0000000000
109151  -4.990  28.081  24.638 0.0000000000
109717  -3.960  27.337  30.091 0.0000000000
109718  -4.546  27.466  30.305 0.0000000000
109719  -5.447  27.279  30.432 0.0000000000
109720  -6.353  27.186  30.420 0.0000000000
109721  -7.346  27.143  30.228 0.0000000000
109722  -7.911  26.762  30.149 0.0000000000
109723  -10.613  27.229  29.804 0.0000000000
109736  -3.648  27.341  29.472 0.0000000000
109737  -3.994  27.867  30.023 0.0000000000
109738  -7.642  27.599  29.901 0.0000000000
109739  -8.253  27.327  29.807 0.0000000000
109740  -9.299  27.538  29.570 0.0000000000
109741  -10.171  27.592  29.602 0.0000000000
109742  -10.786  27.738  29.754 0.0000000000
109755  -3.440  27.388  28.382 0.0000000000
109764  -3.520  27.466  27.484 0.0000000000
109767  -3.781  27.463  26.779 0.0000000000
109768  -4.261  27.545  26.212 0.0000000000
109770  -4.690  27.817  25.593 0.0000000000
109772  -4.903  27.859  24.821 0.0000000000
109773  -4.982  28.130  25.038 0.0000000000
109778  -5.005  28.723  24.286 0.0000000000
109779  -4.828  28.380  24.467 0.0000000000
109780  -4.991  28.305  24.718 0.0000000000
110284  -5.224  27.991  30.228 0.0000000000
110285  -6.012  27.962  30.228 0.0000000000
110286  -6.890  27.837  30.109 0.0000000000
110287  -7.373  27.707  29.974 0.0000000000
110297  -3.890  28.444  29.567 0.0000000000
110298  -4.616  28.459  29.945 0.0000000000
110299  -5.585  28.669  29.953 0.0000000000
110300  -6.580  28.646  29.858 0.0000000000
110301  -7.629  28.233  29.632 0.0000000000
110302  -8.778  28.228  29.365 0.0000000000
110303  -9.756  28.307  29.335 0.0000000000
110304  -10.598  28.369  29.492 0.0000000000
110316  -3.576  28.356  28.833 0.0000000000
110330  -3.449  28.385  27.911 0.0000000000
110341  -3.483  28.430  26.942 0.0000000000
110342  -3.814  28.140  26.337 0.0000000000
110345  -3.668  28.814  26.252 0.0000000000
110346  -4.158  28.576  25.749 0.0000000000
110349  -4.706  28.769  25.124 0.0000000000
110355  -4.945  29.272  23.904 0.0000000000
110356  -4.849  29.097  24.133 0.0000000000
110357  -4.904  28.858  24.550 0.0000000000
110908  -3.782  29.218  29.151 0.0000000000
110909  -4.262  29.247  29.577 0.0000000000
110910  -5.082  29.365  29.628 0.0000000000
110911  -6.073  29.475  29.620 0.0000000000
110912  -7.261  29.551  29.310 0.0000000000
110913  -8.386  29.073  29.048 0.0000000000
110914  -9.359  28.984  29.027 0.0000000000
110915  -10.269  29.183  29.097 0.0000000000
110923  -3.575  29.293  28.393 0.0000000000
110924  -7.595  30.259  28.826 0.0000000000
110925  -8.250  29.950  28.784 0.0000000000
110926  -9.164  29.715  28.806 0.0000000000
110927  -9.752  29.530  28.884 0.0000000000
110936  -3.421  29.377  27.485 0.0000000000
110949  -3.459  29.484  26.599 0.0000000000
110958  -3.726  29.524  25.823 0.0000000000
110959  -4.301  29.583  25.201 0.0000000000
110962  -4.688  29.659  24.543 0.0000000000
110965  -4.866  29.718  23.622 0.0000000000
110966  -4.690  29.621  23.737 0.0000000000
110967  -4.888  29.794  23.953 0.0000000000
110980  -4.890  30.226  23.410 0.0000000000
110981  -4.860  30.082  23.604 0.0000000000
111592  -4.046  29.697  29.312 0.0000000000
111593  -4.555  30.065  29.311 0.0000000000
111594  -5.523  30.226  29.334 0.0000000000
111595  -6.417  30.212  29.260 0.0000000000
111596  -7.045  30.346  29.011 0.0000000000
111597  -10.752  29.734  29.081 0.0000000000
111605  -3.860  30.090  28.888 0.0000000000
111606  -4.331  30.771  28.956 0.0000000000
111607  -5.985  30.691  29.090 0.0000000000
111608  -6.581  30.798  28.862 0.0000000000
111609  -7.337  30.804  28.634 0.0000000000
111610  -8.121  30.687  28.505 0.0000000000
111611  -9.030  30.526  28.536 0.0000000000
111612  -10.178  30.262  28.719 0.0000000000
111613  -10.971  30.907  28.733 0.0000000000
111620  -3.514  30.279  28.041 0.0000000000
111629  -3.390  30.395  27.091 0.0000000000
111641  -3.464  30.429  26.139 0.0000000000
111642  -3.831  30.428  25.334 0.0000000000
111648  -4.411  30.580  24.614 0.0000000000
111649  -4.695  31.121  24.044 0.0000000000
111655  -4.801  30.528  23.986 0.0000000000
111656  -4.866  31.289  23.561 0.0000000000
111669  -5.076  30.891  22.922 0.0000000000
111670  -4.911  30.844  23.278 0.0000000000
111671  -5.035  31.660  23.071 0.0000000000
112281  -5.054  30.811  29.021 0.0000000000
112282  -5.586  30.772  29.055 0.0000000000
112291  -3.853  31.026  28.509 0.0000000000
112292  -4.647  31.581  28.536 0.0000000000
112293  -5.833  31.317  28.733 0.0000000000
112294  -6.921  31.424  28.501 0.0000000000
112295  -7.823  31.374  28.297 0.0000000000
112296  -8.735  31.320  28.280 0.0000000000
112297  -9.706  31.279  28.345 0.0000000000
112298  -10.603  31.354  28.482 0.0000000000
112306  -3.571  31.389  27.695 0.0000000000
112307  -3.953  31.660  28.266 0.0000000000
112315  -3.440  31.402  26.613 0.0000000000
112326  -3.459  31.433  25.537 0.0000000000
112327  -3.868  31.147  24.857 0.0000000000
112337  -3.575  31.808  24.726 0.0000000000
112338  -4.242  31.638  24.242 0.0000000000
112339  -4.668  31.606  23.756 0.0000000000
112347  -4.492  32.041  23.735 0.0000000000
112354  -4.919  31.273  22.571 0.0000000000
112355  -5.023  31.469  22.681 0.0000000000
112934  -4.828  32.222  28.146 0.0000000000
112935  -5.485  32.145  28.253 0.0000000000
112936  -6.481  32.111  28.261 0.0000000000
112937  -7.462  32.070  28.111 0.0000000000
112938  -8.392  32.008  27.982 0.0000000000
112939  -9.320  32.021  28.020 0.0000000000
112940  -10.313  32.195  28.128 0.0000000000
112949  -3.602  32.328  27.102 0.0000000000
112950  -4.163  32.374  27.907 0.0000000000
112951  -5.118  32.736  27.825 0.0000000000
112952  -6.089  32.782  27.868 0.0000000000
112953  -7.084  32.753  27.831 0.0000000000
112954  -8.037  32.657  27.660 0.0000000000
112955  -8.964  32.661  27.711 0.0000000000
112956  -9.763  32.682  27.797 0.0000000000
112964  -3.360  32.445  26.130 0.0000000000
112973  -3.215  32.510  25.118 0.0000000000
112990  -4.174  32.223  23.889 0.0000000000
113538  -3.928  32.899  27.316 0.0000000000
113539  -4.551  33.408  27.290 0.0000000000
113540  -5.683  33.437  27.459 0.0000000000
113541  -6.701  33.424  27.493 0.0000000000
113542  -7.684  33.343  27.396 0.0000000000
113543  -8.647  33.300  27.387 0.0000000000
113544  -9.579  33.291  27.481 0.0000000000
113553  -3.681  33.315  26.737 0.0000000000
113554  -4.095  34.008  26.858 0.0000000000
114168  -4.639  34.173  26.865 0.0000000000
114169  -5.355  34.075  27.013 0.0000000000
114170  -6.319  34.073  27.119 0.0000000000
114171  -7.317  34.029  27.115 0.0000000000
114172  -8.304  33.938  27.041 0.0000000000
114173  -9.276  33.902  27.079 0.0000000000
114186  -5.929  34.661  26.704 0.0000000000
114187  -6.911  34.636  26.707 0.0000000000
114188  -7.918  34.555  26.646 0.0000000000
114189  -8.940  34.488  26.638 0.0000000000
