#!ascii label  , from subject bert vox2ras=TkReg
581
77232  -23.381  -10.842  -24.950 0.0000000000
78231  -17.720  -9.356  -20.154 0.0000000000
78232  -17.975  -9.871  -20.459 0.0000000000
78241  -18.509  -10.364  -21.330 0.0000000000
78242  -19.010  -10.530  -22.079 0.0000000000
78250  -19.789  -10.468  -22.646 0.0000000000
78251  -20.554  -10.485  -23.405 0.0000000000
78260  -21.171  -10.540  -24.151 0.0000000000
78261  -21.857  -10.566  -24.735 0.0000000000
78262  -22.440  -11.084  -24.723 0.0000000000
78272  -22.196  -10.026  -25.178 0.0000000000
78273  -22.823  -10.477  -25.058 0.0000000000
78274  -23.734  -10.305  -25.119 0.0000000000
78275  -24.529  -10.252  -24.771 0.0000000000
79213  -17.514  -9.013  -19.881 0.0000000000
79214  -17.765  -8.960  -20.487 0.0000000000
79229  -18.339  -9.194  -21.426 0.0000000000
79230  -18.688  -9.895  -21.833 0.0000000000
79239  -18.772  -8.742  -22.041 0.0000000000
79240  -19.155  -9.432  -22.335 0.0000000000
79241  -20.069  -9.479  -23.071 0.0000000000
79252  -20.728  -9.439  -24.188 0.0000000000
79253  -21.339  -9.975  -24.561 0.0000000000
79266  -21.022  -8.843  -24.714 0.0000000000
79267  -21.674  -9.268  -25.058 0.0000000000
79268  -22.604  -9.548  -25.292 0.0000000000
79269  -23.388  -9.623  -25.255 0.0000000000
79270  -24.267  -9.361  -24.961 0.0000000000
79271  -25.210  -9.413  -24.540 0.0000000000
79272  -26.006  -9.486  -24.237 0.0000000000
79281  -22.054  -8.611  -25.355 0.0000000000
79282  -22.470  -8.789  -25.351 0.0000000000
79283  -23.132  -8.911  -25.303 0.0000000000
79284  -23.725  -8.936  -25.185 0.0000000000
80168  -17.539  -8.235  -20.168 0.0000000000
80181  -17.910  -8.032  -20.886 0.0000000000
80187  -18.437  -8.121  -21.824 0.0000000000
80188  -19.244  -8.182  -22.565 0.0000000000
80189  -19.658  -8.843  -22.825 0.0000000000
80199  -19.595  -7.741  -23.145 0.0000000000
80200  -19.984  -8.311  -23.525 0.0000000000
80201  -26.579  -8.961  -24.082 0.0000000000
80202  -27.217  -8.754  -23.817 0.0000000000
80203  -28.031  -8.678  -23.494 0.0000000000
80212  -20.573  -8.304  -24.511 0.0000000000
80213  -21.075  -8.331  -25.117 0.0000000000
80214  -24.237  -8.393  -24.995 0.0000000000
80215  -25.071  -8.450  -24.662 0.0000000000
80216  -26.121  -8.547  -24.346 0.0000000000
80217  -26.859  -8.421  -24.050 0.0000000000
80233  -21.732  -8.194  -25.373 0.0000000000
80234  -22.362  -8.085  -25.429 0.0000000000
80235  -22.988  -8.161  -25.388 0.0000000000
80236  -23.602  -8.276  -25.225 0.0000000000
81141  -17.444  -7.529  -20.399 0.0000000000
81159  -17.512  -7.114  -20.895 0.0000000000
81165  -18.063  -7.242  -21.551 0.0000000000
81166  -18.651  -7.269  -22.306 0.0000000000
81173  -19.262  -7.144  -23.035 0.0000000000
81174  -19.722  -7.410  -23.562 0.0000000000
81175  -27.250  -8.191  -23.946 0.0000000000
81176  -27.774  -7.951  -23.836 0.0000000000
81182  -19.562  -6.792  -23.723 0.0000000000
81183  -20.059  -7.147  -24.422 0.0000000000
81184  -20.624  -7.676  -25.019 0.0000000000
81185  -24.082  -7.693  -25.158 0.0000000000
81186  -24.778  -7.529  -24.805 0.0000000000
81187  -25.934  -7.367  -24.510 0.0000000000
81188  -27.099  -7.616  -24.116 0.0000000000
81189  -27.817  -7.353  -24.010 0.0000000000
81200  -20.534  -7.013  -25.221 0.0000000000
81201  -21.205  -7.389  -25.487 0.0000000000
81202  -22.060  -7.359  -25.676 0.0000000000
81203  -22.826  -7.376  -25.679 0.0000000000
81204  -23.533  -7.474  -25.438 0.0000000000
82112  -17.782  -6.607  -21.334 0.0000000000
82123  -17.895  -6.052  -21.416 0.0000000000
82124  -18.350  -6.345  -22.039 0.0000000000
82125  -18.824  -6.575  -22.693 0.0000000000
82130  -18.739  -5.988  -22.746 0.0000000000
82131  -19.107  -6.185  -23.381 0.0000000000
82139  -19.508  -6.188  -24.271 0.0000000000
82140  -19.782  -6.415  -24.738 0.0000000000
82141  -24.278  -6.711  -25.208 0.0000000000
82142  -25.287  -6.512  -24.694 0.0000000000
82143  -26.162  -6.301  -24.490 0.0000000000
82144  -26.967  -6.508  -24.326 0.0000000000
82157  -19.632  -5.966  -24.884 0.0000000000
82158  -20.084  -6.298  -25.248 0.0000000000
82159  -20.842  -6.441  -25.777 0.0000000000
82160  -21.664  -6.567  -26.045 0.0000000000
82161  -22.543  -6.545  -26.117 0.0000000000
82162  -23.418  -6.540  -25.815 0.0000000000
83101  -18.423  -5.435  -21.847 0.0000000000
83102  -18.567  -5.607  -22.480 0.0000000000
83106  -18.523  -5.016  -22.577 0.0000000000
83107  -18.727  -5.280  -23.206 0.0000000000
83108  -19.119  -5.394  -23.993 0.0000000000
83117  -19.405  -5.391  -24.639 0.0000000000
83118  -24.876  -5.592  -24.916 0.0000000000
83119  -25.832  -5.531  -24.567 0.0000000000
83120  -26.776  -5.537  -24.430 0.0000000000
83132  -19.812  -5.358  -25.255 0.0000000000
83133  -20.479  -5.435  -25.965 0.0000000000
83134  -21.244  -5.772  -26.402 0.0000000000
83135  -22.105  -5.782  -26.587 0.0000000000
83136  -23.093  -5.400  -26.327 0.0000000000
83137  -24.055  -5.569  -25.618 0.0000000000
83144  -20.950  -5.046  -26.618 0.0000000000
83145  -21.616  -5.047  -26.803 0.0000000000
83146  -22.372  -4.927  -26.696 0.0000000000
83147  -22.799  -4.742  -26.506 0.0000000000
84042  -18.518  -4.342  -23.076 0.0000000000
84043  -18.812  -4.416  -24.066 0.0000000000
84044  -19.168  -4.914  -24.408 0.0000000000
84055  -18.984  -3.942  -24.615 0.0000000000
84056  -19.360  -4.440  -24.963 0.0000000000
84057  -25.466  -4.611  -24.635 0.0000000000
84058  -26.458  -4.612  -24.416 0.0000000000
84059  -27.446  -4.630  -24.475 0.0000000000
84074  -20.113  -4.503  -25.718 0.0000000000
84075  -20.594  -4.448  -26.372 0.0000000000
84076  -23.799  -4.497  -25.821 0.0000000000
84077  -24.568  -4.589  -25.134 0.0000000000
84093  -21.153  -4.291  -26.870 0.0000000000
84094  -21.912  -4.231  -26.756 0.0000000000
84095  -22.557  -4.242  -26.530 0.0000000000
84096  -23.114  -4.352  -26.279 0.0000000000
85061  -18.361  -3.447  -23.671 0.0000000000
85077  -18.680  -3.467  -24.466 0.0000000000
85078  -19.071  -3.459  -25.052 0.0000000000
85079  -25.068  -3.652  -24.660 0.0000000000
85080  -26.059  -3.665  -24.307 0.0000000000
85081  -27.116  -3.675  -24.268 0.0000000000
85097  -19.821  -3.420  -25.859 0.0000000000
85098  -20.321  -3.939  -26.147 0.0000000000
85099  -22.858  -3.116  -26.183 0.0000000000
85100  -23.434  -3.478  -25.876 0.0000000000
85101  -24.249  -3.585  -25.265 0.0000000000
85117  -20.235  -2.820  -26.435 0.0000000000
85118  -20.635  -3.384  -26.674 0.0000000000
85119  -21.507  -3.387  -26.886 0.0000000000
85120  -22.287  -3.397  -26.532 0.0000000000
85121  -22.858  -3.724  -26.300 0.0000000000
86090  -17.864  -2.391  -23.199 0.0000000000
86107  -18.396  -2.464  -24.438 0.0000000000
86108  -18.723  -2.979  -24.893 0.0000000000
86109  -24.646  -2.709  -24.690 0.0000000000
86110  -25.598  -2.699  -24.283 0.0000000000
86111  -26.673  -2.695  -24.104 0.0000000000
86112  -27.687  -2.707  -24.408 0.0000000000
86125  -18.758  -1.902  -24.956 0.0000000000
86126  -19.146  -2.397  -25.397 0.0000000000
86127  -22.539  -2.484  -26.340 0.0000000000
86128  -23.160  -2.468  -25.818 0.0000000000
86129  -23.878  -2.603  -25.272 0.0000000000
86141  -19.910  -2.295  -26.259 0.0000000000
86142  -20.469  -2.172  -26.930 0.0000000000
86143  -21.187  -2.393  -27.274 0.0000000000
86144  -21.876  -2.509  -26.766 0.0000000000
86160  -20.561  -1.627  -27.300 0.0000000000
86161  -20.800  -1.801  -27.462 0.0000000000
87123  -17.472  -1.418  -23.167 0.0000000000
87135  -17.876  -1.528  -23.903 0.0000000000
87136  -24.218  -1.893  -24.697 0.0000000000
87137  -25.070  -1.750  -24.325 0.0000000000
87138  -26.156  -1.698  -24.043 0.0000000000
87139  -27.261  -1.701  -24.106 0.0000000000
87140  -28.146  -1.736  -24.717 0.0000000000
87152  -18.444  -1.369  -24.674 0.0000000000
87153  -18.980  -1.331  -25.381 0.0000000000
87154  -22.249  -1.789  -26.597 0.0000000000
87155  -22.782  -1.596  -26.038 0.0000000000
87156  -23.498  -1.505  -25.215 0.0000000000
87168  -19.556  -1.248  -26.347 0.0000000000
87169  -20.076  -1.734  -26.650 0.0000000000
87170  -21.202  -1.397  -27.581 0.0000000000
87171  -21.748  -1.585  -27.103 0.0000000000
87181  -19.864  -0.869  -26.927 0.0000000000
87182  -20.221  -1.272  -27.088 0.0000000000
87183  -20.708  -1.242  -27.514 0.0000000000
88088  -16.966  -0.641  -22.798 0.0000000000
88089  -17.509  -0.864  -23.508 0.0000000000
88104  -17.296  -0.182  -23.495 0.0000000000
88105  -17.874  -0.496  -24.273 0.0000000000
88106  -24.390  -0.816  -24.591 0.0000000000
88107  -25.590  -0.676  -24.179 0.0000000000
88108  -26.738  -0.681  -23.948 0.0000000000
88109  -27.682  -0.707  -24.356 0.0000000000
88110  -28.335  -0.742  -25.169 0.0000000000
88123  -18.534  -0.455  -25.270 0.0000000000
88124  -19.027  -0.669  -25.886 0.0000000000
88125  -22.262  -0.747  -26.532 0.0000000000
88126  -22.977  -0.580  -25.640 0.0000000000
88127  -23.612  -0.490  -25.037 0.0000000000
88128  -28.474  -0.761  -26.225 0.0000000000
88139  -18.771  -0.105  -25.966 0.0000000000
88140  -19.196  -0.227  -26.423 0.0000000000
88141  -20.971  -0.620  -27.620 0.0000000000
88142  -21.538  -0.597  -27.265 0.0000000000
88152  -19.658  -0.390  -26.889 0.0000000000
88153  -20.093  -0.540  -27.205 0.0000000000
88154  -20.528  -0.668  -27.443 0.0000000000
89018  -16.177  0.583  -21.586 0.0000000000
89019  -16.456  -0.094  -22.292 0.0000000000
89033  -16.264  1.169  -22.341 0.0000000000
89034  -16.650  0.568  -22.947 0.0000000000
89047  -17.488  0.583  -23.985 0.0000000000
89048  -18.093  0.475  -24.938 0.0000000000
89049  -24.942  0.471  -24.390 0.0000000000
89050  -26.188  0.379  -23.891 0.0000000000
89051  -27.316  0.315  -23.904 0.0000000000
89052  -28.041  0.275  -24.621 0.0000000000
89053  -28.289  0.236  -25.649 0.0000000000
89063  -18.532  0.365  -25.647 0.0000000000
89064  -22.551  0.533  -25.931 0.0000000000
89065  -23.361  0.341  -25.220 0.0000000000
89066  -24.033  0.103  -24.768 0.0000000000
89067  -28.263  0.114  -26.691 0.0000000000
89081  -18.904  0.577  -26.215 0.0000000000
89082  -19.532  0.542  -26.802 0.0000000000
89083  -20.212  0.668  -27.128 0.0000000000
89084  -20.979  0.354  -27.311 0.0000000000
89085  -21.742  0.362  -26.665 0.0000000000
89086  -28.124  1.285  -27.002 0.0000000000
89099  -19.936  0.049  -27.205 0.0000000000
89100  -20.419  -0.062  -27.368 0.0000000000
89101  -20.746  -0.257  -27.480 0.0000000000
89985  -16.487  1.778  -22.799 0.0000000000
89997  -17.146  1.634  -23.633 0.0000000000
89998  -17.794  1.543  -24.599 0.0000000000
89999  -23.685  1.908  -24.605 0.0000000000
90000  -24.583  1.735  -24.302 0.0000000000
90001  -25.651  1.509  -23.878 0.0000000000
90002  -26.794  1.385  -23.718 0.0000000000
90003  -27.788  1.320  -24.100 0.0000000000
90004  -28.368  1.242  -24.997 0.0000000000
90010  -18.476  1.372  -25.597 0.0000000000
90011  -21.809  1.906  -26.090 0.0000000000
90012  -22.348  1.643  -25.734 0.0000000000
90013  -23.065  1.460  -25.200 0.0000000000
90014  -23.900  0.990  -24.664 0.0000000000
90015  -28.241  1.255  -26.256 0.0000000000
90023  -19.161  1.523  -26.379 0.0000000000
90024  -19.847  1.558  -26.797 0.0000000000
90025  -20.556  1.511  -26.881 0.0000000000
90026  -21.328  1.492  -26.639 0.0000000000
90027  -21.948  1.190  -26.233 0.0000000000
90028  -28.087  1.533  -27.306 0.0000000000
90029  -28.289  1.788  -26.913 0.0000000000
90041  -28.123  1.947  -27.355 0.0000000000
90908  -25.398  3.405  -23.486 0.0000000000
90909  -25.914  3.215  -23.394 0.0000000000
90910  -26.657  3.104  -23.518 0.0000000000
90917  -16.749  2.686  -23.422 0.0000000000
90918  -17.422  2.599  -24.188 0.0000000000
90919  -22.454  3.171  -25.133 0.0000000000
90920  -23.006  2.678  -24.886 0.0000000000
90921  -24.044  2.721  -24.293 0.0000000000
90922  -25.122  2.761  -23.722 0.0000000000
90923  -26.257  2.387  -23.571 0.0000000000
90924  -27.332  2.484  -23.776 0.0000000000
90925  -28.225  2.294  -24.423 0.0000000000
90932  -18.051  2.577  -25.125 0.0000000000
90933  -21.448  2.553  -26.287 0.0000000000
90934  -22.134  2.646  -25.583 0.0000000000
90935  -22.623  2.108  -25.338 0.0000000000
90936  -28.580  2.239  -25.407 0.0000000000
90943  -18.710  2.519  -26.030 0.0000000000
90944  -19.422  2.523  -26.577 0.0000000000
90945  -20.138  2.519  -26.772 0.0000000000
90946  -20.837  2.481  -26.692 0.0000000000
90947  -28.455  2.366  -26.359 0.0000000000
90953  -28.310  2.488  -27.090 0.0000000000
91822  -16.725  3.937  -23.161 0.0000000000
91823  -17.351  4.471  -23.751 0.0000000000
91824  -25.596  3.929  -23.341 0.0000000000
91825  -26.441  3.851  -23.331 0.0000000000
91826  -27.234  3.623  -23.633 0.0000000000
91834  -17.076  3.271  -23.852 0.0000000000
91835  -17.565  3.769  -24.465 0.0000000000
91836  -22.659  3.732  -24.788 0.0000000000
91837  -23.498  3.637  -24.298 0.0000000000
91838  -24.318  3.543  -23.847 0.0000000000
91839  -24.953  3.735  -23.549 0.0000000000
91840  -27.941  3.362  -24.145 0.0000000000
91841  -28.540  3.226  -24.849 0.0000000000
91848  -18.351  3.562  -25.611 0.0000000000
91849  -20.872  3.795  -26.251 0.0000000000
91850  -21.440  3.463  -25.878 0.0000000000
91851  -22.008  3.580  -25.266 0.0000000000
91852  -28.561  3.220  -25.794 0.0000000000
91860  -18.994  3.459  -26.355 0.0000000000
91861  -19.699  3.434  -26.684 0.0000000000
91862  -20.428  3.460  -26.631 0.0000000000
91863  -21.045  3.193  -26.460 0.0000000000
91864  -28.440  3.275  -26.681 0.0000000000
92718  -23.367  5.318  -23.883 0.0000000000
92719  -23.847  5.139  -23.703 0.0000000000
92720  -24.858  4.682  -23.433 0.0000000000
92721  -26.039  4.714  -23.215 0.0000000000
92722  -27.037  4.590  -23.360 0.0000000000
92737  -17.740  4.939  -24.286 0.0000000000
92738  -21.246  4.824  -25.198 0.0000000000
92739  -21.885  4.500  -24.925 0.0000000000
92740  -23.063  4.718  -24.195 0.0000000000
92741  -23.936  4.313  -23.749 0.0000000000
92742  -24.474  4.073  -23.570 0.0000000000
92743  -27.755  4.386  -23.912 0.0000000000
92744  -28.275  4.195  -24.563 0.0000000000
92750  -18.146  4.582  -25.303 0.0000000000
92751  -20.393  4.325  -26.290 0.0000000000
92752  -21.019  4.394  -25.657 0.0000000000
92753  -21.549  3.968  -25.393 0.0000000000
92754  -28.533  4.096  -25.329 0.0000000000
92762  -18.751  4.304  -25.995 0.0000000000
92763  -19.341  4.204  -26.402 0.0000000000
92764  -19.915  4.211  -26.580 0.0000000000
92765  -28.493  4.125  -26.174 0.0000000000
93663  -17.995  5.779  -23.841 0.0000000000
93666  -22.943  5.901  -23.915 0.0000000000
93667  -23.622  5.827  -23.761 0.0000000000
93668  -24.517  5.753  -23.346 0.0000000000
93669  -25.568  5.650  -23.094 0.0000000000
93670  -26.670  5.591  -23.231 0.0000000000
93671  -27.598  5.421  -23.706 0.0000000000
93686  -18.287  5.652  -25.139 0.0000000000
93687  -18.805  5.888  -25.505 0.0000000000
93688  -20.539  5.572  -25.188 0.0000000000
93689  -21.299  5.349  -24.861 0.0000000000
93690  -22.333  5.473  -24.339 0.0000000000
93691  -23.081  5.446  -23.986 0.0000000000
93692  -28.132  5.131  -24.373 0.0000000000
93693  -28.418  4.949  -25.026 0.0000000000
93705  -18.650  5.006  -25.757 0.0000000000
93706  -19.084  5.476  -25.874 0.0000000000
93707  -20.077  5.185  -25.809 0.0000000000
93708  -20.826  5.071  -25.359 0.0000000000
93709  -28.490  4.824  -25.684 0.0000000000
93716  -19.100  4.788  -26.089 0.0000000000
93717  -19.589  4.786  -26.230 0.0000000000
93718  -19.998  4.677  -26.322 0.0000000000
93719  -28.433  5.068  -26.388 0.0000000000
94634  -20.011  6.811  -24.362 0.0000000000
94635  -21.026  6.700  -24.043 0.0000000000
94636  -22.191  6.429  -23.821 0.0000000000
94637  -23.238  6.578  -23.599 0.0000000000
94638  -24.151  6.610  -23.288 0.0000000000
94639  -25.141  6.596  -22.907 0.0000000000
94640  -26.198  6.584  -23.248 0.0000000000
94641  -27.207  6.484  -23.655 0.0000000000
94653  -18.243  6.465  -24.341 0.0000000000
94654  -18.891  6.307  -25.134 0.0000000000
94655  -19.837  6.141  -25.129 0.0000000000
94656  -20.700  6.084  -24.666 0.0000000000
94657  -21.529  5.981  -24.351 0.0000000000
94658  -27.995  6.223  -24.541 0.0000000000
94659  -28.282  5.549  -24.841 0.0000000000
94672  -19.043  5.914  -25.584 0.0000000000
94673  -19.368  5.828  -25.554 0.0000000000
94674  -28.175  6.510  -25.222 0.0000000000
94675  -28.397  5.837  -25.537 0.0000000000
94681  -28.011  6.619  -27.164 0.0000000000
94682  -28.346  6.078  -26.589 0.0000000000
95545  -17.885  7.590  -23.308 0.0000000000
95546  -18.202  7.822  -24.058 0.0000000000
95547  -19.187  7.683  -24.160 0.0000000000
95548  -20.312  7.626  -23.730 0.0000000000
95549  -21.473  7.463  -23.441 0.0000000000
95550  -22.614  7.391  -23.295 0.0000000000
95551  -23.658  7.463  -23.158 0.0000000000
95552  -24.685  7.544  -22.934 0.0000000000
95553  -25.718  7.580  -23.241 0.0000000000
95554  -26.705  7.498  -23.626 0.0000000000
95561  -18.009  7.142  -23.985 0.0000000000
95562  -18.627  7.036  -24.339 0.0000000000
95563  -19.269  6.775  -24.603 0.0000000000
95564  -27.510  7.389  -24.247 0.0000000000
95573  -27.976  7.256  -25.211 0.0000000000
95574  -28.236  6.673  -25.663 0.0000000000
95585  -28.114  7.197  -26.359 0.0000000000
95586  -28.330  6.467  -26.037 0.0000000000
95595  -27.038  8.008  -27.835 0.0000000000
95596  -27.536  7.462  -27.533 0.0000000000
96472  -18.990  9.093  -20.805 0.0000000000
96484  -18.217  8.595  -21.966 0.0000000000
96485  -18.672  9.244  -21.528 0.0000000000
96498  -18.067  8.280  -22.840 0.0000000000
96499  -18.913  9.060  -22.468 0.0000000000
96500  -20.017  9.240  -22.678 0.0000000000
96501  -20.608  9.361  -22.826 0.0000000000
96502  -23.641  9.068  -22.658 0.0000000000
96503  -24.435  9.240  -22.737 0.0000000000
96504  -24.959  9.425  -22.758 0.0000000000
96517  -18.003  8.172  -23.554 0.0000000000
96518  -18.582  8.384  -23.522 0.0000000000
96519  -19.595  8.519  -23.376 0.0000000000
96520  -20.847  8.699  -23.217 0.0000000000
96521  -21.970  8.218  -22.886 0.0000000000
96522  -23.024  8.331  -22.720 0.0000000000
96523  -24.127  8.398  -22.900 0.0000000000
96524  -25.257  8.749  -22.960 0.0000000000
96525  -26.306  8.499  -23.489 0.0000000000
96526  -27.140  8.401  -23.959 0.0000000000
96529  -27.648  8.366  -24.783 0.0000000000
96531  -27.956  8.346  -25.774 0.0000000000
96540  -27.735  8.417  -26.780 0.0000000000
96553  -26.636  8.526  -27.964 0.0000000000
96554  -27.207  8.533  -27.472 0.0000000000
97313  -23.206  10.502  -16.481 0.0000000000
97329  -23.101  10.119  -16.573 0.0000000000
97362  -19.614  10.283  -20.104 0.0000000000
97377  -19.058  10.119  -20.441 0.0000000000
97378  -19.702  9.711  -20.201 0.0000000000
97386  -18.623  9.938  -21.000 0.0000000000
97401  -18.912  10.074  -21.651 0.0000000000
97402  -19.613  10.100  -22.226 0.0000000000
97403  -20.592  9.977  -22.464 0.0000000000
97404  -21.567  9.877  -22.412 0.0000000000
97405  -22.706  9.518  -22.383 0.0000000000
97406  -23.869  9.865  -22.413 0.0000000000
97407  -24.690  9.946  -22.622 0.0000000000
97420  -21.061  9.458  -22.837 0.0000000000
97421  -21.719  9.072  -22.688 0.0000000000
97422  -22.341  8.749  -22.598 0.0000000000
97423  -25.356  9.815  -22.888 0.0000000000
97424  -26.160  9.591  -23.336 0.0000000000
97425  -26.793  9.153  -23.753 0.0000000000
97430  -26.824  9.837  -23.827 0.0000000000
97431  -27.289  9.404  -24.384 0.0000000000
97434  -27.710  9.321  -25.304 0.0000000000
97440  -27.761  9.354  -26.258 0.0000000000
97452  -26.815  9.250  -27.585 0.0000000000
97453  -27.333  9.464  -27.095 0.0000000000
97471  -26.200  9.447  -28.008 0.0000000000
98129  -23.386  11.009  -16.512 0.0000000000
98130  -23.618  11.092  -16.543 0.0000000000
98131  -24.015  11.195  -16.575 0.0000000000
98132  -24.444  11.346  -16.617 0.0000000000
98143  -23.233  10.917  -16.493 0.0000000000
98144  -23.613  10.618  -16.555 0.0000000000
98145  -24.289  10.758  -16.687 0.0000000000
98146  -24.741  11.275  -16.707 0.0000000000
98162  -22.645  11.079  -16.628 0.0000000000
98163  -23.744  10.018  -16.760 0.0000000000
98164  -24.500  10.161  -16.822 0.0000000000
98181  -20.808  10.856  -17.877 0.0000000000
98182  -21.798  11.317  -17.206 0.0000000000
98198  -19.854  10.576  -19.817 0.0000000000
98199  -20.135  10.719  -19.186 0.0000000000
98209  -19.436  10.665  -20.195 0.0000000000
98218  -19.010  10.774  -20.869 0.0000000000
98219  -20.504  11.235  -21.537 0.0000000000
98220  -21.005  11.259  -21.526 0.0000000000
98221  -21.831  11.320  -21.626 0.0000000000
98222  -22.580  11.367  -21.747 0.0000000000
98235  -19.451  10.852  -21.665 0.0000000000
98236  -20.258  10.948  -21.979 0.0000000000
98237  -21.214  10.606  -21.925 0.0000000000
98238  -22.191  10.588  -22.044 0.0000000000
98239  -23.276  10.829  -22.089 0.0000000000
98240  -24.295  10.747  -22.457 0.0000000000
98241  -25.039  10.649  -22.863 0.0000000000
98252  -25.778  10.556  -23.204 0.0000000000
98253  -26.467  10.516  -23.682 0.0000000000
98262  -27.075  10.441  -24.285 0.0000000000
98263  -27.454  10.209  -25.006 0.0000000000
98268  -27.654  10.132  -25.758 0.0000000000
98271  -27.089  10.726  -26.938 0.0000000000
98272  -27.404  10.257  -26.676 0.0000000000
98278  -26.145  10.763  -27.761 0.0000000000
98279  -26.707  10.259  -27.457 0.0000000000
98280  -27.211  10.023  -27.123 0.0000000000
98297  -25.801  10.292  -28.136 0.0000000000
98298  -26.252  10.005  -27.880 0.0000000000
98980  -23.450  11.243  -16.565 0.0000000000
98981  -23.733  11.685  -16.583 0.0000000000
98982  -24.288  11.765  -16.536 0.0000000000
98983  -24.764  11.816  -16.532 0.0000000000
98995  -23.208  11.479  -16.677 0.0000000000
98996  -23.411  12.119  -16.844 0.0000000000
98997  -24.818  10.885  -16.803 0.0000000000
98998  -25.273  11.575  -16.450 0.0000000000
99014  -22.776  11.863  -17.045 0.0000000000
99015  -23.213  12.616  -17.290 0.0000000000
99033  -20.495  11.176  -18.625 0.0000000000
99034  -21.290  12.076  -18.517 0.0000000000
99035  -22.462  12.592  -17.747 0.0000000000
99036  -23.192  12.967  -17.790 0.0000000000
99049  -19.854  10.926  -19.764 0.0000000000
99050  -20.417  11.430  -19.472 0.0000000000
99051  -21.230  12.230  -19.729 0.0000000000
99058  -19.777  11.128  -20.280 0.0000000000
99059  -20.555  11.581  -20.368 0.0000000000
99060  -21.370  12.185  -20.481 0.0000000000
99068  -19.883  11.207  -21.089 0.0000000000
99069  -20.717  11.504  -21.093 0.0000000000
99070  -21.667  12.021  -21.093 0.0000000000
99071  -22.402  12.089  -21.419 0.0000000000
99072  -23.126  12.105  -21.820 0.0000000000
99085  -19.869  11.193  -21.641 0.0000000000
99086  -20.200  11.244  -21.507 0.0000000000
99087  -23.967  11.751  -22.338 0.0000000000
99088  -24.665  11.471  -22.895 0.0000000000
99089  -25.335  11.367  -23.263 0.0000000000
99097  -26.004  11.300  -23.644 0.0000000000
99098  -26.630  11.238  -24.129 0.0000000000
99109  -27.213  11.227  -25.018 0.0000000000
99110  -27.488  10.623  -25.409 0.0000000000
99120  -27.077  11.531  -26.036 0.0000000000
99121  -27.445  10.837  -25.906 0.0000000000
99126  -26.757  11.271  -26.898 0.0000000000
99127  -27.206  10.959  -26.508 0.0000000000
99131  -25.689  11.337  -27.890 0.0000000000
99132  -26.316  11.124  -27.485 0.0000000000
99823  -23.761  12.242  -16.691 0.0000000000
99824  -24.131  12.296  -16.609 0.0000000000
99825  -24.594  12.305  -16.565 0.0000000000
99834  -23.892  12.699  -17.023 0.0000000000
99835  -24.609  12.717  -16.996 0.0000000000
99836  -25.187  12.715  -16.714 0.0000000000
99853  -23.793  12.965  -17.778 0.0000000000
99854  -24.563  12.979  -17.653 0.0000000000
99855  -25.303  13.149  -17.513 0.0000000000
99856  -26.097  13.617  -17.301 0.0000000000
99857  -26.723  13.742  -17.712 0.0000000000
99872  -21.830  13.218  -19.449 0.0000000000
99888  -21.823  13.069  -20.087 0.0000000000
99899  -22.029  12.986  -20.587 0.0000000000
99906  -22.320  12.945  -21.084 0.0000000000
99907  -22.680  12.897  -21.587 0.0000000000
99908  -23.012  13.002  -21.918 0.0000000000
99919  -23.566  12.802  -22.318 0.0000000000
99920  -24.501  12.516  -22.993 0.0000000000
99921  -24.961  11.893  -23.282 0.0000000000
99928  -24.878  12.877  -23.432 0.0000000000
99929  -25.460  12.298  -23.797 0.0000000000
99930  -26.129  11.695  -24.023 0.0000000000
99937  -25.945  12.736  -24.824 0.0000000000
99938  -26.381  11.927  -24.506 0.0000000000
99949  -25.914  12.827  -25.820 0.0000000000
99950  -26.569  12.125  -25.414 0.0000000000
99959  -25.702  12.702  -26.768 0.0000000000
99960  -26.399  12.099  -26.369 0.0000000000
99969  -24.527  12.830  -27.934 0.0000000000
99970  -25.376  12.361  -27.624 0.0000000000
99971  -26.049  11.828  -27.182 0.0000000000
100655  -26.409  13.779  -16.841 0.0000000000
100656  -27.109  13.905  -17.299 0.0000000000
100657  -28.334  13.989  -17.025 0.0000000000
100670  -21.855  14.222  -19.582 0.0000000000
100685  -21.531  13.992  -19.982 0.0000000000
100702  -21.599  13.831  -20.578 0.0000000000
100714  -21.856  13.765  -21.068 0.0000000000
100715  -22.423  13.757  -21.500 0.0000000000
100716  -22.776  13.381  -21.746 0.0000000000
100725  -22.610  14.106  -21.632 0.0000000000
100726  -23.089  13.775  -21.884 0.0000000000
100727  -24.020  13.653  -22.529 0.0000000000
100734  -24.580  13.432  -23.213 0.0000000000
100735  -24.979  13.284  -23.696 0.0000000000
100741  -25.319  13.334  -24.358 0.0000000000
100747  -25.469  13.520  -25.257 0.0000000000
100757  -24.712  14.070  -26.942 0.0000000000
100758  -25.317  13.712  -26.298 0.0000000000
100772  -25.060  13.309  -27.267 0.0000000000
101474  -21.925  14.633  -19.587 0.0000000000
101475  -22.080  14.437  -19.477 0.0000000000
101487  -21.717  14.692  -19.899 0.0000000000
101488  -22.393  14.601  -19.796 0.0000000000
101502  -21.473  14.549  -20.564 0.0000000000
101503  -22.173  14.890  -20.529 0.0000000000
101517  -21.460  14.243  -21.003 0.0000000000
101518  -22.019  14.510  -21.254 0.0000000000
101532  -22.399  14.259  -21.498 0.0000000000
101533  -22.760  14.392  -21.500 0.0000000000
101543  -24.709  13.793  -23.485 0.0000000000
101550  -24.868  13.979  -23.912 0.0000000000
101557  -25.031  14.143  -24.719 0.0000000000
101567  -25.078  14.264  -25.536 0.0000000000
132766  -28.059  0.764  -27.133 0.0000000000
