#!ascii label  , from subject bert vox2ras=TkReg
373
130796  -8.011  66.198  4.299 0.0000000000
131094  -9.419  66.951  8.011 0.0000000000
131095  -9.990  66.571  8.246 0.0000000000
131104  -8.537  66.904  7.068 0.0000000000
131105  -9.200  66.472  7.321 0.0000000000
131114  -7.466  66.862  6.054 0.0000000000
131115  -8.332  66.460  6.248 0.0000000000
131116  -9.053  66.031  6.584 0.0000000000
131125  -6.303  66.995  4.782 0.0000000000
131126  -7.186  66.577  5.142 0.0000000000
131127  -8.152  66.019  5.121 0.0000000000
131134  -6.461  66.853  4.035 0.0000000000
131135  -7.447  66.540  3.788 0.0000000000
131149  -6.753  66.955  3.014 0.0000000000
131164  -7.158  67.275  2.347 0.0000000000
131397  -8.932  67.883  8.217 0.0000000000
131398  -9.487  67.557  8.430 0.0000000000
131399  -10.123  67.529  8.943 0.0000000000
131407  -7.911  67.824  7.275 0.0000000000
131408  -8.539  67.546  7.602 0.0000000000
131409  -9.085  67.259  7.955 0.0000000000
131418  -6.663  67.716  6.287 0.0000000000
131419  -7.446  67.475  6.664 0.0000000000
131420  -8.151  67.227  6.996 0.0000000000
131430  -5.266  67.947  5.009 0.0000000000
131431  -6.143  67.487  5.487 0.0000000000
131432  -6.957  67.157  5.982 0.0000000000
131438  -1.465  68.507  3.424 0.0000000000
131439  -1.780  67.971  4.098 0.0000000000
131440  -3.944  68.521  4.034 0.0000000000
131441  -4.546  68.148  4.262 0.0000000000
131442  -5.558  67.437  4.298 0.0000000000
131454  -1.290  68.796  2.974 0.0000000000
131455  -1.706  68.080  3.141 0.0000000000
131456  -3.862  68.482  3.372 0.0000000000
131457  -4.628  67.849  3.213 0.0000000000
131458  -5.716  67.333  3.112 0.0000000000
131468  -1.404  68.821  2.484 0.0000000000
131469  -1.957  68.336  2.280 0.0000000000
131470  -2.557  68.213  1.726 0.0000000000
131471  -3.474  68.463  2.117 0.0000000000
131472  -4.783  67.787  2.125 0.0000000000
131473  -6.151  67.508  1.988 0.0000000000
131479  -2.684  68.186  1.289 0.0000000000
131480  -3.777  68.142  1.343 0.0000000000
131481  -5.060  67.954  1.170 0.0000000000
131482  -6.341  68.277  0.873 0.0000000000
131490  -2.306  68.586  0.498 0.0000000000
131491  -2.767  68.284  0.841 0.0000000000
131492  -4.075  68.238  0.577 0.0000000000
131493  -5.324  68.412  0.305 0.0000000000
131494  -6.240  68.731  0.043 0.0000000000
131498  -1.479  68.813  -0.179 0.0000000000
131499  -1.967  68.625  0.133 0.0000000000
131645  -10.738  68.748  10.215 0.0000000000
131654  -9.514  69.149  9.101 0.0000000000
131655  -9.968  68.625  9.386 0.0000000000
131659  -2.711  69.457  8.187 0.0000000000
131663  -8.506  68.515  8.138 0.0000000000
131664  -9.240  68.642  8.683 0.0000000000
131665  -9.713  68.099  8.844 0.0000000000
131670  -2.399  69.033  7.578 0.0000000000
131672  -6.348  69.051  7.072 0.0000000000
131673  -7.308  68.540  7.372 0.0000000000
131674  -8.055  68.337  7.652 0.0000000000
131682  -2.035  68.859  6.407 0.0000000000
131683  -5.157  69.043  5.989 0.0000000000
131684  -6.015  68.415  6.311 0.0000000000
131685  -6.765  68.220  6.778 0.0000000000
131692  -1.535  69.527  4.684 0.0000000000
131693  -1.909  68.704  5.447 0.0000000000
131694  -3.115  70.075  4.202 0.0000000000
131695  -3.880  69.375  4.834 0.0000000000
131696  -4.672  68.663  5.167 0.0000000000
131697  -5.454  68.276  5.628 0.0000000000
131703  -1.233  69.190  3.568 0.0000000000
131704  -1.715  68.643  4.584 0.0000000000
131705  -2.836  69.907  3.066 0.0000000000
131706  -3.467  69.086  3.862 0.0000000000
131707  -4.069  68.692  4.488 0.0000000000
131719  -0.986  69.426  2.476 0.0000000000
131720  -2.654  69.582  2.170 0.0000000000
131721  -3.265  69.139  2.731 0.0000000000
131730  -1.334  69.430  1.909 0.0000000000
131731  -1.913  69.211  1.529 0.0000000000
131732  -2.633  69.105  1.722 0.0000000000
131733  -3.050  69.126  2.082 0.0000000000
131745  -2.360  68.918  0.454 0.0000000000
131746  -3.269  68.745  0.186 0.0000000000
131747  -4.493  68.690  -0.202 0.0000000000
131748  -5.696  68.919  -0.525 0.0000000000
131755  -1.186  69.297  -0.174 0.0000000000
131756  -1.740  69.490  0.241 0.0000000000
131757  -2.599  69.357  -0.098 0.0000000000
131758  -3.701  69.123  -0.587 0.0000000000
131759  -4.933  69.112  -1.075 0.0000000000
131764  -1.356  69.175  -1.165 0.0000000000
131767  -1.336  69.027  -2.232 0.0000000000
131770  -1.569  69.049  -3.188 0.0000000000
131835  -4.721  69.540  14.912 0.0000000000
131836  -5.147  69.484  14.110 0.0000000000
131849  -11.615  70.438  13.025 0.0000000000
131850  -12.406  70.369  13.345 0.0000000000
131854  -5.541  69.850  11.919 0.0000000000
131859  -10.933  70.405  12.753 0.0000000000
131865  -5.276  69.810  11.094 0.0000000000
131874  -4.347  70.097  9.967 0.0000000000
131875  -4.948  69.715  10.340 0.0000000000
131877  -10.984  69.776  10.470 0.0000000000
131878  -11.684  69.888  10.909 0.0000000000
131879  -3.349  70.154  9.089 0.0000000000
131880  -3.999  69.837  9.414 0.0000000000
131881  -4.627  69.522  9.737 0.0000000000
131882  -9.623  69.634  9.442 0.0000000000
131883  -10.190  69.602  9.946 0.0000000000
131884  -2.503  70.104  8.027 0.0000000000
131885  -2.980  69.941  8.602 0.0000000000
131886  -3.574  69.511  8.849 0.0000000000
131887  -7.694  70.042  8.268 0.0000000000
131888  -8.504  69.558  8.526 0.0000000000
131889  -9.157  69.639  8.998 0.0000000000
131893  -2.269  70.142  7.393 0.0000000000
131894  -5.124  70.401  6.896 0.0000000000
131895  -5.646  70.072  7.170 0.0000000000
131896  -6.830  69.891  7.785 0.0000000000
131897  -7.839  69.161  7.955 0.0000000000
131907  -1.668  70.726  5.663 0.0000000000
131908  -1.883  70.310  6.393 0.0000000000
131909  -4.175  70.522  6.039 0.0000000000
131910  -4.744  70.185  6.398 0.0000000000
131911  -5.587  69.337  6.627 0.0000000000
131920  -1.560  70.495  5.121 0.0000000000
131921  -1.722  69.588  5.633 0.0000000000
131922  -2.979  70.752  4.419 0.0000000000
131923  -3.758  70.453  5.337 0.0000000000
131924  -4.454  69.533  5.572 0.0000000000
131932  -1.069  70.385  3.857 0.0000000000
131933  -2.024  71.660  2.885 0.0000000000
131934  -2.402  71.068  3.389 0.0000000000
131946  -0.732  70.235  2.691 0.0000000000
131947  -1.793  71.319  2.362 0.0000000000
131948  -2.250  70.454  2.201 0.0000000000
131957  -0.788  70.200  1.854 0.0000000000
131958  -1.325  70.448  1.596 0.0000000000
131959  -2.138  69.797  1.655 0.0000000000
131976  -0.890  69.767  -0.152 0.0000000000
131977  -1.134  70.029  -0.045 0.0000000000
131978  -2.001  70.024  -0.338 0.0000000000
131979  -2.953  69.577  -0.953 0.0000000000
131980  -4.133  69.437  -1.459 0.0000000000
131985  -1.054  69.780  -0.567 0.0000000000
131986  -1.491  70.075  -0.881 0.0000000000
131987  -2.351  70.009  -1.346 0.0000000000
131988  -3.452  69.837  -1.856 0.0000000000
131991  -1.374  69.702  -1.451 0.0000000000
131992  -1.826  70.090  -1.890 0.0000000000
131993  -2.800  70.069  -2.369 0.0000000000
131997  -1.550  69.619  -2.329 0.0000000000
131998  -2.153  69.763  -2.934 0.0000000000
132045  -4.437  70.794  16.027 0.0000000000
132052  -4.410  70.743  15.006 0.0000000000
132053  -4.629  70.261  14.302 0.0000000000
132061  -4.286  71.080  13.975 0.0000000000
132062  -4.779  70.331  13.479 0.0000000000
132065  -12.085  71.352  13.289 0.0000000000
132066  -12.961  71.295  13.588 0.0000000000
132070  -4.244  71.150  12.968 0.0000000000
132071  -4.845  70.389  12.466 0.0000000000
132074  -9.504  70.981  12.722 0.0000000000
132075  -10.458  71.122  12.703 0.0000000000
132076  -11.284  71.280  12.880 0.0000000000
132082  -4.229  71.072  11.896 0.0000000000
132083  -4.762  70.344  11.494 0.0000000000
132084  -11.917  70.398  11.027 0.0000000000
132085  -12.295  70.905  11.279 0.0000000000
132087  -3.557  71.255  10.218 0.0000000000
132088  -4.093  70.742  10.631 0.0000000000
132089  -4.752  70.159  10.898 0.0000000000
132090  -9.644  71.172  9.866 0.0000000000
132091  -10.228  70.713  10.154 0.0000000000
132092  -11.479  70.803  10.716 0.0000000000
132093  -11.920  71.262  10.963 0.0000000000
132094  -2.759  71.363  9.237 0.0000000000
132095  -3.285  70.889  9.602 0.0000000000
132096  -3.927  70.426  9.890 0.0000000000
132097  -8.598  71.093  9.130 0.0000000000
132098  -9.202  70.635  9.418 0.0000000000
132099  -9.792  70.146  9.760 0.0000000000
132100  -2.586  70.939  8.755 0.0000000000
132101  -2.991  70.486  9.036 0.0000000000
132102  -6.495  71.324  8.100 0.0000000000
132103  -7.042  70.866  8.219 0.0000000000
132104  -8.229  70.690  8.733 0.0000000000
132105  -8.783  70.142  8.912 0.0000000000
132106  -2.277  71.045  7.550 0.0000000000
132107  -4.273  71.409  6.858 0.0000000000
132108  -4.925  70.911  7.056 0.0000000000
132109  -6.151  70.887  7.776 0.0000000000
132110  -6.686  70.571  7.943 0.0000000000
132116  -1.743  71.233  5.449 0.0000000000
132117  -2.100  71.368  6.470 0.0000000000
132118  -3.302  71.667  5.705 0.0000000000
132119  -4.034  70.955  6.311 0.0000000000
132120  -4.568  70.690  6.625 0.0000000000
132127  -1.418  71.385  4.253 0.0000000000
132128  -1.656  71.846  4.024 0.0000000000
132129  -2.799  71.324  4.707 0.0000000000
132130  -3.502  71.170  5.497 0.0000000000
132139  -0.821  71.145  2.960 0.0000000000
132140  -1.637  71.775  3.319 0.0000000000
132141  -2.214  71.606  3.868 0.0000000000
132152  -0.468  70.867  1.958 0.0000000000
132153  -0.986  71.319  2.096 0.0000000000
132162  -0.728  70.708  1.592 0.0000000000
132163  -0.677  71.034  1.560 0.0000000000
132214  -4.604  71.816  16.377 0.0000000000
132217  -4.387  71.820  15.502 0.0000000000
132222  -4.266  71.904  14.550 0.0000000000
132230  -4.075  72.044  13.544 0.0000000000
132233  -11.522  72.266  13.057 0.0000000000
132234  -12.671  72.143  13.386 0.0000000000
132239  -3.996  71.982  12.444 0.0000000000
132241  -8.192  71.951  13.078 0.0000000000
132242  -9.056  71.909  12.862 0.0000000000
132243  -9.992  71.918  12.787 0.0000000000
132244  -10.783  71.903  12.814 0.0000000000
132249  -3.813  71.703  11.341 0.0000000000
132250  -12.019  72.260  11.204 0.0000000000
132251  -12.680  71.921  11.559 0.0000000000
132253  -3.358  71.734  10.047 0.0000000000
132254  -3.648  71.550  10.570 0.0000000000
132255  -9.903  71.847  10.054 0.0000000000
132256  -10.884  71.741  10.482 0.0000000000
132257  -11.665  71.697  10.859 0.0000000000
132258  -12.135  71.620  11.149 0.0000000000
132259  -2.597  71.672  9.010 0.0000000000
132260  -2.877  71.820  9.447 0.0000000000
132261  -7.106  72.265  8.907 0.0000000000
132262  -7.927  71.940  9.238 0.0000000000
132263  -8.728  71.588  9.376 0.0000000000
132264  -9.334  71.475  9.686 0.0000000000
132265  -2.588  71.942  8.428 0.0000000000
132266  -2.640  72.058  9.003 0.0000000000
132267  -5.839  72.104  8.138 0.0000000000
132268  -6.654  71.788  8.341 0.0000000000
132269  -7.548  71.536  8.703 0.0000000000
132270  -8.210  71.391  9.025 0.0000000000
132271  -2.628  72.089  7.232 0.0000000000
132272  -3.535  72.209  7.228 0.0000000000
132273  -4.470  71.860  7.319 0.0000000000
132274  -5.455  71.666  7.666 0.0000000000
132275  -6.127  71.605  8.001 0.0000000000
132276  -1.916  71.619  5.115 0.0000000000
132277  -2.238  71.706  5.752 0.0000000000
132278  -2.948  72.123  6.246 0.0000000000
132279  -3.759  71.779  6.603 0.0000000000
132280  -1.741  71.557  4.828 0.0000000000
132281  -1.857  71.786  4.655 0.0000000000
132282  -2.437  71.670  5.239 0.0000000000
132283  -1.808  72.002  4.020 0.0000000000
132284  -2.063  71.801  4.264 0.0000000000
132297  -5.142  72.297  16.906 0.0000000000
132300  -4.898  72.470  16.610 0.0000000000
132301  -5.275  72.498  16.689 0.0000000000
132303  -4.583  72.736  15.890 0.0000000000
132304  -5.012  73.032  16.296 0.0000000000
132305  -5.670  72.743  16.162 0.0000000000
132306  -4.363  72.697  15.084 0.0000000000
132307  -6.208  72.961  15.202 0.0000000000
132311  -4.337  72.832  14.192 0.0000000000
132312  -6.619  73.036  14.519 0.0000000000
132313  -7.246  73.163  13.977 0.0000000000
132314  -8.168  73.539  13.540 0.0000000000
132315  -8.984  73.533  13.240 0.0000000000
132316  -9.865  73.322  13.018 0.0000000000
132317  -10.898  73.062  12.871 0.0000000000
132318  -12.212  72.966  13.006 0.0000000000
132322  -4.766  72.936  13.106 0.0000000000
132323  -5.520  73.432  12.985 0.0000000000
132324  -7.373  72.528  13.785 0.0000000000
132325  -7.856  72.697  13.508 0.0000000000
132326  -8.645  72.772  13.207 0.0000000000
132327  -9.532  72.731  13.024 0.0000000000
132328  -10.464  72.602  12.932 0.0000000000
132329  -12.467  73.045  12.382 0.0000000000
132330  -13.298  72.712  12.811 0.0000000000
132333  -4.421  72.449  11.730 0.0000000000
132334  -5.617  73.155  12.150 0.0000000000
132335  -6.406  73.321  11.915 0.0000000000
132336  -11.054  73.015  11.279 0.0000000000
132337  -11.703  72.866  11.374 0.0000000000
132338  -12.328  72.837  11.686 0.0000000000
132339  -13.041  72.487  12.174 0.0000000000
132340  -3.428  72.063  10.114 0.0000000000
132341  -3.786  72.155  10.525 0.0000000000
132342  -4.816  72.630  10.809 0.0000000000
132343  -6.272  72.862  11.006 0.0000000000
132344  -7.199  72.764  10.413 0.0000000000
132345  -8.145  72.784  10.495 0.0000000000
132346  -9.231  72.626  10.467 0.0000000000
132347  -10.359  72.771  10.846 0.0000000000
132348  -11.331  72.433  10.927 0.0000000000
132349  -3.387  72.124  9.780 0.0000000000
132350  -3.982  72.431  9.763 0.0000000000
132351  -5.123  72.491  9.748 0.0000000000
132352  -6.396  72.556  9.535 0.0000000000
132353  -7.551  72.513  9.664 0.0000000000
132354  -8.483  72.312  9.758 0.0000000000
132355  -9.189  72.046  9.750 0.0000000000
132356  -2.787  72.291  8.535 0.0000000000
132357  -3.024  72.459  8.950 0.0000000000
132358  -4.135  72.425  8.834 0.0000000000
132359  -5.296  72.421  8.642 0.0000000000
132360  -6.273  72.347  8.641 0.0000000000
132361  -2.825  72.321  8.251 0.0000000000
132362  -3.350  72.431  8.063 0.0000000000
132363  -4.290  72.351  7.967 0.0000000000
132364  -5.101  72.240  7.858 0.0000000000
132365  -4.628  73.089  15.722 0.0000000000
132366  -4.797  73.214  15.786 0.0000000000
132367  -5.221  73.270  15.816 0.0000000000
132368  -4.603  73.168  15.460 0.0000000000
132369  -5.021  73.464  15.337 0.0000000000
132370  -5.680  73.396  15.285 0.0000000000
132371  -4.657  73.344  14.815 0.0000000000
132372  -5.400  73.595  14.609 0.0000000000
132373  -6.607  73.776  14.264 0.0000000000
132374  -7.756  74.228  13.748 0.0000000000
132375  -8.479  74.365  13.505 0.0000000000
132376  -9.158  74.027  13.138 0.0000000000
132377  -10.015  73.564  12.776 0.0000000000
132378  -11.110  73.312  12.619 0.0000000000
132379  -11.811  73.327  12.491 0.0000000000
132380  -4.876  73.447  14.080 0.0000000000
132381  -5.728  73.681  13.662 0.0000000000
132382  -7.020  74.293  13.385 0.0000000000
132383  -7.502  74.685  12.999 0.0000000000
132384  -8.077  74.895  12.912 0.0000000000
132385  -10.419  73.628  12.407 0.0000000000
132386  -11.205  73.509  12.186 0.0000000000
132387  -11.913  73.336  11.995 0.0000000000
132388  -6.153  73.637  13.008 0.0000000000
132389  -6.790  73.760  12.610 0.0000000000
132390  -7.613  73.996  12.528 0.0000000000
132391  -8.487  74.028  12.304 0.0000000000
132392  -9.363  73.771  11.807 0.0000000000
132393  -10.328  73.530  11.702 0.0000000000
132394  -11.379  73.267  11.699 0.0000000000
132395  -11.874  73.136  11.660 0.0000000000
132396  -6.954  73.446  11.909 0.0000000000
132397  -7.645  73.269  11.448 0.0000000000
132398  -8.769  73.306  11.282 0.0000000000
132399  -9.714  73.241  11.202 0.0000000000
132400  -10.155  73.219  11.231 0.0000000000
132401  -7.786  74.884  13.585 0.0000000000
132402  -8.240  75.488  14.156 0.0000000000
132403  -8.616  74.894  13.317 0.0000000000
132404  -9.154  74.147  12.929 0.0000000000
132405  -9.740  73.800  12.606 0.0000000000
132406  -8.197  75.573  13.444 0.0000000000
132407  -8.673  74.688  13.089 0.0000000000
132408  -9.329  74.027  12.591 0.0000000000
132409  -9.924  73.813  12.240 0.0000000000
132410  -9.116  74.096  12.420 0.0000000000
132411  -9.688  73.896  12.115 0.0000000000
132412  -9.988  73.796  11.969 0.0000000000
132413  -7.969  75.858  13.773 0.0000000000
132414  -8.483  75.901  13.695 0.0000000000
132415  -8.727  75.608  13.380 0.0000000000
132416  -8.200  76.106  13.562 0.0000000000
132417  -8.543  76.083  13.189 0.0000000000
133081  -7.910  76.131  12.993 0.0000000000
133082  -8.322  76.168  13.025 0.0000000000
