#!ascii label  , from subject bert vox2ras=TkReg
1561
34010  -5.791  -52.626  25.660 0.0000000000
34011  -6.335  -52.790  25.519 0.0000000000
34012  -7.244  -52.939  25.403 0.0000000000
34013  -8.271  -52.989  25.347 0.0000000000
34014  -9.296  -53.021  25.152 0.0000000000
34015  -10.356  -53.212  24.922 0.0000000000
34039  -5.704  -52.933  25.386 0.0000000000
34040  -6.517  -53.323  25.054 0.0000000000
34041  -7.687  -53.359  25.061 0.0000000000
34042  -8.641  -53.318  24.978 0.0000000000
34043  -9.613  -53.226  24.657 0.0000000000
34061  -5.643  -53.179  24.876 0.0000000000
34062  -5.977  -53.221  24.555 0.0000000000
34063  -8.154  -53.344  24.698 0.0000000000
34064  -8.847  -53.247  24.408 0.0000000000
35046  -4.640  -52.095  25.151 0.0000000000
35047  -5.265  -52.262  25.597 0.0000000000
35048  -6.039  -52.206  25.700 0.0000000000
35049  -6.873  -52.343  25.493 0.0000000000
35050  -7.824  -52.442  25.478 0.0000000000
35051  -8.905  -52.386  25.300 0.0000000000
35052  -9.994  -52.527  25.029 0.0000000000
35053  -11.052  -52.658  24.958 0.0000000000
35067  -4.589  -52.286  24.406 0.0000000000
35068  -4.987  -52.833  25.044 0.0000000000
35069  -7.263  -53.334  24.641 0.0000000000
35070  -7.742  -53.353  24.673 0.0000000000
35071  -9.167  -51.984  25.148 0.0000000000
35072  -9.544  -52.073  25.037 0.0000000000
35073  -11.276  -52.128  24.823 0.0000000000
35074  -11.775  -52.153  24.745 0.0000000000
35094  -4.651  -52.257  23.451 0.0000000000
35095  -5.342  -52.890  24.039 0.0000000000
35096  -6.545  -53.090  24.101 0.0000000000
35097  -7.872  -53.100  24.091 0.0000000000
35098  -9.059  -52.911  23.699 0.0000000000
35117  -4.697  -52.176  22.828 0.0000000000
35118  -5.063  -52.451  22.852 0.0000000000
35119  -5.923  -52.570  23.001 0.0000000000
35120  -7.081  -52.420  23.238 0.0000000000
35121  -8.347  -52.325  23.129 0.0000000000
35140  -4.984  -52.330  22.214 0.0000000000
35141  -5.374  -52.371  22.212 0.0000000000
36046  -4.913  -51.225  25.232 0.0000000000
36047  -5.642  -51.420  25.522 0.0000000000
36048  -6.512  -51.548  25.392 0.0000000000
36049  -7.383  -51.836  25.343 0.0000000000
36050  -8.226  -51.880  25.289 0.0000000000
36051  -8.845  -51.854  25.143 0.0000000000
36052  -10.566  -52.285  24.923 0.0000000000
36053  -10.918  -52.079  24.866 0.0000000000
36067  -4.576  -51.528  24.676 0.0000000000
36068  -7.110  -51.273  25.119 0.0000000000
36069  -7.774  -51.295  25.013 0.0000000000
36070  -8.540  -51.350  24.850 0.0000000000
36071  -9.328  -51.531  24.767 0.0000000000
36072  -10.327  -51.707  24.726 0.0000000000
36073  -11.367  -51.549  24.581 0.0000000000
36087  -4.563  -51.455  23.839 0.0000000000
36104  -4.616  -51.589  22.773 0.0000000000
36105  -4.743  -52.110  22.311 0.0000000000
36106  -5.837  -52.354  22.234 0.0000000000
36107  -6.433  -52.098  22.306 0.0000000000
36108  -7.515  -51.775  22.319 0.0000000000
36109  -8.712  -51.789  22.088 0.0000000000
36128  -4.645  -51.532  21.780 0.0000000000
36129  -4.986  -52.033  21.600 0.0000000000
36130  -5.757  -52.099  21.496 0.0000000000
36131  -6.739  -51.639  21.372 0.0000000000
36132  -7.883  -51.391  21.250 0.0000000000
36133  -8.960  -51.525  21.032 0.0000000000
36146  -4.701  -51.428  20.845 0.0000000000
36147  -5.206  -51.733  20.597 0.0000000000
36148  -6.053  -51.746  20.402 0.0000000000
36149  -7.094  -51.347  20.286 0.0000000000
36150  -8.231  -51.239  20.158 0.0000000000
36161  -4.738  -51.303  19.835 0.0000000000
36162  -5.383  -51.584  19.511 0.0000000000
36163  -6.367  -51.441  19.336 0.0000000000
36164  -7.474  -51.155  19.126 0.0000000000
36179  -4.822  -51.190  18.806 0.0000000000
36180  -5.643  -51.335  18.319 0.0000000000
36181  -6.744  -51.169  18.485 0.0000000000
36182  -7.238  -51.088  18.628 0.0000000000
36203  -5.860  -51.071  17.641 0.0000000000
36204  -6.281  -51.152  17.888 0.0000000000
37104  -4.961  -50.223  25.077 0.0000000000
37105  -5.375  -50.467  25.312 0.0000000000
37106  -6.060  -50.661  25.258 0.0000000000
37125  -4.746  -50.438  24.407 0.0000000000
37126  -6.676  -50.842  25.052 0.0000000000
37127  -7.283  -50.651  24.785 0.0000000000
37128  -8.114  -50.592  24.606 0.0000000000
37129  -8.989  -50.634  24.400 0.0000000000
37130  -9.945  -50.678  24.325 0.0000000000
37131  -10.959  -50.645  24.294 0.0000000000
37132  -11.986  -50.559  24.231 0.0000000000
37150  -4.737  -50.450  23.151 0.0000000000
37151  -4.833  -49.866  22.803 0.0000000000
37161  -4.662  -50.824  22.096 0.0000000000
37162  -4.889  -50.054  22.313 0.0000000000
37173  -4.601  -50.901  21.167 0.0000000000
37174  -4.908  -50.268  21.432 0.0000000000
37184  -4.573  -50.746  20.214 0.0000000000
37185  -4.753  -50.418  20.707 0.0000000000
37196  -4.514  -50.648  19.184 0.0000000000
37197  -8.061  -51.154  18.679 0.0000000000
37209  -4.596  -50.510  18.129 0.0000000000
37210  -4.957  -51.034  18.076 0.0000000000
37211  -6.853  -50.978  17.877 0.0000000000
37212  -7.520  -51.050  18.274 0.0000000000
37224  -4.752  -50.171  17.561 0.0000000000
37225  -5.334  -50.531  17.350 0.0000000000
37226  -6.425  -50.765  17.317 0.0000000000
37227  -7.376  -50.823  17.432 0.0000000000
37238  -5.613  -50.027  16.633 0.0000000000
37239  -6.233  -50.194  16.513 0.0000000000
37240  -7.200  -50.443  16.617 0.0000000000
37255  -6.359  -49.828  15.912 0.0000000000
37342  -5.244  -50.605  11.355 0.0000000000
37360  -5.155  -50.278  10.134 0.0000000000
37376  -5.362  -50.376  8.760 0.0000000000
38163  -4.754  -49.410  24.905 0.0000000000
38164  -5.146  -49.470  25.292 0.0000000000
38165  -5.791  -49.652  25.236 0.0000000000
38184  -4.681  -49.345  24.290 0.0000000000
38185  -6.602  -49.906  24.803 0.0000000000
38186  -7.591  -49.761  24.482 0.0000000000
38187  -8.552  -49.698  24.292 0.0000000000
38188  -9.536  -49.675  24.177 0.0000000000
38189  -10.547  -49.651  24.147 0.0000000000
38190  -11.564  -49.605  24.156 0.0000000000
38208  -4.767  -49.687  23.738 0.0000000000
38209  -4.804  -49.522  23.144 0.0000000000
38219  -4.988  -49.417  22.607 0.0000000000
38224  -5.388  -49.457  21.815 0.0000000000
38225  -5.820  -49.101  21.149 0.0000000000
38231  -4.745  -50.267  20.250 0.0000000000
38232  -5.288  -49.771  20.521 0.0000000000
38233  -5.951  -49.022  20.529 0.0000000000
38237  -4.669  -50.006  19.601 0.0000000000
38238  -5.205  -49.489  19.532 0.0000000000
38242  -4.560  -49.872  18.583 0.0000000000
38250  -4.628  -49.624  17.660 0.0000000000
38251  -4.831  -49.865  17.179 0.0000000000
38259  -4.671  -49.235  16.826 0.0000000000
38260  -5.199  -49.631  16.567 0.0000000000
38261  -5.836  -49.718  16.093 0.0000000000
38269  -4.878  -49.012  16.128 0.0000000000
38270  -5.442  -49.145  15.602 0.0000000000
38271  -6.348  -49.540  15.290 0.0000000000
38279  -5.882  -49.022  14.670 0.0000000000
38283  -5.941  -49.127  13.557 0.0000000000
38290  -5.571  -49.690  12.348 0.0000000000
38301  -5.149  -49.469  11.209 0.0000000000
38313  -5.192  -49.169  10.367 0.0000000000
38323  -5.427  -49.224  9.329 0.0000000000
38332  -5.625  -49.499  8.102 0.0000000000
38349  -5.985  -49.644  7.290 0.0000000000
38371  -12.940  -48.980  5.083 0.0000000000
38376  -12.970  -48.874  4.634 0.0000000000
38377  -13.260  -49.367  4.398 0.0000000000
38382  -13.752  -49.435  3.618 0.0000000000
38384  -15.587  -49.194  3.188 0.0000000000
38401  -13.995  -49.036  3.347 0.0000000000
38402  -14.366  -49.536  3.242 0.0000000000
38403  -15.043  -49.710  2.979 0.0000000000
39090  -4.833  -48.387  25.295 0.0000000000
39091  -5.540  -48.569  25.430 0.0000000000
39092  -6.316  -48.759  25.112 0.0000000000
39107  -4.513  -48.506  24.612 0.0000000000
39108  -7.128  -48.860  24.658 0.0000000000
39109  -8.085  -48.776  24.427 0.0000000000
39110  -9.082  -48.694  24.205 0.0000000000
39111  -10.110  -48.672  24.125 0.0000000000
39112  -11.138  -48.640  24.152 0.0000000000
39113  -12.160  -48.621  24.278 0.0000000000
39125  -4.668  -48.645  23.555 0.0000000000
39126  -4.868  -49.031  22.968 0.0000000000
39136  -4.749  -48.050  23.035 0.0000000000
39137  -5.082  -48.529  22.569 0.0000000000
39139  -5.774  -48.488  21.758 0.0000000000
39140  -6.280  -48.451  21.018 0.0000000000
39144  -5.791  -49.120  19.809 0.0000000000
39145  -6.429  -48.535  20.145 0.0000000000
39149  -4.888  -49.330  18.848 0.0000000000
39150  -5.469  -48.955  19.025 0.0000000000
39151  -6.105  -48.533  19.266 0.0000000000
39155  -4.670  -49.058  18.063 0.0000000000
39156  -5.096  -48.544  18.346 0.0000000000
39157  -5.639  -48.396  18.702 0.0000000000
39160  -4.598  -48.674  17.202 0.0000000000
39161  -4.768  -48.394  17.721 0.0000000000
39165  -4.629  -48.501  16.294 0.0000000000
39170  -4.915  -48.485  15.392 0.0000000000
39171  -5.357  -48.730  15.019 0.0000000000
39181  -4.688  -47.967  14.722 0.0000000000
39182  -5.287  -48.454  14.343 0.0000000000
39191  -4.867  -47.818  13.817 0.0000000000
39192  -5.342  -48.508  13.127 0.0000000000
39199  -4.881  -47.793  12.751 0.0000000000
39200  -5.141  -48.590  12.035 0.0000000000
39202  -4.853  -47.799  11.810 0.0000000000
39203  -4.970  -48.376  11.006 0.0000000000
39210  -5.153  -48.420  10.110 0.0000000000
39218  -5.362  -48.193  9.406 0.0000000000
39226  -5.620  -48.398  8.513 0.0000000000
39237  -5.963  -48.597  7.512 0.0000000000
39238  -6.493  -48.715  6.911 0.0000000000
39239  -7.195  -48.818  7.273 0.0000000000
39247  -6.912  -48.280  6.556 0.0000000000
39248  -7.144  -47.890  6.726 0.0000000000
39249  -12.510  -48.483  6.510 0.0000000000
39252  -12.633  -48.353  5.639 0.0000000000
39255  -12.779  -48.354  4.764 0.0000000000
39256  -12.988  -48.715  4.350 0.0000000000
39261  -12.907  -48.255  4.200 0.0000000000
39262  -13.237  -48.603  3.868 0.0000000000
39263  -15.501  -48.576  3.345 0.0000000000
39264  -16.034  -48.604  3.555 0.0000000000
39265  -16.957  -48.644  3.813 0.0000000000
39278  -13.720  -48.564  3.427 0.0000000000
39279  -14.258  -48.555  3.228 0.0000000000
39280  -14.988  -48.644  3.163 0.0000000000
39976  -4.758  -47.522  25.476 0.0000000000
39977  -5.213  -47.565  25.671 0.0000000000
39978  -6.230  -47.493  25.464 0.0000000000
39979  -7.251  -47.306  25.089 0.0000000000
39980  -7.987  -47.275  24.853 0.0000000000
39989  -4.445  -47.542  25.060 0.0000000000
39990  -6.874  -48.067  24.987 0.0000000000
39991  -7.641  -47.988  24.734 0.0000000000
39992  -8.604  -47.709  24.482 0.0000000000
39993  -9.677  -47.736  24.302 0.0000000000
39994  -10.673  -47.745  24.301 0.0000000000
39995  -11.704  -47.670  24.365 0.0000000000
40007  -4.264  -47.588  24.167 0.0000000000
40016  -4.475  -47.503  23.318 0.0000000000
40017  -4.845  -47.509  22.692 0.0000000000
40023  -5.465  -47.608  22.163 0.0000000000
40024  -6.201  -47.621  21.593 0.0000000000
40025  -6.787  -47.589  20.706 0.0000000000
40029  -6.787  -47.916  19.585 0.0000000000
40032  -5.520  -48.063  18.317 0.0000000000
40033  -6.146  -47.919  18.672 0.0000000000
40036  -4.683  -48.046  17.238 0.0000000000
40037  -5.264  -47.825  17.711 0.0000000000
40038  -5.732  -47.766  18.159 0.0000000000
40042  -4.584  -47.986  16.587 0.0000000000
40043  -4.909  -47.625  16.855 0.0000000000
40047  -4.673  -47.663  15.628 0.0000000000
40048  -4.756  -47.574  16.290 0.0000000000
40053  -4.591  -47.289  14.490 0.0000000000
40062  -4.584  -47.094  13.407 0.0000000000
40074  -4.645  -47.057  12.268 0.0000000000
40086  -4.767  -47.237  10.962 0.0000000000
40087  -4.948  -47.915  10.521 0.0000000000
40097  -4.940  -46.845  9.876 0.0000000000
40098  -5.024  -47.646  9.982 0.0000000000
40102  -5.158  -46.691  9.377 0.0000000000
40103  -5.350  -47.267  9.073 0.0000000000
40104  -7.938  -47.829  9.301 0.0000000000
40105  -9.086  -47.612  9.322 0.0000000000
40106  -10.098  -47.704  9.141 0.0000000000
40107  -10.635  -47.834  9.012 0.0000000000
40110  -5.663  -47.462  7.864 0.0000000000
40111  -7.633  -47.752  8.124 0.0000000000
40112  -8.558  -47.157  8.457 0.0000000000
40113  -9.674  -47.213  8.586 0.0000000000
40114  -10.793  -47.416  8.344 0.0000000000
40115  -11.446  -47.838  8.098 0.0000000000
40122  -6.184  -47.601  6.751 0.0000000000
40123  -6.599  -48.077  6.503 0.0000000000
40124  -7.533  -47.436  7.149 0.0000000000
40125  -7.992  -46.999  7.747 0.0000000000
40126  -11.078  -46.959  7.685 0.0000000000
40127  -11.704  -47.439  7.407 0.0000000000
40128  -12.252  -47.999  6.961 0.0000000000
40136  -6.449  -47.118  6.297 0.0000000000
40137  -6.834  -47.502  6.374 0.0000000000
40138  -7.270  -47.295  6.620 0.0000000000
40139  -12.004  -46.972  6.798 0.0000000000
40140  -12.324  -47.497  6.385 0.0000000000
40143  -12.546  -47.505  5.256 0.0000000000
40146  -12.797  -47.601  4.349 0.0000000000
40150  -13.032  -47.861  3.849 0.0000000000
40151  -13.379  -47.859  3.495 0.0000000000
40152  -15.150  -47.560  3.342 0.0000000000
40153  -15.449  -47.854  3.457 0.0000000000
40154  -16.530  -47.664  3.701 0.0000000000
40155  -17.585  -47.683  3.575 0.0000000000
40164  -13.887  -47.817  3.197 0.0000000000
40165  -14.750  -47.676  3.239 0.0000000000
40166  -15.050  -48.059  3.255 0.0000000000
40922  -4.900  -45.997  26.009 0.0000000000
40923  -5.240  -46.026  26.136 0.0000000000
40924  -5.930  -46.025  26.173 0.0000000000
40929  -4.732  -46.558  25.673 0.0000000000
40930  -5.580  -46.699  25.905 0.0000000000
40931  -6.359  -46.386  25.809 0.0000000000
40932  -6.978  -46.575  25.429 0.0000000000
40933  -7.932  -46.515  25.169 0.0000000000
40934  -8.811  -46.253  24.944 0.0000000000
40940  -4.224  -46.565  24.659 0.0000000000
40941  -8.530  -46.892  24.785 0.0000000000
40942  -9.373  -46.804  24.638 0.0000000000
40943  -10.245  -46.987  24.571 0.0000000000
40944  -11.135  -46.918  24.594 0.0000000000
40945  -12.099  -46.701  24.769 0.0000000000
40950  -4.094  -46.592  23.653 0.0000000000
40953  -4.416  -46.623  22.796 0.0000000000
40954  -5.047  -46.730  22.289 0.0000000000
40960  -5.749  -46.758  21.931 0.0000000000
40961  -6.480  -46.692  21.426 0.0000000000
40962  -7.042  -46.541  20.782 0.0000000000
40963  -7.338  -46.259  20.262 0.0000000000
40967  -7.191  -47.029  19.994 0.0000000000
40968  -7.398  -46.386  19.555 0.0000000000
40972  -6.986  -47.275  19.000 0.0000000000
40973  -7.288  -46.544  18.632 0.0000000000
40977  -5.628  -47.539  17.590 0.0000000000
40978  -6.206  -47.342  17.934 0.0000000000
40979  -7.109  -46.549  17.704 0.0000000000
40983  -5.527  -47.418  17.179 0.0000000000
40984  -6.267  -47.024  16.932 0.0000000000
40985  -7.138  -46.446  16.816 0.0000000000
40989  -4.806  -47.231  15.631 0.0000000000
40990  -5.223  -47.174  16.078 0.0000000000
40991  -6.338  -46.693  16.022 0.0000000000
40992  -7.265  -46.367  16.026 0.0000000000
40995  -4.731  -46.919  15.216 0.0000000000
40996  -5.542  -46.427  15.056 0.0000000000
40997  -6.714  -46.382  15.318 0.0000000000
40998  -7.393  -46.261  15.496 0.0000000000
41001  -4.824  -46.404  14.151 0.0000000000
41002  -5.313  -46.195  14.402 0.0000000000
41005  -4.767  -46.276  12.946 0.0000000000
41013  -4.729  -46.217  11.718 0.0000000000
41025  -4.815  -46.142  10.531 0.0000000000
41037  -4.961  -46.128  9.397 0.0000000000
41038  -5.221  -46.592  9.078 0.0000000000
41045  -4.967  -45.845  8.853 0.0000000000
41046  -5.260  -46.341  8.461 0.0000000000
41047  -8.623  -46.699  7.734 0.0000000000
41048  -9.410  -46.759  7.962 0.0000000000
41049  -10.075  -46.972  8.060 0.0000000000
41053  -5.691  -46.430  7.239 0.0000000000
41054  -7.570  -46.864  6.739 0.0000000000
41055  -8.152  -46.486  7.041 0.0000000000
41056  -9.119  -46.273  7.405 0.0000000000
41057  -10.410  -46.421  7.411 0.0000000000
41058  -11.248  -46.712  7.377 0.0000000000
41065  -6.137  -46.524  6.357 0.0000000000
41066  -6.721  -46.685  6.066 0.0000000000
41067  -7.346  -46.703  6.314 0.0000000000
41068  -7.769  -46.476  6.585 0.0000000000
41069  -10.840  -45.918  6.799 0.0000000000
41070  -11.527  -46.326  6.684 0.0000000000
41071  -12.093  -46.787  6.457 0.0000000000
41075  -11.796  -45.986  6.012 0.0000000000
41076  -12.205  -46.510  5.811 0.0000000000
41079  -12.546  -46.631  4.655 0.0000000000
41082  -13.014  -46.886  3.512 0.0000000000
41083  -13.530  -47.350  3.277 0.0000000000
41084  -15.283  -47.160  3.395 0.0000000000
41085  -16.069  -46.727  3.490 0.0000000000
41086  -17.206  -46.623  3.264 0.0000000000
41087  -18.228  -46.951  3.111 0.0000000000
41097  -13.313  -46.337  2.869 0.0000000000
41098  -13.942  -46.791  3.021 0.0000000000
41099  -14.947  -46.619  3.218 0.0000000000
41100  -15.496  -46.576  3.340 0.0000000000
41101  -17.532  -45.989  2.816 0.0000000000
41102  -18.078  -46.232  2.700 0.0000000000
41833  -4.891  -45.362  26.030 0.0000000000
41834  -5.762  -45.332  26.297 0.0000000000
41835  -6.750  -45.495  26.094 0.0000000000
41836  -7.827  -45.157  26.004 0.0000000000
41837  -8.391  -44.988  25.933 0.0000000000
41843  -4.380  -45.499  25.124 0.0000000000
41844  -6.865  -46.067  25.730 0.0000000000
41845  -7.465  -45.863  25.625 0.0000000000
41846  -8.554  -45.507  25.504 0.0000000000
41847  -9.780  -45.777  24.995 0.0000000000
41848  -10.961  -45.614  25.083 0.0000000000
41849  -11.786  -45.693  25.159 0.0000000000
41853  -4.049  -45.522  24.076 0.0000000000
41854  -9.998  -46.448  24.708 0.0000000000
41855  -10.594  -46.306  24.780 0.0000000000
41856  -11.433  -46.202  24.860 0.0000000000
41857  -11.946  -46.124  24.957 0.0000000000
41860  -4.104  -45.577  23.038 0.0000000000
41863  -4.758  -45.654  22.201 0.0000000000
41864  -5.297  -46.221  22.008 0.0000000000
41871  -5.202  -45.117  21.924 0.0000000000
41872  -5.827  -45.718  21.722 0.0000000000
41873  -6.759  -45.903  21.264 0.0000000000
41881  -7.242  -45.729  20.767 0.0000000000
41882  -7.533  -45.622  20.131 0.0000000000
41886  -7.780  -45.593  19.331 0.0000000000
41887  -8.219  -45.201  18.928 0.0000000000
41892  -7.754  -45.788  18.401 0.0000000000
41893  -8.425  -45.180  18.277 0.0000000000
41897  -7.825  -45.828  17.534 0.0000000000
41898  -8.664  -45.294  17.278 0.0000000000
41899  -9.077  -45.193  16.658 0.0000000000
41903  -7.925  -45.889  16.656 0.0000000000
41904  -8.724  -45.657  16.381 0.0000000000
41905  -9.221  -45.337  16.052 0.0000000000
41908  -7.962  -46.010  15.822 0.0000000000
41909  -8.742  -45.813  15.480 0.0000000000
41910  -9.393  -45.297  15.191 0.0000000000
41913  -5.611  -46.164  14.476 0.0000000000
41914  -6.248  -46.137  14.558 0.0000000000
41915  -7.591  -46.124  14.796 0.0000000000
41916  -8.759  -45.673  14.430 0.0000000000
41917  -9.484  -45.119  14.129 0.0000000000
41921  -5.029  -46.069  13.543 0.0000000000
41922  -5.545  -45.947  13.905 0.0000000000
41923  -6.677  -45.838  13.783 0.0000000000
41924  -7.857  -45.736  13.605 0.0000000000
41925  -8.850  -45.389  13.351 0.0000000000
41926  -9.468  -44.865  13.080 0.0000000000
41930  -5.246  -45.870  13.155 0.0000000000
41931  -5.925  -45.620  13.019 0.0000000000
41932  -6.967  -45.548  12.793 0.0000000000
41933  -8.048  -45.406  12.550 0.0000000000
41934  -8.969  -45.128  12.338 0.0000000000
41935  -9.446  -44.576  12.195 0.0000000000
41940  -5.275  -45.738  12.349 0.0000000000
41941  -6.123  -45.420  12.033 0.0000000000
41942  -7.179  -45.282  11.783 0.0000000000
41943  -8.257  -45.020  11.506 0.0000000000
41944  -9.114  -44.737  11.546 0.0000000000
41945  -9.464  -44.342  11.549 0.0000000000
41953  -5.229  -45.341  11.197 0.0000000000
41954  -6.301  -44.923  11.113 0.0000000000
41955  -7.344  -44.815  10.922 0.0000000000
41956  -8.122  -44.675  10.718 0.0000000000
41969  -4.964  -45.322  9.998 0.0000000000
41981  -4.841  -45.294  9.028 0.0000000000
41982  -4.952  -45.613  8.493 0.0000000000
41990  -4.796  -45.142  8.363 0.0000000000
41991  -5.115  -45.440  7.746 0.0000000000
41992  -8.300  -46.100  6.729 0.0000000000
41993  -8.682  -45.954  6.880 0.0000000000
41994  -9.522  -45.847  6.991 0.0000000000
42001  -5.555  -45.215  6.431 0.0000000000
42002  -6.418  -45.864  5.867 0.0000000000
42003  -7.202  -46.078  5.845 0.0000000000
42004  -8.038  -45.819  6.339 0.0000000000
42005  -9.065  -45.434  6.578 0.0000000000
42006  -10.270  -45.410  6.457 0.0000000000
42007  -11.030  -45.694  6.472 0.0000000000
42012  -5.698  -44.638  5.763 0.0000000000
42013  -6.180  -44.983  5.636 0.0000000000
42014  -6.978  -45.370  5.561 0.0000000000
42015  -7.526  -45.569  5.807 0.0000000000
42016  -10.608  -44.980  5.864 0.0000000000
42017  -11.310  -45.391  5.743 0.0000000000
42018  -11.901  -45.888  5.681 0.0000000000
42021  -11.730  -45.078  4.619 0.0000000000
42022  -12.093  -45.792  5.096 0.0000000000
42024  -11.978  -44.911  4.107 0.0000000000
42025  -12.380  -45.532  3.937 0.0000000000
42026  -16.337  -46.136  3.203 0.0000000000
42027  -16.626  -46.289  3.239 0.0000000000
42036  -12.870  -45.714  2.865 0.0000000000
42037  -13.712  -45.708  2.672 0.0000000000
42038  -14.657  -45.746  2.880 0.0000000000
42039  -15.771  -45.861  3.087 0.0000000000
42040  -16.895  -45.732  2.904 0.0000000000
42041  -17.890  -45.473  2.277 0.0000000000
42042  -18.489  -45.909  2.240 0.0000000000
42050  -18.140  -45.151  1.666 0.0000000000
42051  -18.815  -45.524  1.459 0.0000000000
42061  -18.975  -45.174  0.674 0.0000000000
42740  -4.966  -44.447  26.078 0.0000000000
42741  -5.506  -44.461  26.350 0.0000000000
42742  -6.440  -44.517  26.445 0.0000000000
42743  -7.426  -44.526  26.393 0.0000000000
42744  -8.388  -44.484  26.282 0.0000000000
42745  -9.286  -44.272  26.188 0.0000000000
42746  -10.221  -44.225  26.039 0.0000000000
42747  -11.260  -44.265  25.968 0.0000000000
42752  -4.630  -44.456  25.542 0.0000000000
42753  -8.818  -44.811  25.901 0.0000000000
42754  -9.522  -44.887  25.656 0.0000000000
42755  -10.551  -44.915  25.488 0.0000000000
42756  -11.590  -44.996  25.505 0.0000000000
42760  -4.284  -44.453  24.550 0.0000000000
42763  -4.189  -44.366  23.416 0.0000000000
42765  -4.399  -44.574  22.591 0.0000000000
42771  -4.822  -44.525  22.053 0.0000000000
42772  -5.614  -44.575  21.770 0.0000000000
42773  -6.902  -44.831  21.239 0.0000000000
42774  -7.525  -44.283  20.961 0.0000000000
42784  -7.458  -45.209  20.630 0.0000000000
42785  -7.965  -44.660  20.237 0.0000000000
42786  -8.842  -44.158  20.007 0.0000000000
42790  -8.214  -44.984  19.429 0.0000000000
42791  -8.786  -44.476  19.176 0.0000000000
42792  -9.155  -44.182  18.950 0.0000000000
42799  -8.879  -44.365  18.187 0.0000000000
42800  -9.002  -44.248  18.765 0.0000000000
42806  -8.730  -44.603  16.822 0.0000000000
42807  -9.216  -44.984  16.408 0.0000000000
42812  -8.733  -44.321  15.801 0.0000000000
42813  -9.184  -44.838  15.896 0.0000000000
42817  -8.784  -44.133  15.268 0.0000000000
42818  -9.182  -44.489  14.903 0.0000000000
42821  -9.435  -44.361  13.739 0.0000000000
42824  -9.556  -44.165  12.769 0.0000000000
42827  -9.562  -43.998  11.918 0.0000000000
42830  -8.797  -44.628  10.843 0.0000000000
42831  -9.360  -44.373  10.948 0.0000000000
42832  -9.542  -43.927  11.154 0.0000000000
42836  -5.603  -44.747  10.249 0.0000000000
42837  -6.633  -44.626  10.196 0.0000000000
42838  -7.633  -44.541  10.142 0.0000000000
42839  -8.510  -44.456  10.140 0.0000000000
42840  -9.179  -44.315  10.282 0.0000000000
42841  -9.501  -43.943  10.427 0.0000000000
42852  -5.075  -44.609  9.407 0.0000000000
42853  -5.979  -44.172  9.355 0.0000000000
42854  -7.099  -44.334  9.522 0.0000000000
42855  -8.044  -44.130  9.479 0.0000000000
42856  -9.037  -44.122  9.513 0.0000000000
42857  -9.420  -44.024  9.943 0.0000000000
42870  -4.806  -44.566  8.566 0.0000000000
42871  -5.117  -44.055  8.900 0.0000000000
42872  -8.144  -43.934  9.177 0.0000000000
42873  -8.443  -43.954  9.166 0.0000000000
42884  -4.786  -44.805  7.967 0.0000000000
42885  -4.904  -44.599  7.293 0.0000000000
42895  -5.038  -44.168  6.556 0.0000000000
42896  -8.155  -45.290  6.034 0.0000000000
42897  -8.568  -45.132  6.116 0.0000000000
42898  -9.387  -44.980  6.140 0.0000000000
42903  -5.385  -44.133  5.837 0.0000000000
42904  -5.893  -44.183  5.293 0.0000000000
42905  -6.711  -44.525  5.114 0.0000000000
42906  -7.845  -44.879  5.685 0.0000000000
42907  -8.957  -44.505  5.738 0.0000000000
42908  -10.018  -44.568  5.652 0.0000000000
42909  -10.729  -44.675  5.478 0.0000000000
42914  -6.220  -43.905  4.914 0.0000000000
42915  -6.658  -43.828  4.720 0.0000000000
42916  -10.489  -44.170  5.149 0.0000000000
42917  -11.106  -44.370  4.871 0.0000000000
42924  -11.594  -44.360  4.069 0.0000000000
42925  -12.109  -44.696  3.703 0.0000000000
42935  -11.839  -44.164  3.376 0.0000000000
42936  -12.433  -44.615  2.977 0.0000000000
42937  -13.343  -44.724  2.491 0.0000000000
42938  -14.350  -44.759  2.528 0.0000000000
42939  -15.400  -44.810  2.616 0.0000000000
42940  -16.449  -44.847  2.512 0.0000000000
42941  -17.219  -44.986  2.351 0.0000000000
42949  -16.997  -44.527  2.021 0.0000000000
42950  -17.625  -44.723  1.641 0.0000000000
42951  -18.184  -44.961  1.258 0.0000000000
42959  -17.881  -44.632  0.957 0.0000000000
42960  -18.447  -44.820  0.584 0.0000000000
42961  -19.022  -44.979  0.243 0.0000000000
42969  -18.742  -44.626  -0.078 0.0000000000
42970  -19.440  -44.704  -0.231 0.0000000000
43620  -9.286  -43.065  26.844 0.0000000000
43621  -9.781  -42.992  26.844 0.0000000000
43622  -11.299  -43.169  26.955 0.0000000000
43629  -5.117  -43.471  26.143 0.0000000000
43630  -6.149  -43.557  26.617 0.0000000000
43631  -7.140  -43.664  26.707 0.0000000000
43632  -8.054  -43.787  26.681 0.0000000000
43633  -8.904  -43.703  26.550 0.0000000000
43634  -9.880  -43.472  26.545 0.0000000000
43635  -10.841  -43.630  26.438 0.0000000000
43643  -4.543  -43.431  25.100 0.0000000000
43646  -4.345  -43.357  24.011 0.0000000000
43649  -4.221  -43.269  23.185 0.0000000000
43654  -4.288  -43.698  22.758 0.0000000000
43661  -4.444  -43.608  22.261 0.0000000000
43662  -5.040  -43.602  21.850 0.0000000000
43663  -6.098  -43.673  21.693 0.0000000000
43664  -7.242  -43.652  21.360 0.0000000000
43665  -8.046  -43.356  21.178 0.0000000000
43675  -7.890  -43.914  20.865 0.0000000000
43676  -8.584  -43.575  20.583 0.0000000000
43684  -9.005  -43.543  19.675 0.0000000000
43685  -9.157  -43.906  19.095 0.0000000000
43690  -8.726  -43.584  18.798 0.0000000000
43691  -9.130  -44.025  18.716 0.0000000000
43701  -7.511  -43.161  17.459 0.0000000000
43702  -7.977  -43.555  17.735 0.0000000000
43712  -6.798  -42.928  16.685 0.0000000000
43713  -7.205  -43.169  16.941 0.0000000000
43714  -8.054  -43.871  16.459 0.0000000000
43725  -6.716  -43.071  16.316 0.0000000000
43726  -7.325  -43.532  15.943 0.0000000000
43727  -8.212  -43.846  15.415 0.0000000000
43728  -8.731  -43.979  14.875 0.0000000000
43736  -6.605  -43.203  15.486 0.0000000000
43737  -7.352  -43.512  14.975 0.0000000000
43738  -8.178  -43.720  14.522 0.0000000000
43739  -8.915  -43.924  14.175 0.0000000000
43745  -6.071  -43.081  14.151 0.0000000000
43746  -6.399  -43.181  14.449 0.0000000000
43747  -7.393  -43.485  14.036 0.0000000000
43748  -8.270  -43.603  13.633 0.0000000000
43749  -9.043  -43.796  13.237 0.0000000000
43755  -6.139  -43.124  13.856 0.0000000000
43756  -6.686  -43.256  13.536 0.0000000000
43757  -7.523  -43.325  13.153 0.0000000000
43758  -8.385  -43.366  12.660 0.0000000000
43759  -9.131  -43.684  12.329 0.0000000000
43764  -8.735  -43.287  11.933 0.0000000000
43765  -9.241  -43.441  11.453 0.0000000000
43768  -9.517  -43.412  10.641 0.0000000000
43775  -6.245  -43.783  8.851 0.0000000000
43776  -6.865  -43.958  9.036 0.0000000000
43777  -7.464  -44.055  9.222 0.0000000000
43778  -9.324  -43.743  9.155 0.0000000000
43779  -9.451  -43.425  9.659 0.0000000000
43791  -4.887  -43.946  8.271 0.0000000000
43792  -5.640  -43.682  8.413 0.0000000000
43793  -6.658  -43.595  8.432 0.0000000000
43794  -7.839  -43.743  8.862 0.0000000000
43795  -8.895  -43.734  8.842 0.0000000000
43796  -9.428  -43.382  8.763 0.0000000000
43804  -4.765  -44.293  7.892 0.0000000000
43805  -5.016  -43.637  7.364 0.0000000000
43806  -6.146  -43.220  7.450 0.0000000000
43807  -7.360  -43.279  7.942 0.0000000000
43808  -8.514  -43.349  8.240 0.0000000000
43809  -9.142  -43.390  8.421 0.0000000000
43820  -5.422  -43.276  6.211 0.0000000000
43821  -5.568  -43.157  6.859 0.0000000000
43829  -5.713  -43.245  5.261 0.0000000000
43830  -5.925  -43.648  4.996 0.0000000000
43831  -7.410  -43.958  4.922 0.0000000000
43832  -8.417  -43.859  5.246 0.0000000000
43833  -9.495  -43.862  5.216 0.0000000000
43834  -10.117  -43.959  5.162 0.0000000000
43839  -5.821  -42.768  4.793 0.0000000000
43840  -6.164  -43.214  4.681 0.0000000000
43841  -6.964  -43.303  4.376 0.0000000000
43842  -7.896  -43.177  4.626 0.0000000000
43843  -9.002  -43.170  4.691 0.0000000000
43844  -10.348  -43.381  4.459 0.0000000000
43845  -11.171  -43.806  4.300 0.0000000000
43854  -10.726  -42.901  3.666 0.0000000000
43855  -11.259  -43.421  3.540 0.0000000000
43865  -11.883  -43.656  2.695 0.0000000000
43866  -12.814  -43.617  2.100 0.0000000000
43867  -14.004  -43.821  2.118 0.0000000000
43868  -15.088  -43.878  2.122 0.0000000000
43869  -16.104  -44.071  2.089 0.0000000000
43870  -16.631  -44.336  2.023 0.0000000000
43877  -13.029  -42.930  1.651 0.0000000000
43878  -13.723  -43.011  1.631 0.0000000000
43879  -14.732  -43.091  1.559 0.0000000000
43880  -15.887  -43.153  1.233 0.0000000000
43881  -16.886  -44.093  1.312 0.0000000000
43882  -17.510  -44.417  1.048 0.0000000000
43888  -16.183  -42.774  0.475 0.0000000000
43889  -16.767  -43.239  0.197 0.0000000000
43890  -17.708  -44.177  0.329 0.0000000000
43891  -18.319  -44.453  -0.033 0.0000000000
43897  -17.110  -43.036  -0.501 0.0000000000
43898  -17.623  -43.438  -0.409 0.0000000000
43899  -18.680  -43.831  -0.580 0.0000000000
43908  -19.073  -43.145  -1.027 0.0000000000
44502  -7.332  -41.927  27.354 0.0000000000
44503  -7.884  -42.231  27.335 0.0000000000
44504  -8.799  -42.547  27.244 0.0000000000
44505  -9.821  -42.601  27.206 0.0000000000
44506  -10.738  -42.671  27.242 0.0000000000
44513  -5.305  -42.327  26.315 0.0000000000
44514  -5.935  -42.582  26.660 0.0000000000
44515  -6.923  -42.558  27.045 0.0000000000
44516  -7.894  -42.997  26.968 0.0000000000
44517  -8.580  -43.207  26.837 0.0000000000
44518  -10.162  -42.941  26.891 0.0000000000
44519  -10.591  -43.148  26.790 0.0000000000
44526  -4.751  -42.433  25.667 0.0000000000
44529  -4.386  -42.334  24.624 0.0000000000
44532  -3.713  -41.619  23.280 0.0000000000
44533  -4.019  -42.210  23.487 0.0000000000
44536  -3.758  -41.763  22.846 0.0000000000
44537  -4.096  -42.715  22.618 0.0000000000
44538  -6.739  -42.160  22.213 0.0000000000
44539  -7.307  -42.195  22.175 0.0000000000
44540  -8.243  -42.176  21.996 0.0000000000
44541  -8.934  -42.121  21.843 0.0000000000
44547  -3.988  -41.934  22.316 0.0000000000
44548  -4.445  -42.549  22.008 0.0000000000
44549  -5.405  -42.663  21.869 0.0000000000
44550  -6.569  -42.650  21.913 0.0000000000
44551  -7.683  -42.803  21.661 0.0000000000
44552  -8.601  -42.704  21.334 0.0000000000
44553  -9.175  -42.151  21.354 0.0000000000
44560  -8.896  -42.433  20.544 0.0000000000
44561  -9.268  -42.002  21.052 0.0000000000
44575  -7.829  -42.241  19.194 0.0000000000
44576  -8.521  -42.785  19.466 0.0000000000
44591  -6.791  -42.066  18.223 0.0000000000
44592  -7.471  -42.444  18.462 0.0000000000
44593  -8.002  -42.978  18.682 0.0000000000
44606  -5.845  -42.075  17.304 0.0000000000
44607  -6.560  -42.311  17.523 0.0000000000
44608  -7.292  -42.769  17.703 0.0000000000
44609  -7.680  -42.948  18.158 0.0000000000
44623  -4.381  -42.173  15.781 0.0000000000
44624  -4.820  -42.180  16.134 0.0000000000
44625  -5.525  -42.236  16.553 0.0000000000
44626  -6.473  -42.608  16.786 0.0000000000
44627  -6.885  -42.711  17.237 0.0000000000
44641  -3.946  -42.604  14.782 0.0000000000
44642  -4.274  -42.450  15.185 0.0000000000
44643  -4.844  -42.470  15.396 0.0000000000
44644  -5.432  -42.535  15.706 0.0000000000
44645  -6.102  -42.745  16.005 0.0000000000
44657  -3.931  -42.897  14.069 0.0000000000
44658  -4.349  -42.851  14.295 0.0000000000
44659  -4.901  -42.754  14.614 0.0000000000
44660  -5.431  -42.751  14.962 0.0000000000
44661  -5.967  -42.862  15.209 0.0000000000
44671  -3.911  -43.098  13.163 0.0000000000
44672  -4.318  -43.138  13.366 0.0000000000
44673  -4.974  -43.070  13.679 0.0000000000
44674  -5.692  -42.997  14.172 0.0000000000
44675  -5.856  -42.937  14.694 0.0000000000
44686  -3.925  -42.865  12.068 0.0000000000
44687  -4.198  -43.037  12.345 0.0000000000
44688  -4.846  -43.182  12.588 0.0000000000
44689  -5.877  -43.177  13.003 0.0000000000
44690  -6.838  -43.145  12.762 0.0000000000
44691  -7.543  -43.039  12.316 0.0000000000
44692  -8.212  -43.016  11.955 0.0000000000
44702  -3.788  -42.643  11.344 0.0000000000
44703  -4.008  -42.696  11.439 0.0000000000
44704  -4.524  -42.822  11.576 0.0000000000
44705  -5.385  -42.931  11.701 0.0000000000
44706  -6.574  -42.863  11.817 0.0000000000
44707  -7.655  -42.728  11.496 0.0000000000
44708  -8.604  -42.846  11.313 0.0000000000
44709  -9.217  -42.950  10.877 0.0000000000
44718  -3.745  -42.411  10.613 0.0000000000
44719  -4.127  -42.448  10.711 0.0000000000
44720  -4.804  -42.467  10.776 0.0000000000
44721  -5.788  -42.417  10.711 0.0000000000
44722  -6.951  -42.448  10.810 0.0000000000
44723  -7.963  -42.444  10.675 0.0000000000
44724  -8.790  -42.553  10.569 0.0000000000
44725  -9.373  -42.809  10.233 0.0000000000
44735  -3.361  -42.088  9.700 0.0000000000
44736  -3.694  -42.125  9.921 0.0000000000
44737  -4.230  -42.070  10.022 0.0000000000
44738  -4.938  -42.006  10.029 0.0000000000
44739  -5.589  -41.962  9.897 0.0000000000
44740  -8.343  -42.282  10.208 0.0000000000
44741  -8.868  -42.329  9.954 0.0000000000
44742  -9.392  -42.535  9.536 0.0000000000
44757  -3.008  -41.802  9.097 0.0000000000
44758  -9.626  -42.658  8.773 0.0000000000
44759  -10.056  -42.369  8.181 0.0000000000
44771  -6.341  -42.921  7.012 0.0000000000
44772  -6.902  -42.935  7.158 0.0000000000
44773  -8.102  -42.917  7.487 0.0000000000
44774  -9.441  -42.931  7.890 0.0000000000
44775  -10.103  -42.220  7.623 0.0000000000
44783  -5.676  -42.798  6.050 0.0000000000
44784  -6.126  -42.673  6.423 0.0000000000
44785  -7.458  -42.521  6.711 0.0000000000
44786  -8.758  -42.530  6.929 0.0000000000
44787  -9.782  -42.299  7.100 0.0000000000
44788  -10.195  -41.987  7.214 0.0000000000
44798  -5.800  -42.524  5.558 0.0000000000
44799  -5.994  -42.252  5.730 0.0000000000
44803  -5.712  -42.283  4.831 0.0000000000
44804  -5.947  -42.407  4.454 0.0000000000
44805  -6.483  -42.559  4.159 0.0000000000
44806  -7.343  -42.576  4.013 0.0000000000
44807  -8.380  -42.497  4.115 0.0000000000
44808  -9.397  -42.598  4.062 0.0000000000
44818  -5.787  -41.855  4.330 0.0000000000
44819  -6.053  -41.896  3.959 0.0000000000
44820  -6.715  -41.932  3.627 0.0000000000
44821  -7.725  -41.790  3.483 0.0000000000
44822  -8.927  -41.882  3.561 0.0000000000
44823  -10.180  -42.272  3.272 0.0000000000
44824  -10.872  -42.771  3.213 0.0000000000
44835  -10.505  -41.975  2.509 0.0000000000
44836  -11.170  -42.623  2.338 0.0000000000
44837  -12.007  -43.188  2.127 0.0000000000
44845  -11.620  -42.164  1.648 0.0000000000
44846  -12.314  -42.600  1.637 0.0000000000
44847  -13.339  -42.339  1.434 0.0000000000
44848  -14.485  -42.117  1.148 0.0000000000
44849  -15.227  -42.579  1.131 0.0000000000
44856  -14.928  -41.649  0.557 0.0000000000
44857  -15.662  -42.166  0.325 0.0000000000
44858  -16.321  -42.635  0.069 0.0000000000
44863  -16.029  -41.840  -0.483 0.0000000000
44864  -16.627  -42.402  -0.742 0.0000000000
44865  -17.551  -42.906  -0.898 0.0000000000
44866  -18.068  -43.258  -0.813 0.0000000000
44871  -17.078  -42.034  -1.393 0.0000000000
44872  -17.575  -42.275  -1.352 0.0000000000
44873  -18.490  -42.742  -1.207 0.0000000000
45524  -9.366  -40.899  29.687 0.0000000000
45535  -6.950  -40.936  28.134 0.0000000000
45536  -7.516  -41.093  28.110 0.0000000000
45537  -8.287  -41.265  28.216 0.0000000000
45538  -9.217  -41.281  28.574 0.0000000000
45539  -10.322  -41.648  28.396 0.0000000000
45545  -6.021  -41.175  27.398 0.0000000000
45546  -6.734  -41.399  27.502 0.0000000000
45547  -7.738  -41.596  27.687 0.0000000000
45548  -8.594  -41.779  27.760 0.0000000000
45549  -9.545  -41.952  27.766 0.0000000000
45550  -10.445  -42.162  27.713 0.0000000000
45551  -11.034  -42.324  27.670 0.0000000000
45556  -4.935  -41.577  26.327 0.0000000000
45557  -5.770  -41.576  26.882 0.0000000000
45558  -6.374  -42.001  26.958 0.0000000000
45564  -4.354  -41.395  25.465 0.0000000000
45568  -3.622  -40.653  24.010 0.0000000000
45569  -3.862  -41.233  24.255 0.0000000000
45572  -3.594  -40.979  23.381 0.0000000000
45573  -3.753  -41.515  23.566 0.0000000000
45576  -3.781  -41.072  22.404 0.0000000000
45577  -4.331  -41.024  22.028 0.0000000000
45578  -6.095  -41.349  22.318 0.0000000000
45579  -6.711  -41.611  22.421 0.0000000000
45580  -7.856  -41.505  22.478 0.0000000000
45581  -8.801  -41.510  22.264 0.0000000000
45582  -9.292  -41.657  21.858 0.0000000000
45590  -4.181  -41.640  22.042 0.0000000000
45591  -4.869  -41.662  21.966 0.0000000000
45592  -5.837  -41.831  22.147 0.0000000000
45593  -6.435  -42.084  22.197 0.0000000000
45594  -9.331  -41.679  21.397 0.0000000000
45605  -8.753  -41.491  20.564 0.0000000000
45606  -9.218  -41.656  20.958 0.0000000000
45621  -6.903  -40.958  19.250 0.0000000000
45622  -7.613  -41.404  19.566 0.0000000000
45623  -8.332  -41.909  19.924 0.0000000000
45638  -4.969  -41.218  18.075 0.0000000000
45639  -5.511  -41.223  18.355 0.0000000000
45640  -6.331  -41.286  18.675 0.0000000000
45641  -7.197  -41.692  18.841 0.0000000000
45653  -4.345  -41.351  17.070 0.0000000000
45654  -4.753  -41.344  17.499 0.0000000000
45655  -5.384  -41.538  17.711 0.0000000000
45656  -6.058  -41.746  17.968 0.0000000000
45666  -3.873  -41.629  16.045 0.0000000000
45667  -4.248  -41.615  16.372 0.0000000000
45668  -4.809  -41.712  16.775 0.0000000000
45669  -5.239  -41.769  17.155 0.0000000000
45683  -3.599  -42.121  15.325 0.0000000000
45684  -3.782  -42.089  15.490 0.0000000000
45685  -4.054  -42.018  15.801 0.0000000000
45703  -3.713  -42.512  14.735 0.0000000000
45715  -3.740  -42.828  13.966 0.0000000000
45727  -6.390  -42.109  10.045 0.0000000000
45728  -7.356  -42.188  10.118 0.0000000000
45729  -7.936  -42.193  10.172 0.0000000000
45734  -3.269  -41.820  9.250 0.0000000000
45735  -3.715  -41.759  9.338 0.0000000000
45736  -4.327  -41.695  9.358 0.0000000000
45737  -5.050  -41.671  9.322 0.0000000000
45738  -5.880  -41.722  9.347 0.0000000000
45739  -6.856  -41.833  9.447 0.0000000000
45740  -8.037  -41.930  9.652 0.0000000000
45741  -8.911  -42.049  9.427 0.0000000000
45742  -9.351  -42.075  9.028 0.0000000000
45751  -2.743  -41.658  8.724 0.0000000000
45752  -2.949  -41.629  8.722 0.0000000000
45753  -3.288  -41.577  8.716 0.0000000000
45754  -3.799  -41.501  8.700 0.0000000000
45755  -4.454  -41.443  8.663 0.0000000000
45756  -5.271  -41.393  8.594 0.0000000000
45757  -6.236  -41.469  8.749 0.0000000000
45758  -7.283  -41.529  8.810 0.0000000000
45759  -8.525  -41.642  8.786 0.0000000000
45760  -9.601  -41.773  8.355 0.0000000000
45761  -10.216  -41.885  7.941 0.0000000000
45778  -2.794  -41.495  8.381 0.0000000000
45779  -2.986  -41.425  8.225 0.0000000000
45780  -3.370  -41.361  8.115 0.0000000000
45781  -3.918  -41.278  8.038 0.0000000000
45782  -4.566  -41.154  8.004 0.0000000000
45783  -5.157  -41.029  7.962 0.0000000000
45784  -9.915  -41.507  7.791 0.0000000000
45785  -10.211  -41.623  7.407 0.0000000000
45796  -6.198  -42.152  5.834 0.0000000000
45797  -6.820  -42.036  6.038 0.0000000000
45798  -8.056  -42.005  6.252 0.0000000000
45799  -9.275  -41.978  6.430 0.0000000000
45800  -10.175  -41.637  6.719 0.0000000000
45810  -5.640  -41.928  5.049 0.0000000000
45811  -6.064  -41.605  5.311 0.0000000000
45812  -7.310  -41.429  5.623 0.0000000000
45813  -8.623  -41.499  5.777 0.0000000000
45814  -9.784  -41.496  5.979 0.0000000000
45815  -10.414  -41.368  6.165 0.0000000000
45821  -5.751  -41.466  4.509 0.0000000000
45822  -5.839  -41.123  4.674 0.0000000000
45832  -5.784  -41.398  3.971 0.0000000000
45833  -6.161  -41.266  3.461 0.0000000000
45834  -6.881  -41.341  3.094 0.0000000000
45835  -7.547  -41.202  2.892 0.0000000000
45836  -8.360  -41.316  2.929 0.0000000000
45837  -9.266  -41.524  2.888 0.0000000000
45846  -6.449  -40.859  2.941 0.0000000000
45847  -7.060  -40.789  2.661 0.0000000000
45848  -7.847  -40.797  2.420 0.0000000000
45849  -8.819  -40.965  2.198 0.0000000000
45850  -9.869  -41.471  2.304 0.0000000000
45851  -10.571  -41.759  2.022 0.0000000000
45857  -9.438  -40.851  1.666 0.0000000000
45858  -10.177  -41.116  1.519 0.0000000000
45859  -11.096  -41.605  1.488 0.0000000000
45860  -12.033  -41.608  1.364 0.0000000000
45861  -12.853  -41.742  1.266 0.0000000000
45862  -13.649  -41.644  1.067 0.0000000000
45869  -12.555  -41.204  1.032 0.0000000000
45870  -13.214  -41.131  0.706 0.0000000000
45871  -14.278  -41.124  0.363 0.0000000000
45872  -15.114  -41.409  0.126 0.0000000000
45878  -14.935  -40.979  -0.303 0.0000000000
45879  -15.579  -41.352  -0.510 0.0000000000
45880  -16.161  -41.498  -1.052 0.0000000000
45885  -16.800  -41.573  -1.475 0.0000000000
45886  -17.493  -41.645  -1.657 0.0000000000
45887  -18.364  -41.646  -1.834 0.0000000000
45895  -18.693  -41.177  -2.267 0.0000000000
46603  -8.225  -40.768  30.770 0.0000000000
46622  -7.540  -40.734  30.165 0.0000000000
46623  -8.478  -40.698  29.966 0.0000000000
46635  -6.814  -40.736  29.448 0.0000000000
46636  -7.801  -40.663  29.318 0.0000000000
46637  -8.612  -40.807  29.102 0.0000000000
46644  -5.141  -40.643  28.814 0.0000000000
46645  -6.259  -40.783  28.418 0.0000000000
46646  -7.241  -40.749  28.655 0.0000000000
46647  -8.030  -40.857  28.633 0.0000000000
46648  -8.552  -41.042  28.622 0.0000000000
46652  -4.629  -40.210  28.117 0.0000000000
46653  -5.459  -40.784  27.563 0.0000000000
46654  -6.136  -40.976  27.683 0.0000000000
46661  -4.482  -40.562  26.708 0.0000000000
46662  -5.144  -41.119  26.861 0.0000000000
46668  -3.624  -39.567  24.799 0.0000000000
46669  -3.800  -40.239  25.203 0.0000000000
46673  -3.576  -39.871  24.044 0.0000000000
46674  -3.670  -40.508  24.383 0.0000000000
46677  -3.672  -40.043  22.927 0.0000000000
46678  -7.871  -39.985  23.064 0.0000000000
46679  -8.428  -39.925  23.009 0.0000000000
46687  -4.208  -40.218  22.309 0.0000000000
46688  -5.129  -40.659  22.196 0.0000000000
46689  -6.226  -40.768  22.521 0.0000000000
46690  -7.348  -40.775  22.809 0.0000000000
46691  -8.499  -40.509  22.714 0.0000000000
46692  -9.385  -40.758  22.090 0.0000000000
46693  -9.352  -41.342  21.701 0.0000000000
46706  -5.328  -41.329  22.097 0.0000000000
46707  -5.690  -41.182  22.229 0.0000000000
46708  -8.962  -40.590  21.431 0.0000000000
46709  -9.275  -41.207  21.428 0.0000000000
46721  -7.989  -40.242  20.526 0.0000000000
46722  -8.610  -40.734  20.794 0.0000000000
46723  -9.043  -41.110  20.970 0.0000000000
46733  -6.068  -40.197  19.274 0.0000000000
46734  -6.626  -40.247  19.475 0.0000000000
46735  -7.394  -40.467  19.857 0.0000000000
46736  -8.087  -41.071  20.255 0.0000000000
46746  -4.390  -40.585  18.241 0.0000000000
46747  -4.914  -40.664  18.508 0.0000000000
46748  -5.677  -40.567  18.902 0.0000000000
46749  -6.297  -40.667  19.137 0.0000000000
46762  -3.747  -40.946  17.362 0.0000000000
46763  -4.117  -40.965  17.720 0.0000000000
46764  -4.555  -41.019  18.069 0.0000000000
46777  -3.596  -41.274  16.361 0.0000000000
46778  -3.722  -41.214  16.691 0.0000000000
46779  -3.992  -41.249  17.047 0.0000000000
46790  -3.627  -41.697  15.778 0.0000000000
46791  -3.658  -41.503  16.039 0.0000000000
46831  -5.734  -41.157  8.196 0.0000000000
46832  -6.498  -41.125  8.146 0.0000000000
46833  -7.547  -41.179  8.081 0.0000000000
46834  -8.617  -41.228  7.966 0.0000000000
46835  -9.393  -41.228  7.800 0.0000000000
46850  -2.875  -41.302  7.853 0.0000000000
46851  -3.076  -41.213  7.623 0.0000000000
46852  -3.490  -41.123  7.472 0.0000000000
46853  -4.068  -40.978  7.399 0.0000000000
46854  -4.735  -40.775  7.435 0.0000000000
46855  -5.631  -40.725  7.578 0.0000000000
46856  -6.666  -40.637  7.513 0.0000000000
46857  -7.725  -40.646  7.465 0.0000000000
46858  -8.761  -40.713  7.425 0.0000000000
46859  -9.743  -40.935  7.381 0.0000000000
46860  -10.270  -41.112  6.994 0.0000000000
46874  -2.962  -41.034  7.253 0.0000000000
46875  -3.179  -40.887  7.022 0.0000000000
46876  -3.640  -40.724  6.876 0.0000000000
46877  -4.242  -40.541  6.801 0.0000000000
46878  -4.975  -40.319  6.863 0.0000000000
46879  -5.853  -40.168  6.895 0.0000000000
46880  -6.852  -40.082  6.880 0.0000000000
46881  -7.932  -40.067  6.933 0.0000000000
46882  -9.010  -40.213  6.948 0.0000000000
46883  -9.944  -40.440  6.827 0.0000000000
46884  -10.637  -40.878  6.405 0.0000000000
46885  -11.112  -40.752  5.885 0.0000000000
46893  -5.994  -40.957  4.808 0.0000000000
46894  -6.631  -40.829  5.000 0.0000000000
46895  -7.896  -40.927  5.107 0.0000000000
46896  -9.228  -41.033  5.285 0.0000000000
46897  -10.507  -41.042  5.559 0.0000000000
46898  -11.257  -40.592  5.351 0.0000000000
46905  -5.764  -41.091  4.057 0.0000000000
46906  -6.022  -40.642  4.155 0.0000000000
46907  -7.180  -40.358  4.409 0.0000000000
46908  -8.488  -40.417  4.586 0.0000000000
46909  -9.811  -40.567  4.718 0.0000000000
46910  -10.930  -40.586  4.797 0.0000000000
46911  -11.487  -40.416  4.917 0.0000000000
46922  -5.855  -40.957  3.744 0.0000000000
46923  -6.128  -40.549  3.317 0.0000000000
46932  -6.678  -40.317  2.806 0.0000000000
46933  -7.387  -40.116  2.297 0.0000000000
46934  -8.141  -40.355  1.766 0.0000000000
46935  -8.880  -40.442  1.532 0.0000000000
46942  -7.938  -39.556  1.679 0.0000000000
46943  -8.597  -39.833  1.249 0.0000000000
46944  -9.569  -40.090  1.002 0.0000000000
46945  -10.717  -40.611  1.001 0.0000000000
46946  -11.657  -40.882  1.088 0.0000000000
46947  -12.189  -41.026  1.093 0.0000000000
46954  -9.891  -39.458  0.606 0.0000000000
46955  -10.504  -39.719  0.596 0.0000000000
46956  -11.463  -40.077  0.579 0.0000000000
46957  -12.467  -40.535  0.596 0.0000000000
46958  -13.531  -40.430  -0.005 0.0000000000
46959  -14.081  -40.639  0.005 0.0000000000
46963  -13.832  -40.026  -0.512 0.0000000000
46964  -14.373  -40.458  -0.435 0.0000000000
46965  -15.322  -40.531  -1.050 0.0000000000
46966  -15.826  -41.016  -1.113 0.0000000000
46972  -15.690  -40.123  -1.533 0.0000000000
46973  -16.343  -40.569  -1.702 0.0000000000
46974  -17.331  -41.047  -1.929 0.0000000000
46975  -17.856  -41.268  -1.955 0.0000000000
46982  -16.772  -40.120  -2.343 0.0000000000
46983  -17.273  -40.464  -2.337 0.0000000000
46984  -18.239  -40.759  -2.443 0.0000000000
46992  -18.646  -40.388  -2.944 0.0000000000
47719  -4.393  -39.482  28.779 0.0000000000
47720  -4.745  -38.977  29.134 0.0000000000
47723  -4.181  -39.566  27.569 0.0000000000
47729  -3.983  -39.437  26.377 0.0000000000
47737  -3.552  -38.997  24.569 0.0000000000
47738  -3.729  -39.140  25.343 0.0000000000
47742  -3.480  -38.882  23.960 0.0000000000
47746  -3.636  -38.966  23.291 0.0000000000
47747  -7.403  -39.280  23.339 0.0000000000
47748  -8.479  -39.324  23.230 0.0000000000
47749  -9.115  -38.870  23.103 0.0000000000
47750  -9.308  -38.604  22.992 0.0000000000
47761  -4.067  -39.257  22.671 0.0000000000
47762  -4.883  -39.483  22.517 0.0000000000
47763  -5.870  -39.793  22.698 0.0000000000
47764  -6.844  -40.025  23.067 0.0000000000
47765  -8.681  -39.852  22.939 0.0000000000
47766  -9.095  -39.630  22.730 0.0000000000
47767  -9.259  -38.859  22.788 0.0000000000
47781  -8.988  -39.512  21.917 0.0000000000
47782  -9.161  -39.131  22.495 0.0000000000
47792  -7.234  -39.085  20.363 0.0000000000
47793  -7.900  -39.421  20.759 0.0000000000
47794  -8.500  -39.943  21.128 0.0000000000
47803  -5.418  -39.346  19.485 0.0000000000
47804  -6.148  -39.593  19.626 0.0000000000
47805  -6.930  -39.678  19.884 0.0000000000
47806  -7.487  -39.776  20.273 0.0000000000
47815  -3.971  -39.802  18.454 0.0000000000
47816  -4.470  -39.954  18.660 0.0000000000
47817  -5.126  -39.950  19.014 0.0000000000
47818  -5.667  -39.928  19.259 0.0000000000
47827  -3.558  -40.307  17.701 0.0000000000
47828  -3.781  -40.390  17.846 0.0000000000
47829  -4.096  -40.333  18.196 0.0000000000
47842  -3.468  -40.960  17.076 0.0000000000
47843  -3.589  -40.755  17.336 0.0000000000
47933  -3.087  -40.569  6.761 0.0000000000
47934  -3.329  -40.327  6.593 0.0000000000
47935  -3.778  -40.140  6.413 0.0000000000
47936  -4.394  -39.916  6.321 0.0000000000
47937  -5.141  -39.672  6.333 0.0000000000
47938  -6.011  -39.495  6.355 0.0000000000
47939  -7.039  -39.371  6.302 0.0000000000
47940  -8.230  -39.554  6.431 0.0000000000
47941  -9.289  -39.730  6.477 0.0000000000
47942  -10.230  -39.938  6.355 0.0000000000
47943  -10.867  -40.255  6.024 0.0000000000
47944  -11.271  -40.319  5.659 0.0000000000
47954  -3.265  -40.035  6.431 0.0000000000
47955  -3.486  -39.771  6.217 0.0000000000
47956  -3.951  -39.525  5.886 0.0000000000
47957  -4.563  -39.213  5.785 0.0000000000
47958  -5.289  -38.969  5.801 0.0000000000
47959  -6.086  -38.792  5.885 0.0000000000
47960  -6.756  -38.684  5.839 0.0000000000
47961  -10.521  -39.712  5.973 0.0000000000
47962  -11.008  -39.755  5.684 0.0000000000
47963  -11.681  -39.992  5.188 0.0000000000
47964  -11.952  -39.641  4.620 0.0000000000
47971  -6.220  -40.222  3.503 0.0000000000
47972  -6.721  -39.998  3.638 0.0000000000
47973  -7.779  -39.792  3.869 0.0000000000
47974  -9.059  -39.829  4.092 0.0000000000
47975  -10.352  -40.048  4.088 0.0000000000
47976  -11.563  -40.009  4.310 0.0000000000
47977  -12.237  -39.432  4.140 0.0000000000
47988  -6.502  -39.935  3.099 0.0000000000
47989  -7.235  -39.277  3.044 0.0000000000
47990  -8.364  -39.212  3.369 0.0000000000
47991  -9.572  -39.303  3.473 0.0000000000
47992  -10.861  -39.382  3.348 0.0000000000
47993  -11.947  -39.454  3.512 0.0000000000
47994  -12.499  -39.053  3.575 0.0000000000
48003  -6.992  -39.771  2.685 0.0000000000
48004  -7.467  -39.283  2.274 0.0000000000
48005  -11.619  -39.068  2.874 0.0000000000
48006  -12.329  -38.991  2.979 0.0000000000
48015  -7.986  -38.830  1.736 0.0000000000
48016  -8.549  -38.952  1.093 0.0000000000
48017  -8.954  -39.481  0.910 0.0000000000
48022  -8.933  -38.576  0.759 0.0000000000
48023  -9.364  -39.009  0.604 0.0000000000
48024  -10.283  -38.990  0.401 0.0000000000
48025  -11.302  -39.037  0.205 0.0000000000
48026  -12.243  -39.634  0.095 0.0000000000
48027  -12.819  -40.053  -0.068 0.0000000000
48030  -11.726  -38.527  -0.134 0.0000000000
48031  -12.173  -38.856  -0.273 0.0000000000
48032  -13.229  -39.350  -0.584 0.0000000000
48033  -14.254  -39.756  -0.897 0.0000000000
48034  -14.780  -40.070  -1.001 0.0000000000
48041  -13.612  -38.784  -1.107 0.0000000000
48042  -14.120  -39.093  -1.244 0.0000000000
48043  -15.184  -39.483  -1.579 0.0000000000
48044  -15.891  -39.900  -1.810 0.0000000000
48055  -15.526  -39.057  -2.289 0.0000000000
48056  -16.227  -39.512  -2.560 0.0000000000
48057  -17.261  -39.915  -2.742 0.0000000000
48058  -17.768  -40.240  -2.689 0.0000000000
48067  -16.642  -39.007  -3.301 0.0000000000
48068  -17.222  -39.318  -3.271 0.0000000000
48069  -18.269  -39.866  -3.264 0.0000000000
48740  -4.241  -38.960  28.061 0.0000000000
48741  -5.054  -38.535  28.401 0.0000000000
48742  -5.975  -37.931  28.441 0.0000000000
48747  -4.361  -38.627  27.226 0.0000000000
48748  -5.057  -37.986  27.399 0.0000000000
48751  -4.142  -38.434  26.001 0.0000000000
48758  -3.443  -38.383  24.273 0.0000000000
48759  -3.632  -38.141  24.984 0.0000000000
48765  -3.418  -38.224  23.698 0.0000000000
48774  -3.633  -38.055  23.151 0.0000000000
48775  -4.053  -37.946  22.835 0.0000000000
48776  -6.124  -38.290  23.207 0.0000000000
48777  -6.710  -38.473  23.338 0.0000000000
48778  -7.882  -38.455  23.552 0.0000000000
48779  -8.736  -38.375  23.367 0.0000000000
48780  -9.181  -38.330  23.105 0.0000000000
48794  -3.911  -38.519  22.844 0.0000000000
48795  -4.611  -38.469  22.753 0.0000000000
48796  -5.713  -38.639  22.993 0.0000000000
48797  -6.502  -39.251  23.124 0.0000000000
48798  -9.298  -38.371  22.850 0.0000000000
48810  -8.134  -37.778  21.470 0.0000000000
48811  -8.670  -38.340  21.706 0.0000000000
48812  -9.152  -38.563  22.389 0.0000000000
48820  -5.946  -37.913  20.315 0.0000000000
48821  -6.702  -38.286  20.433 0.0000000000
48822  -7.735  -38.363  20.967 0.0000000000
48823  -8.402  -39.114  21.289 0.0000000000
48832  -4.049  -38.562  19.354 0.0000000000
48833  -4.513  -38.504  19.528 0.0000000000
48834  -5.120  -38.609  19.680 0.0000000000
48835  -5.872  -38.705  19.969 0.0000000000
48836  -6.556  -39.079  20.074 0.0000000000
48845  -3.639  -39.409  18.572 0.0000000000
48846  -3.839  -39.252  18.795 0.0000000000
48847  -4.221  -39.215  19.020 0.0000000000
48848  -4.767  -39.267  19.258 0.0000000000
48858  -3.487  -39.837  18.141 0.0000000000
48859  -3.656  -39.812  18.252 0.0000000000
48948  -7.564  -38.950  5.866 0.0000000000
48949  -8.577  -39.165  5.924 0.0000000000
48950  -9.571  -39.343  6.014 0.0000000000
48951  -10.141  -39.513  6.019 0.0000000000
48963  -3.382  -39.624  6.077 0.0000000000
48964  -3.618  -39.159  5.685 0.0000000000
48965  -4.090  -38.657  5.483 0.0000000000
48966  -4.669  -38.290  5.450 0.0000000000
48967  -5.405  -38.120  5.511 0.0000000000
48968  -6.198  -38.092  5.617 0.0000000000
48969  -7.027  -38.199  5.632 0.0000000000
48970  -7.933  -38.474  5.506 0.0000000000
48971  -8.963  -38.729  5.527 0.0000000000
48972  -10.142  -39.100  5.612 0.0000000000
48973  -11.097  -39.139  5.264 0.0000000000
48974  -11.749  -39.301  4.862 0.0000000000
48975  -12.177  -39.217  4.528 0.0000000000
48981  -11.351  -38.789  4.931 0.0000000000
48982  -11.835  -38.719  4.640 0.0000000000
48983  -12.550  -38.689  4.158 0.0000000000
48984  -12.820  -38.144  3.650 0.0000000000
48996  -7.582  -38.993  2.550 0.0000000000
48997  -7.968  -38.756  2.722 0.0000000000
48998  -8.917  -38.704  2.838 0.0000000000
48999  -9.914  -38.806  2.884 0.0000000000
49000  -12.741  -38.503  3.414 0.0000000000
49011  -7.852  -38.720  2.212 0.0000000000
49012  -8.509  -38.364  2.131 0.0000000000
49013  -9.548  -38.289  2.231 0.0000000000
49014  -10.788  -38.456  2.472 0.0000000000
49025  -8.111  -38.451  1.878 0.0000000000
49026  -8.568  -38.312  1.465 0.0000000000
49033  -8.816  -38.225  0.887 0.0000000000
49034  -9.277  -38.255  0.664 0.0000000000
49035  -10.149  -38.265  0.498 0.0000000000
49036  -10.790  -38.484  0.305 0.0000000000
49040  -10.932  -38.032  0.303 0.0000000000
49041  -11.427  -38.180  -0.017 0.0000000000
49042  -12.046  -38.161  -0.519 0.0000000000
49043  -12.612  -38.519  -0.675 0.0000000000
49048  -12.507  -38.034  -0.926 0.0000000000
49049  -13.158  -38.311  -1.114 0.0000000000
49050  -13.925  -38.395  -1.523 0.0000000000
49051  -14.543  -38.717  -1.701 0.0000000000
49061  -14.377  -38.213  -1.938 0.0000000000
49062  -15.035  -38.449  -2.304 0.0000000000
49063  -15.636  -38.797  -2.745 0.0000000000
49073  -15.478  -38.239  -3.020 0.0000000000
49074  -16.131  -38.529  -3.352 0.0000000000
49075  -17.066  -38.540  -3.838 0.0000000000
49076  -17.827  -39.022  -3.813 0.0000000000
49082  -17.812  -38.511  -4.656 0.0000000000
49083  -18.408  -39.203  -4.191 0.0000000000
49727  -5.616  -37.704  27.831 0.0000000000
49733  -4.704  -37.778  26.572 0.0000000000
49734  -5.411  -37.128  27.049 0.0000000000
49735  -5.817  -37.202  27.674 0.0000000000
49738  -4.306  -37.348  25.582 0.0000000000
49739  -4.833  -37.046  26.237 0.0000000000
49743  -3.431  -37.703  24.175 0.0000000000
49744  -3.789  -37.122  24.620 0.0000000000
49755  -3.475  -37.433  23.537 0.0000000000
49756  -3.509  -37.050  23.989 0.0000000000
49770  -3.845  -37.366  23.100 0.0000000000
49771  -4.714  -37.497  22.999 0.0000000000
49772  -5.952  -37.760  23.274 0.0000000000
49773  -7.296  -37.587  23.644 0.0000000000
49774  -8.306  -37.546  23.598 0.0000000000
49775  -8.905  -37.682  23.169 0.0000000000
49776  -9.273  -38.039  22.994 0.0000000000
49788  -5.303  -38.089  22.967 0.0000000000
49789  -5.638  -38.160  23.079 0.0000000000
49790  -8.778  -37.132  22.905 0.0000000000
49791  -9.116  -37.831  22.669 0.0000000000
49800  -6.847  -36.972  21.103 0.0000000000
49801  -7.396  -37.262  21.273 0.0000000000
49802  -8.443  -37.252  22.129 0.0000000000
49803  -8.991  -37.965  22.185 0.0000000000
49811  -4.407  -37.152  20.126 0.0000000000
49812  -4.682  -37.184  20.186 0.0000000000
49813  -5.406  -37.313  20.362 0.0000000000
49814  -6.444  -37.211  20.791 0.0000000000
49815  -7.096  -37.755  20.807 0.0000000000
49825  -3.979  -38.014  19.604 0.0000000000
49826  -4.295  -37.559  19.892 0.0000000000
49827  -4.879  -37.850  19.912 0.0000000000
49828  -5.419  -38.068  20.036 0.0000000000
49837  -3.804  -38.811  19.110 0.0000000000
49929  -3.858  -38.073  5.256 0.0000000000
49930  -4.180  -37.665  5.024 0.0000000000
49931  -4.801  -37.271  4.948 0.0000000000
49932  -5.643  -37.439  5.185 0.0000000000
49933  -6.468  -37.499  5.341 0.0000000000
49934  -7.359  -37.667  5.340 0.0000000000
49935  -8.294  -37.965  5.161 0.0000000000
49936  -9.338  -38.258  5.120 0.0000000000
49937  -10.364  -38.491  5.090 0.0000000000
49938  -10.956  -38.622  5.035 0.0000000000
49944  -4.946  -36.690  4.885 0.0000000000
49945  -5.221  -36.810  4.887 0.0000000000
49946  -5.962  -36.876  4.903 0.0000000000
49947  -6.790  -36.973  5.006 0.0000000000
49948  -7.699  -37.136  5.024 0.0000000000
49949  -8.669  -37.410  4.904 0.0000000000
49950  -9.714  -37.746  4.762 0.0000000000
49951  -10.922  -38.132  4.730 0.0000000000
49952  -11.894  -38.061  4.432 0.0000000000
49953  -12.605  -37.941  4.036 0.0000000000
49977  -9.256  -37.932  1.532 0.0000000000
49993  -9.093  -37.753  1.015 0.0000000000
50005  -9.145  -37.950  0.787 0.0000000000
50006  -9.709  -37.801  0.767 0.0000000000
50007  -11.089  -37.500  0.474 0.0000000000
50008  -11.843  -37.070  -0.113 0.0000000000
50014  -11.287  -37.959  0.029 0.0000000000
50015  -11.946  -37.378  -0.500 0.0000000000
50016  -12.258  -37.744  -0.837 0.0000000000
50021  -12.418  -36.974  -1.185 0.0000000000
50022  -12.719  -37.464  -1.271 0.0000000000
50023  -13.590  -37.713  -1.732 0.0000000000
50024  -14.063  -37.953  -1.857 0.0000000000
50032  -13.718  -37.269  -2.134 0.0000000000
50033  -14.296  -37.573  -2.341 0.0000000000
50034  -15.082  -37.643  -3.004 0.0000000000
50048  -15.717  -37.642  -3.486 0.0000000000
50049  -16.457  -37.662  -4.045 0.0000000000
50050  -17.112  -37.916  -4.513 0.0000000000
50061  -16.807  -37.356  -4.658 0.0000000000
50062  -17.212  -37.567  -5.272 0.0000000000
50726  -5.631  -36.092  27.066 0.0000000000
50740  -4.619  -36.625  25.769 0.0000000000
50741  -5.016  -36.308  26.285 0.0000000000
50754  -4.330  -36.218  25.077 0.0000000000
50755  -4.646  -36.200  25.713 0.0000000000
50769  -3.607  -36.830  23.638 0.0000000000
50770  -3.780  -36.325  24.121 0.0000000000
50771  -7.627  -35.950  24.226 0.0000000000
50772  -8.306  -35.873  24.094 0.0000000000
50773  -8.599  -35.710  23.908 0.0000000000
50788  -3.698  -37.024  23.389 0.0000000000
50789  -4.185  -36.576  23.462 0.0000000000
50790  -5.372  -36.613  23.443 0.0000000000
50791  -6.737  -36.532  23.824 0.0000000000
50792  -7.903  -36.684  23.934 0.0000000000
50793  -8.583  -36.438  23.538 0.0000000000
50803  -8.445  -36.430  22.862 0.0000000000
50812  -6.127  -36.143  21.048 0.0000000000
50813  -6.743  -36.438  21.231 0.0000000000
50814  -7.584  -36.406  21.852 0.0000000000
50815  -8.058  -36.328  22.434 0.0000000000
50823  -4.105  -36.660  20.279 0.0000000000
50824  -4.388  -36.740  20.305 0.0000000000
50825  -5.269  -36.567  20.582 0.0000000000
50826  -5.720  -36.462  20.787 0.0000000000
50827  -6.240  -36.556  20.950 0.0000000000
50837  -4.026  -37.148  20.012 0.0000000000
50838  -4.150  -37.016  20.119 0.0000000000
50937  -3.853  -36.856  4.999 0.0000000000
50938  -4.086  -36.654  4.924 0.0000000000
50943  -4.554  -36.312  4.895 0.0000000000
50944  -4.920  -36.163  4.904 0.0000000000
50945  -5.487  -36.168  4.848 0.0000000000
50946  -6.276  -36.263  4.800 0.0000000000
50947  -7.109  -36.380  4.826 0.0000000000
50948  -8.039  -36.588  4.833 0.0000000000
50949  -9.052  -36.840  4.688 0.0000000000
50950  -10.093  -37.262  4.509 0.0000000000
50951  -11.100  -37.441  4.398 0.0000000000
50952  -12.062  -37.487  4.244 0.0000000000
50963  -9.569  -36.655  4.467 0.0000000000
50964  -10.313  -36.811  4.320 0.0000000000
50965  -11.316  -36.978  4.222 0.0000000000
51020  -12.184  -36.713  -0.567 0.0000000000
51025  -12.339  -36.619  -1.090 0.0000000000
51026  -12.947  -36.600  -1.740 0.0000000000
51027  -13.309  -37.133  -1.902 0.0000000000
51036  -13.382  -36.237  -2.355 0.0000000000
51037  -13.775  -36.684  -2.493 0.0000000000
51038  -14.754  -36.742  -3.306 0.0000000000
51039  -15.343  -37.158  -3.454 0.0000000000
51055  -15.091  -36.288  -3.870 0.0000000000
51056  -15.823  -36.633  -4.036 0.0000000000
51057  -16.460  -37.055  -4.419 0.0000000000
51078  -16.220  -36.073  -4.715 0.0000000000
51079  -16.619  -36.638  -4.990 0.0000000000
51080  -16.978  -36.658  -5.731 0.0000000000
51840  -5.137  -35.413  26.515 0.0000000000
51853  -4.371  -35.055  25.184 0.0000000000
51854  -4.687  -35.648  25.765 0.0000000000
51865  -4.180  -35.422  24.472 0.0000000000
51866  -6.864  -35.308  24.263 0.0000000000
51867  -7.977  -35.213  24.461 0.0000000000
51868  -8.519  -35.169  24.131 0.0000000000
51879  -4.241  -35.629  23.940 0.0000000000
51880  -4.936  -35.699  23.665 0.0000000000
51881  -5.897  -35.807  23.814 0.0000000000
51882  -8.580  -35.345  23.757 0.0000000000
51889  -8.089  -35.295  22.790 0.0000000000
51890  -8.392  -35.526  23.214 0.0000000000
51898  -5.648  -35.299  21.170 0.0000000000
51899  -6.253  -35.473  21.310 0.0000000000
51900  -7.090  -35.538  21.701 0.0000000000
51901  -7.713  -35.602  22.359 0.0000000000
51902  -8.180  -35.833  22.742 0.0000000000
51912  -3.995  -35.954  20.535 0.0000000000
51913  -4.221  -36.018  20.562 0.0000000000
51914  -4.675  -35.855  20.710 0.0000000000
51915  -5.262  -35.700  20.905 0.0000000000
51916  -5.772  -35.813  21.034 0.0000000000
51926  -3.717  -36.405  20.297 0.0000000000
52029  -3.663  -36.054  5.130 0.0000000000
52030  -3.825  -35.924  5.007 0.0000000000
52031  -4.182  -35.762  4.978 0.0000000000
52036  -4.595  -35.635  4.958 0.0000000000
52037  -5.044  -35.583  4.894 0.0000000000
52038  -5.684  -35.605  4.802 0.0000000000
52039  -6.495  -35.681  4.705 0.0000000000
52040  -7.415  -35.825  4.671 0.0000000000
52041  -8.339  -36.152  4.673 0.0000000000
52042  -8.994  -36.312  4.542 0.0000000000
52055  -7.960  -35.680  4.614 0.0000000000
52056  -8.603  -35.869  4.524 0.0000000000
52057  -9.459  -36.215  4.347 0.0000000000
52110  -12.721  -36.098  -1.421 0.0000000000
52117  -13.173  -35.946  -2.196 0.0000000000
52118  -13.790  -35.862  -2.926 0.0000000000
52119  -14.197  -36.238  -3.180 0.0000000000
52125  -14.668  -35.698  -3.860 0.0000000000
52126  -15.277  -36.055  -4.153 0.0000000000
52146  -15.230  -35.091  -4.530 0.0000000000
52147  -15.710  -35.556  -4.609 0.0000000000
52148  -16.466  -35.636  -5.365 0.0000000000
52149  -16.769  -36.207  -5.537 0.0000000000
52166  -16.869  -35.944  -5.925 0.0000000000
52958  -4.273  -34.332  24.576 0.0000000000
52959  -5.270  -34.108  24.296 0.0000000000
52960  -6.415  -34.256  24.533 0.0000000000
52961  -7.535  -34.378  24.740 0.0000000000
52962  -8.341  -34.349  24.418 0.0000000000
52971  -4.261  -35.055  24.221 0.0000000000
52972  -4.675  -34.908  24.000 0.0000000000
52973  -5.656  -34.958  23.967 0.0000000000
52974  -8.744  -34.485  23.974 0.0000000000
52982  -8.208  -34.595  22.973 0.0000000000
52983  -8.520  -34.740  23.526 0.0000000000
52990  -5.166  -34.334  21.332 0.0000000000
52991  -5.815  -34.518  21.435 0.0000000000
52992  -6.690  -34.610  21.710 0.0000000000
52993  -7.376  -34.827  22.152 0.0000000000
52994  -7.814  -34.933  22.583 0.0000000000
53003  -4.268  -35.350  20.764 0.0000000000
53004  -4.529  -35.154  20.887 0.0000000000
53005  -4.952  -35.033  21.054 0.0000000000
53006  -5.327  -34.975  21.183 0.0000000000
53158  -3.769  -35.358  5.434 0.0000000000
53159  -3.989  -35.242  5.392 0.0000000000
53160  -4.377  -35.086  5.286 0.0000000000
53161  -4.811  -34.999  5.043 0.0000000000
53169  -4.712  -35.176  5.005 0.0000000000
53170  -5.132  -34.944  4.932 0.0000000000
53171  -5.862  -34.988  4.768 0.0000000000
53172  -6.638  -35.134  4.616 0.0000000000
53173  -7.390  -35.313  4.545 0.0000000000
53184  -8.066  -35.439  4.503 0.0000000000
53185  -8.812  -35.684  4.358 0.0000000000
53284  -14.941  -34.699  -4.413 0.0000000000
53285  -15.781  -34.482  -5.075 0.0000000000
53286  -16.120  -35.031  -5.193 0.0000000000
54027  -6.523  -32.810  22.282 0.0000000000
54028  -7.101  -33.069  22.419 0.0000000000
54029  -7.897  -33.583  22.790 0.0000000000
54030  -8.497  -33.765  23.513 0.0000000000
54036  -4.631  -33.151  21.558 0.0000000000
54037  -4.903  -33.511  21.500 0.0000000000
54038  -5.506  -33.513  21.631 0.0000000000
54039  -6.319  -33.454  21.905 0.0000000000
54040  -7.232  -33.960  22.152 0.0000000000
54041  -7.732  -34.372  22.506 0.0000000000
54048  -4.565  -34.318  21.162 0.0000000000
54049  -4.773  -34.462  21.180 0.0000000000
54220  -3.979  -34.327  5.687 0.0000000000
54235  -3.840  -34.763  5.627 0.0000000000
54236  -4.133  -34.577  5.608 0.0000000000
54237  -4.489  -34.498  5.478 0.0000000000
54238  -4.862  -34.312  5.163 0.0000000000
54239  -5.252  -34.005  4.987 0.0000000000
54250  -5.386  -34.488  4.913 0.0000000000
54251  -5.909  -34.376  4.825 0.0000000000
54252  -6.829  -34.829  4.572 0.0000000000
54253  -7.504  -35.119  4.435 0.0000000000
54262  -6.386  -34.464  4.714 0.0000000000
54263  -7.194  -34.880  4.480 0.0000000000
54264  -8.134  -35.257  4.350 0.0000000000
55067  -5.543  -32.113  22.257 0.0000000000
55068  -5.976  -32.390  22.252 0.0000000000
55069  -6.779  -32.327  22.623 0.0000000000
55071  -8.243  -33.038  23.263 0.0000000000
55077  -4.512  -32.370  21.838 0.0000000000
55078  -4.735  -32.438  21.841 0.0000000000
55079  -5.278  -32.404  22.004 0.0000000000
55080  -5.752  -32.917  21.877 0.0000000000
55227  -4.077  -33.780  5.853 0.0000000000
55228  -4.675  -33.651  5.702 0.0000000000
55229  -5.036  -33.397  5.669 0.0000000000
55241  -4.335  -34.256  5.628 0.0000000000
55242  -4.575  -34.051  5.548 0.0000000000
55243  -5.017  -33.779  5.425 0.0000000000
55244  -5.374  -33.624  5.428 0.0000000000
55255  -5.582  -33.977  4.954 0.0000000000
56093  -4.990  -30.988  22.369 0.0000000000
56094  -5.533  -31.500  22.454 0.0000000000
56095  -6.329  -31.595  22.759 0.0000000000
56103  -4.547  -31.581  22.145 0.0000000000
56104  -4.814  -31.658  22.192 0.0000000000
56105  -5.097  -31.648  22.274 0.0000000000
57139  -4.247  -29.869  22.498 0.0000000000
57140  -4.432  -29.942  22.483 0.0000000000
57141  -4.797  -30.073  22.496 0.0000000000
57142  -5.346  -30.271  22.631 0.0000000000
57143  -6.110  -30.521  22.946 0.0000000000
57150  -4.393  -30.560  22.362 0.0000000000
57151  -4.608  -30.803  22.333 0.0000000000
58216  -4.319  -29.117  22.605 0.0000000000
58217  -4.590  -29.185  22.626 0.0000000000
58218  -5.071  -29.279  22.702 0.0000000000
58219  -5.766  -29.298  22.992 0.0000000000
59246  -4.208  -28.238  22.689 0.0000000000
59247  -4.415  -28.294  22.714 0.0000000000
59248  -4.788  -28.399  22.805 0.0000000000
59249  -5.287  -28.516  22.951 0.0000000000
59250  -5.688  -28.546  23.106 0.0000000000
60182  -5.387  -27.072  23.277 0.0000000000
60192  -4.290  -27.350  22.829 0.0000000000
60193  -4.575  -27.467  22.908 0.0000000000
60194  -5.030  -27.663  23.052 0.0000000000
60195  -5.581  -27.931  23.184 0.0000000000
61188  -5.271  -26.455  23.388 0.0000000000
61206  -4.140  -26.231  23.009 0.0000000000
61207  -4.352  -26.529  23.027 0.0000000000
61208  -4.835  -26.576  23.209 0.0000000000
62236  -4.655  -25.256  23.363 0.0000000000
62248  -4.000  -25.359  23.142 0.0000000000
62249  -4.148  -25.688  23.126 0.0000000000
62250  -4.442  -25.858  23.210 0.0000000000
62251  -4.750  -25.845  23.323 0.0000000000
63235  -3.823  -23.961  23.380 0.0000000000
63236  -4.002  -24.124  23.369 0.0000000000
63237  -4.392  -24.436  23.400 0.0000000000
63246  -3.912  -24.598  23.283 0.0000000000
63247  -4.060  -24.908  23.239 0.0000000000
63248  -4.277  -25.230  23.250 0.0000000000
64269  -3.996  -23.330  23.495 0.0000000000
64270  -4.264  -23.478  23.515 0.0000000000
65302  -3.985  -22.417  23.711 0.0000000000
65303  -4.167  -22.650  23.668 0.0000000000
66336  -3.898  -21.776  23.911 0.0000000000
66337  -4.090  -21.915  23.911 0.0000000000
