#!ascii label  , from subject bert vox2ras=TkReg
1874
1910  -5.142  -94.844  -3.169 0.0000000000
1911  -6.280  -94.312  -3.567 0.0000000000
1912  -7.331  -94.105  -3.603 0.0000000000
1913  -8.042  -93.884  -3.825 0.0000000000
1923  -5.758  -94.970  -4.058 0.0000000000
1924  -6.801  -94.549  -4.126 0.0000000000
1925  -7.603  -94.218  -4.174 0.0000000000
1926  -8.224  -93.943  -4.372 0.0000000000
1941  -6.197  -94.489  -5.055 0.0000000000
1942  -7.249  -94.323  -4.786 0.0000000000
1943  -7.795  -94.151  -4.623 0.0000000000
2000  -11.958  -93.930  -10.968 0.0000000000
2001  -12.671  -94.058  -11.086 0.0000000000
2002  -13.585  -94.223  -11.217 0.0000000000
2003  -14.179  -94.322  -11.400 0.0000000000
2014  -14.693  -94.414  -11.799 0.0000000000
2015  -15.352  -94.080  -11.995 0.0000000000
2313  -4.731  -94.263  -2.879 0.0000000000
2323  -3.410  -93.429  -3.279 0.0000000000
2324  -4.481  -93.498  -3.311 0.0000000000
2325  -5.652  -93.779  -3.269 0.0000000000
2326  -6.922  -93.536  -3.417 0.0000000000
2327  -7.971  -93.439  -3.417 0.0000000000
2328  -8.896  -93.435  -3.876 0.0000000000
2329  -9.580  -93.188  -3.986 0.0000000000
2336  -3.600  -93.104  -3.782 0.0000000000
2337  -3.865  -93.225  -3.575 0.0000000000
2338  -8.767  -93.658  -4.686 0.0000000000
2339  -9.518  -93.224  -4.588 0.0000000000
2340  -9.873  -92.930  -4.967 0.0000000000
2347  -6.295  -94.058  -5.648 0.0000000000
2348  -6.877  -93.996  -5.532 0.0000000000
2349  -7.978  -93.903  -5.273 0.0000000000
2350  -8.950  -93.347  -5.425 0.0000000000
2351  -9.565  -93.044  -5.250 0.0000000000
2361  -7.238  -93.491  -6.248 0.0000000000
2362  -8.227  -93.213  -6.234 0.0000000000
2363  -8.927  -92.976  -6.077 0.0000000000
2374  -7.511  -92.975  -6.959 0.0000000000
2375  -8.199  -92.818  -6.944 0.0000000000
2386  -11.141  -92.823  -9.963 0.0000000000
2387  -12.153  -93.153  -9.786 0.0000000000
2388  -13.176  -93.269  -9.755 0.0000000000
2389  -14.175  -93.278  -9.919 0.0000000000
2390  -14.988  -93.161  -10.238 0.0000000000
2391  -15.420  -92.990  -10.483 0.0000000000
2392  -15.681  -93.013  -10.463 0.0000000000
2405  -11.508  -93.500  -10.686 0.0000000000
2406  -12.488  -93.597  -10.467 0.0000000000
2407  -13.452  -93.692  -10.555 0.0000000000
2408  -14.505  -93.856  -10.863 0.0000000000
2409  -15.300  -93.356  -10.848 0.0000000000
2410  -15.519  -93.058  -10.702 0.0000000000
2423  -15.187  -93.897  -11.378 0.0000000000
2424  -15.403  -93.394  -11.676 0.0000000000
2758  -4.801  -93.005  -3.755 0.0000000000
2759  -5.406  -93.084  -3.646 0.0000000000
2760  -6.457  -92.748  -3.578 0.0000000000
2761  -7.673  -92.709  -3.294 0.0000000000
2762  -8.708  -92.666  -3.351 0.0000000000
2763  -9.778  -92.662  -3.616 0.0000000000
2764  -10.744  -92.202  -3.728 0.0000000000
2765  -11.267  -91.979  -3.833 0.0000000000
2771  -4.169  -92.905  -4.061 0.0000000000
2772  -5.175  -92.688  -4.308 0.0000000000
2773  -5.779  -92.672  -3.935 0.0000000000
2774  -9.887  -93.047  -4.124 0.0000000000
2775  -10.344  -92.744  -4.516 0.0000000000
2776  -11.195  -92.182  -4.331 0.0000000000
2781  -3.955  -92.662  -5.124 0.0000000000
2782  -4.591  -92.691  -4.718 0.0000000000
2783  -9.389  -92.953  -5.742 0.0000000000
2784  -10.060  -92.776  -5.531 0.0000000000
2785  -11.232  -92.332  -5.348 0.0000000000
2786  -11.961  -92.224  -5.794 0.0000000000
2792  -8.709  -92.858  -6.613 0.0000000000
2793  -9.456  -92.786  -6.446 0.0000000000
2794  -10.509  -92.616  -6.387 0.0000000000
2795  -11.535  -92.466  -6.372 0.0000000000
2796  -12.557  -92.202  -6.307 0.0000000000
2797  -13.391  -91.897  -6.611 0.0000000000
2803  -8.770  -92.697  -7.368 0.0000000000
2804  -9.843  -92.622  -7.327 0.0000000000
2805  -10.913  -92.586  -7.274 0.0000000000
2806  -11.996  -92.627  -7.206 0.0000000000
2807  -13.028  -92.367  -7.249 0.0000000000
2808  -13.977  -91.965  -7.353 0.0000000000
2809  -14.506  -91.747  -7.918 0.0000000000
2818  -10.266  -92.625  -8.208 0.0000000000
2819  -11.349  -92.663  -8.148 0.0000000000
2820  -12.430  -92.653  -8.104 0.0000000000
2821  -13.457  -92.520  -8.144 0.0000000000
2822  -14.284  -92.232  -8.377 0.0000000000
2823  -14.694  -91.820  -8.602 0.0000000000
2834  -10.703  -92.586  -9.091 0.0000000000
2835  -11.784  -92.691  -9.025 0.0000000000
2836  -12.826  -92.845  -8.965 0.0000000000
2837  -13.819  -92.769  -9.078 0.0000000000
2838  -14.701  -92.470  -9.459 0.0000000000
2839  -15.257  -92.711  -10.259 0.0000000000
2840  -15.453  -92.764  -10.345 0.0000000000
2852  -15.396  -92.857  -10.869 0.0000000000
2853  -15.462  -92.930  -10.509 0.0000000000
2858  -14.840  -92.595  -11.671 0.0000000000
3244  -9.712  -91.526  -2.913 0.0000000000
3245  -9.883  -91.340  -2.801 0.0000000000
3253  -6.738  -92.079  -3.945 0.0000000000
3254  -7.372  -91.962  -3.585 0.0000000000
3255  -8.388  -91.774  -3.245 0.0000000000
3256  -9.355  -91.841  -3.112 0.0000000000
3257  -10.258  -91.679  -2.995 0.0000000000
3258  -11.368  -91.604  -3.348 0.0000000000
3259  -11.967  -91.451  -3.646 0.0000000000
3266  -5.455  -92.430  -4.689 0.0000000000
3267  -6.046  -92.236  -4.453 0.0000000000
3268  -7.077  -91.468  -4.392 0.0000000000
3269  -7.935  -91.201  -3.795 0.0000000000
3270  -11.691  -91.825  -3.968 0.0000000000
3271  -12.357  -91.521  -4.125 0.0000000000
3272  -12.993  -91.248  -4.538 0.0000000000
3279  -5.098  -92.291  -5.311 0.0000000000
3280  -6.390  -91.310  -5.487 0.0000000000
3281  -7.170  -90.822  -5.026 0.0000000000
3282  -11.766  -91.877  -4.615 0.0000000000
3283  -12.456  -91.787  -5.227 0.0000000000
3284  -13.420  -91.148  -5.261 0.0000000000
3291  -5.448  -91.337  -6.403 0.0000000000
3292  -6.158  -90.977  -6.196 0.0000000000
3293  -13.214  -91.676  -5.926 0.0000000000
3294  -13.792  -91.131  -6.415 0.0000000000
3302  -14.250  -91.261  -7.467 0.0000000000
3303  -14.697  -91.359  -8.080 0.0000000000
3310  -14.722  -91.468  -8.607 0.0000000000
3314  -13.307  -91.336  -10.120 0.0000000000
3315  -14.045  -91.369  -9.831 0.0000000000
3316  -14.787  -91.732  -9.419 0.0000000000
3317  -15.148  -92.255  -9.833 0.0000000000
3320  -10.768  -91.426  -11.110 0.0000000000
3321  -11.547  -91.481  -10.880 0.0000000000
3322  -12.680  -91.562  -10.715 0.0000000000
3323  -13.714  -91.665  -10.671 0.0000000000
3324  -14.541  -91.770  -10.431 0.0000000000
3325  -15.066  -92.227  -10.472 0.0000000000
3333  -14.210  -92.066  -11.217 0.0000000000
3334  -14.714  -92.157  -10.915 0.0000000000
3788  -9.413  -91.421  -2.906 0.0000000000
3789  -9.597  -91.221  -2.850 0.0000000000
3797  -8.456  -91.058  -3.415 0.0000000000
3798  -9.083  -91.001  -3.087 0.0000000000
3799  -9.903  -90.866  -2.753 0.0000000000
3800  -10.939  -90.784  -2.753 0.0000000000
3801  -12.339  -90.752  -3.199 0.0000000000
3802  -13.128  -89.794  -3.330 0.0000000000
3811  -7.729  -90.684  -4.472 0.0000000000
3812  -8.447  -90.420  -3.794 0.0000000000
3813  -8.995  -90.315  -3.390 0.0000000000
3814  -12.922  -91.091  -3.929 0.0000000000
3815  -13.479  -90.413  -4.239 0.0000000000
3821  -7.008  -90.550  -5.523 0.0000000000
3822  -7.522  -90.137  -5.128 0.0000000000
3823  -7.953  -90.074  -4.459 0.0000000000
3824  -13.730  -90.293  -5.486 0.0000000000
3829  -5.999  -90.784  -6.562 0.0000000000
3830  -6.644  -90.374  -6.171 0.0000000000
3831  -7.199  -90.164  -5.646 0.0000000000
3832  -13.208  -89.797  -6.585 0.0000000000
3833  -13.726  -90.240  -6.303 0.0000000000
3844  -6.091  -90.445  -6.727 0.0000000000
3845  -12.075  -89.708  -7.541 0.0000000000
3846  -12.805  -89.975  -7.223 0.0000000000
3847  -13.701  -90.505  -7.253 0.0000000000
3848  -14.485  -90.852  -7.812 0.0000000000
3856  -10.688  -89.484  -8.802 0.0000000000
3857  -11.216  -89.688  -8.319 0.0000000000
3858  -12.681  -90.231  -8.163 0.0000000000
3859  -13.914  -90.708  -8.322 0.0000000000
3860  -14.600  -91.092  -8.417 0.0000000000
3862  -9.635  -89.550  -9.829 0.0000000000
3863  -10.287  -89.708  -9.362 0.0000000000
3864  -11.668  -90.380  -9.273 0.0000000000
3865  -13.122  -90.947  -9.335 0.0000000000
3866  -14.234  -91.232  -8.978 0.0000000000
3867  -14.639  -91.386  -8.809 0.0000000000
3873  -9.218  -89.868  -10.414 0.0000000000
3874  -10.626  -90.841  -10.397 0.0000000000
3875  -12.070  -91.113  -10.078 0.0000000000
3876  -12.807  -91.243  -10.052 0.0000000000
3885  -9.492  -91.006  -11.391 0.0000000000
3886  -10.285  -91.235  -11.134 0.0000000000
4336  -9.400  -90.296  -3.066 0.0000000000
4337  -10.101  -89.827  -2.812 0.0000000000
4338  -11.298  -89.691  -2.779 0.0000000000
4339  -12.324  -89.342  -2.917 0.0000000000
4340  -13.091  -88.980  -3.217 0.0000000000
4347  -8.384  -89.721  -4.191 0.0000000000
4348  -9.122  -89.656  -3.623 0.0000000000
4349  -9.795  -89.040  -3.342 0.0000000000
4350  -13.603  -89.190  -3.882 0.0000000000
4357  -7.546  -89.725  -5.140 0.0000000000
4358  -7.768  -89.510  -4.737 0.0000000000
4359  -13.772  -89.241  -4.981 0.0000000000
4368  -6.653  -89.405  -6.216 0.0000000000
4369  -7.333  -89.601  -5.456 0.0000000000
4370  -7.532  -89.361  -5.033 0.0000000000
4371  -11.898  -88.760  -6.508 0.0000000000
4372  -12.767  -89.150  -6.134 0.0000000000
4373  -13.558  -89.543  -5.883 0.0000000000
4384  -6.158  -89.953  -6.932 0.0000000000
4385  -10.886  -88.780  -7.901 0.0000000000
4386  -11.412  -89.199  -7.369 0.0000000000
4387  -12.322  -89.482  -6.819 0.0000000000
4396  -9.928  -88.995  -9.102 0.0000000000
4397  -10.475  -89.137  -8.648 0.0000000000
4398  -10.916  -89.250  -7.980 0.0000000000
4403  -8.964  -88.730  -10.267 0.0000000000
4404  -9.419  -89.013  -9.773 0.0000000000
4405  -9.992  -89.240  -9.176 0.0000000000
4415  -8.603  -88.896  -10.595 0.0000000000
4416  -9.061  -89.266  -10.233 0.0000000000
4905  -10.523  -89.008  -3.060 0.0000000000
4906  -11.283  -88.424  -3.133 0.0000000000
4907  -12.484  -88.323  -3.054 0.0000000000
4908  -13.445  -88.177  -3.428 0.0000000000
4909  -13.960  -87.663  -3.836 0.0000000000
4919  -8.574  -89.062  -4.265 0.0000000000
4920  -9.295  -88.760  -3.826 0.0000000000
4921  -10.156  -88.349  -3.565 0.0000000000
4922  -10.669  -87.926  -3.603 0.0000000000
4923  -13.938  -88.360  -4.314 0.0000000000
4924  -14.096  -87.576  -4.528 0.0000000000
4935  -8.016  -88.943  -4.509 0.0000000000
4936  -13.137  -87.767  -5.796 0.0000000000
4937  -13.624  -88.005  -5.345 0.0000000000
4938  -13.950  -87.312  -5.041 0.0000000000
4950  -6.502  -88.703  -6.069 0.0000000000
4951  -7.048  -88.885  -5.535 0.0000000000
4952  -7.573  -88.988  -4.919 0.0000000000
4953  -11.899  -87.954  -6.636 0.0000000000
4954  -12.705  -88.131  -6.049 0.0000000000
4955  -13.295  -88.824  -5.669 0.0000000000
4969  -5.895  -88.993  -6.781 0.0000000000
4970  -10.964  -88.156  -8.066 0.0000000000
4971  -11.408  -88.254  -7.343 0.0000000000
4981  -9.978  -88.432  -8.979 0.0000000000
4982  -10.588  -88.493  -8.451 0.0000000000
4993  -8.234  -87.638  -10.575 0.0000000000
4994  -8.801  -88.111  -10.374 0.0000000000
4995  -9.476  -88.014  -9.635 0.0000000000
5012  -7.949  -87.987  -10.974 0.0000000000
5013  -8.464  -88.382  -10.675 0.0000000000
5608  -11.850  -87.634  -3.196 0.0000000000
5609  -12.651  -87.401  -3.210 0.0000000000
5610  -13.421  -87.122  -3.454 0.0000000000
5611  -14.012  -86.950  -3.929 0.0000000000
5624  -8.851  -88.529  -4.111 0.0000000000
5625  -9.266  -87.962  -4.033 0.0000000000
5626  -10.152  -87.591  -3.901 0.0000000000
5627  -11.048  -87.409  -3.624 0.0000000000
5628  -14.157  -86.918  -4.586 0.0000000000
5640  -8.262  -88.237  -4.495 0.0000000000
5641  -8.841  -87.482  -4.472 0.0000000000
5642  -13.326  -87.488  -5.691 0.0000000000
5643  -13.619  -87.099  -5.508 0.0000000000
5644  -14.024  -86.829  -5.068 0.0000000000
5659  -5.385  -87.585  -6.804 0.0000000000
5660  -6.182  -88.029  -6.355 0.0000000000
5661  -6.868  -88.185  -5.579 0.0000000000
5662  -7.389  -88.398  -5.018 0.0000000000
5663  -12.346  -87.165  -6.674 0.0000000000
5664  -12.960  -87.327  -6.044 0.0000000000
5665  -13.263  -87.209  -5.806 0.0000000000
5679  -5.487  -88.286  -7.021 0.0000000000
5680  -11.146  -87.290  -7.907 0.0000000000
5681  -11.678  -87.464  -7.172 0.0000000000
5687  -9.797  -87.385  -9.067 0.0000000000
5688  -10.519  -87.758  -8.559 0.0000000000
5699  -7.837  -87.258  -10.661 0.0000000000
5700  -8.342  -87.164  -10.318 0.0000000000
5701  -9.095  -87.063  -9.809 0.0000000000
5716  -6.983  -87.037  -10.934 0.0000000000
6275  -11.839  -86.868  -3.490 0.0000000000
6276  -12.584  -86.473  -3.502 0.0000000000
6277  -13.315  -86.268  -3.742 0.0000000000
6278  -13.937  -86.460  -4.186 0.0000000000
6292  -8.830  -86.890  -4.818 0.0000000000
6293  -9.297  -87.126  -4.533 0.0000000000
6294  -10.352  -86.919  -3.994 0.0000000000
6295  -11.140  -86.568  -3.749 0.0000000000
6296  -13.771  -86.029  -4.239 0.0000000000
6297  -14.066  -86.324  -4.742 0.0000000000
6312  -4.820  -86.215  -5.818 0.0000000000
6313  -5.872  -86.453  -5.796 0.0000000000
6314  -6.818  -86.742  -5.650 0.0000000000
6315  -7.570  -87.063  -5.263 0.0000000000
6316  -8.448  -87.209  -4.790 0.0000000000
6317  -8.897  -87.205  -4.647 0.0000000000
6318  -13.539  -86.499  -5.653 0.0000000000
6319  -13.853  -86.477  -5.287 0.0000000000
6336  -5.145  -86.845  -6.428 0.0000000000
6337  -6.134  -87.112  -6.286 0.0000000000
6338  -6.875  -87.451  -5.742 0.0000000000
6339  -7.479  -87.699  -5.003 0.0000000000
6340  -12.401  -86.032  -6.871 0.0000000000
6341  -12.913  -86.545  -6.343 0.0000000000
6342  -13.099  -86.942  -6.003 0.0000000000
6351  -10.967  -86.036  -7.933 0.0000000000
6352  -11.773  -86.566  -7.441 0.0000000000
6359  -9.698  -86.277  -9.285 0.0000000000
6360  -10.445  -86.678  -8.608 0.0000000000
6378  -5.687  -86.137  -10.292 0.0000000000
6379  -7.681  -86.404  -10.478 0.0000000000
6380  -8.463  -86.431  -10.096 0.0000000000
6381  -8.950  -85.989  -9.781 0.0000000000
6401  -6.123  -86.519  -10.656 0.0000000000
6402  -6.746  -86.126  -10.605 0.0000000000
6924  -2.817  -84.780  -2.652 0.0000000000
6925  -3.439  -84.585  -2.694 0.0000000000
6926  -11.254  -85.181  -3.200 0.0000000000
6927  -11.982  -84.993  -3.380 0.0000000000
6928  -12.464  -84.782  -3.557 0.0000000000
6933  -3.640  -84.767  -3.364 0.0000000000
6934  -4.886  -84.800  -3.670 0.0000000000
6935  -6.013  -84.858  -3.846 0.0000000000
6936  -7.139  -85.005  -3.955 0.0000000000
6937  -8.184  -85.489  -3.826 0.0000000000
6938  -9.256  -85.722  -3.727 0.0000000000
6939  -10.191  -85.800  -3.601 0.0000000000
6940  -10.954  -85.780  -3.610 0.0000000000
6941  -11.733  -85.908  -3.741 0.0000000000
6942  -12.680  -85.437  -3.774 0.0000000000
6943  -13.377  -85.579  -4.152 0.0000000000
6951  -3.062  -85.271  -4.275 0.0000000000
6952  -4.131  -85.237  -4.306 0.0000000000
6953  -5.249  -85.259  -4.482 0.0000000000
6954  -6.358  -85.396  -4.608 0.0000000000
6955  -7.422  -85.785  -4.586 0.0000000000
6956  -8.547  -86.449  -4.530 0.0000000000
6957  -9.723  -86.430  -4.036 0.0000000000
6958  -10.613  -86.289  -3.820 0.0000000000
6959  -11.145  -86.126  -3.778 0.0000000000
6960  -13.831  -85.718  -4.671 0.0000000000
6961  -13.983  -85.952  -5.044 0.0000000000
6969  -4.491  -85.656  -5.113 0.0000000000
6970  -5.586  -85.782  -5.228 0.0000000000
6971  -6.636  -86.048  -5.240 0.0000000000
6972  -7.509  -86.504  -5.039 0.0000000000
6973  -8.023  -86.827  -4.910 0.0000000000
6974  -13.304  -85.231  -5.677 0.0000000000
6975  -13.654  -85.743  -5.410 0.0000000000
6976  -14.006  -86.196  -5.082 0.0000000000
6982  -12.456  -85.184  -6.869 0.0000000000
6983  -13.014  -85.544  -6.195 0.0000000000
6984  -13.299  -86.244  -5.961 0.0000000000
6994  -11.090  -85.235  -8.190 0.0000000000
6995  -11.886  -85.247  -7.734 0.0000000000
7013  -5.560  -85.018  -9.065 0.0000000000
7014  -8.604  -85.063  -9.691 0.0000000000
7015  -9.276  -85.206  -9.465 0.0000000000
7016  -10.406  -85.295  -8.770 0.0000000000
7034  -5.819  -85.393  -9.813 0.0000000000
7035  -7.051  -85.421  -10.269 0.0000000000
7036  -8.194  -85.537  -9.995 0.0000000000
7037  -8.765  -85.443  -9.745 0.0000000000
7055  -6.173  -85.966  -10.345 0.0000000000
7056  -6.452  -85.700  -10.294 0.0000000000
7582  -2.254  -83.991  -0.061 0.0000000000
7593  -2.653  -84.082  -0.492 0.0000000000
7594  -3.300  -83.992  -0.720 0.0000000000
7595  -9.524  -83.875  -0.957 0.0000000000
7596  -9.826  -83.921  -0.971 0.0000000000
7604  -2.218  -84.299  -1.114 0.0000000000
7605  -3.003  -84.263  -1.242 0.0000000000
7606  -3.901  -83.962  -1.268 0.0000000000
7607  -4.935  -83.918  -1.462 0.0000000000
7608  -5.947  -83.915  -1.536 0.0000000000
7609  -7.021  -83.865  -1.613 0.0000000000
7610  -8.097  -84.078  -1.530 0.0000000000
7611  -9.251  -84.074  -1.311 0.0000000000
7612  -10.287  -84.244  -1.490 0.0000000000
7613  -10.957  -84.268  -1.866 0.0000000000
7617  -2.458  -84.557  -1.854 0.0000000000
7618  -3.418  -84.417  -2.064 0.0000000000
7619  -4.349  -84.189  -2.106 0.0000000000
7620  -5.314  -84.194  -2.223 0.0000000000
7621  -6.357  -84.236  -2.313 0.0000000000
7622  -7.442  -84.316  -2.344 0.0000000000
7623  -8.530  -84.502  -2.264 0.0000000000
7624  -9.605  -84.647  -2.268 0.0000000000
7625  -10.617  -84.766  -2.506 0.0000000000
7626  -11.392  -84.392  -2.649 0.0000000000
7627  -12.109  -84.317  -3.212 0.0000000000
7631  -3.879  -84.386  -2.657 0.0000000000
7632  -4.623  -84.399  -2.876 0.0000000000
7633  -5.659  -84.504  -3.014 0.0000000000
7634  -6.749  -84.572  -3.120 0.0000000000
7635  -7.835  -84.798  -3.111 0.0000000000
7636  -8.903  -85.007  -3.085 0.0000000000
7637  -9.887  -85.178  -3.095 0.0000000000
7638  -10.605  -85.319  -3.227 0.0000000000
7639  -12.774  -84.402  -3.945 0.0000000000
7640  -13.071  -85.092  -4.087 0.0000000000
7645  -13.054  -84.409  -4.922 0.0000000000
7646  -13.464  -85.057  -4.596 0.0000000000
7649  -11.498  -84.016  -6.149 0.0000000000
7650  -12.259  -84.297  -5.976 0.0000000000
7651  -12.955  -84.714  -5.719 0.0000000000
7652  -13.419  -84.964  -5.292 0.0000000000
7659  -10.459  -83.820  -7.348 0.0000000000
7660  -11.122  -84.057  -6.962 0.0000000000
7661  -11.987  -84.481  -6.854 0.0000000000
7662  -12.622  -84.778  -6.389 0.0000000000
7673  -6.572  -83.975  -8.255 0.0000000000
7674  -7.618  -83.795  -8.360 0.0000000000
7675  -8.749  -83.747  -8.261 0.0000000000
7676  -9.885  -83.814  -7.999 0.0000000000
7677  -11.031  -84.320  -8.118 0.0000000000
7678  -11.559  -84.452  -7.469 0.0000000000
7693  -6.052  -84.539  -8.965 0.0000000000
7694  -7.168  -84.284  -9.105 0.0000000000
7695  -8.392  -84.400  -9.251 0.0000000000
7696  -9.557  -84.369  -8.834 0.0000000000
7697  -10.268  -84.391  -8.522 0.0000000000
7709  -6.730  -84.773  -9.694 0.0000000000
7710  -7.646  -84.807  -9.766 0.0000000000
7711  -8.230  -84.915  -9.725 0.0000000000
8135  -4.605  -82.848  7.095 0.0000000000
8136  -4.848  -83.069  7.066 0.0000000000
8137  -5.426  -83.436  6.969 0.0000000000
8141  -4.460  -82.866  6.776 0.0000000000
8142  -4.888  -83.447  6.489 0.0000000000
8143  -5.857  -83.721  6.321 0.0000000000
8144  -6.572  -83.653  5.913 0.0000000000
8148  -3.553  -82.638  5.414 0.0000000000
8149  -4.063  -82.890  5.827 0.0000000000
8150  -5.111  -83.690  5.604 0.0000000000
8151  -6.098  -83.724  5.392 0.0000000000
8152  -6.905  -83.549  5.257 0.0000000000
8156  -2.236  -82.650  4.333 0.0000000000
8157  -3.245  -82.837  4.855 0.0000000000
8158  -4.457  -83.561  4.791 0.0000000000
8159  -5.574  -83.685  4.669 0.0000000000
8160  -6.501  -83.617  4.585 0.0000000000
8161  -7.179  -83.440  4.511 0.0000000000
8173  -2.812  -83.248  3.673 0.0000000000
8174  -3.953  -83.559  3.802 0.0000000000
8175  -5.138  -83.648  3.823 0.0000000000
8176  -6.176  -83.595  3.851 0.0000000000
8177  -6.930  -83.468  3.922 0.0000000000
8178  -7.385  -83.331  3.957 0.0000000000
8190  -2.409  -83.491  2.601 0.0000000000
8191  -3.554  -83.601  2.723 0.0000000000
8192  -4.771  -83.597  2.851 0.0000000000
8193  -5.905  -83.545  3.004 0.0000000000
8194  -6.881  -83.297  3.238 0.0000000000
8195  -7.195  -83.295  3.601 0.0000000000
8203  -3.155  -83.708  1.623 0.0000000000
8204  -4.410  -83.558  1.801 0.0000000000
8205  -5.638  -83.406  2.022 0.0000000000
8206  -6.622  -83.219  2.388 0.0000000000
8213  -2.730  -83.847  0.424 0.0000000000
8214  -4.027  -83.526  0.727 0.0000000000
8215  -5.284  -83.353  0.951 0.0000000000
8216  -6.741  -83.037  1.232 0.0000000000
8217  -8.069  -83.115  0.760 0.0000000000
8218  -9.176  -83.191  0.449 0.0000000000
8219  -10.163  -83.169  0.176 0.0000000000
8220  -10.582  -82.842  -0.140 0.0000000000
8227  -3.132  -83.953  -0.265 0.0000000000
8228  -3.789  -83.737  -0.291 0.0000000000
8229  -4.867  -83.504  -0.035 0.0000000000
8230  -6.021  -83.287  0.059 0.0000000000
8231  -7.238  -83.191  -0.023 0.0000000000
8232  -8.370  -83.459  -0.169 0.0000000000
8233  -9.417  -83.671  -0.576 0.0000000000
8234  -10.479  -83.487  -0.743 0.0000000000
8235  -10.931  -83.615  -1.198 0.0000000000
8242  -4.598  -83.724  -0.781 0.0000000000
8243  -5.489  -83.642  -0.771 0.0000000000
8244  -6.560  -83.583  -0.800 0.0000000000
8245  -7.654  -83.689  -0.830 0.0000000000
8246  -8.663  -83.806  -0.894 0.0000000000
8247  -9.127  -83.826  -0.942 0.0000000000
8248  -10.855  -83.919  -1.334 0.0000000000
8249  -11.146  -83.739  -1.743 0.0000000000
8253  -11.493  -83.626  -2.627 0.0000000000
8254  -12.134  -83.781  -3.342 0.0000000000
8258  -11.569  -83.263  -3.295 0.0000000000
8259  -12.209  -83.547  -3.885 0.0000000000
8266  -7.528  -82.947  -4.610 0.0000000000
8267  -8.168  -83.010  -4.725 0.0000000000
8268  -9.141  -83.124  -4.734 0.0000000000
8269  -10.169  -83.195  -4.661 0.0000000000
8270  -11.332  -83.263  -4.323 0.0000000000
8271  -12.406  -83.800  -4.633 0.0000000000
8278  -5.194  -83.230  -5.855 0.0000000000
8279  -6.238  -83.152  -5.791 0.0000000000
8280  -7.383  -83.193  -5.348 0.0000000000
8281  -8.656  -83.294  -5.523 0.0000000000
8282  -9.744  -83.372  -5.553 0.0000000000
8283  -10.857  -83.539  -5.542 0.0000000000
8284  -11.846  -83.795  -5.332 0.0000000000
8285  -12.544  -84.152  -5.328 0.0000000000
8292  -5.859  -83.398  -6.937 0.0000000000
8293  -7.092  -83.312  -6.592 0.0000000000
8294  -8.225  -83.378  -6.425 0.0000000000
8295  -9.294  -83.445  -6.396 0.0000000000
8296  -10.325  -83.635  -6.461 0.0000000000
8297  -10.954  -83.805  -6.278 0.0000000000
8306  -6.185  -83.672  -7.695 0.0000000000
8307  -6.876  -83.499  -7.580 0.0000000000
8308  -7.933  -83.442  -7.438 0.0000000000
8309  -8.991  -83.507  -7.282 0.0000000000
8310  -9.790  -83.647  -7.097 0.0000000000
8729  -5.748  -82.775  9.780 0.0000000000
8730  -6.283  -82.805  9.873 0.0000000000
8736  -5.145  -82.907  8.928 0.0000000000
8737  -6.003  -83.121  9.243 0.0000000000
8738  -7.168  -82.892  9.393 0.0000000000
8739  -7.812  -82.675  9.117 0.0000000000
8747  -4.816  -82.738  8.258 0.0000000000
8748  -5.700  -83.245  8.288 0.0000000000
8749  -6.830  -83.214  8.360 0.0000000000
8750  -7.969  -82.869  8.523 0.0000000000
8751  -8.573  -82.708  8.274 0.0000000000
8757  -4.466  -82.601  7.419 0.0000000000
8758  -5.215  -83.193  7.573 0.0000000000
8759  -6.337  -83.460  7.216 0.0000000000
8760  -7.621  -83.206  7.395 0.0000000000
8761  -8.691  -82.885  7.599 0.0000000000
8762  -9.299  -82.801  7.299 0.0000000000
8766  -2.882  -81.641  6.083 0.0000000000
8767  -3.444  -81.794  6.312 0.0000000000
8768  -4.013  -82.173  6.665 0.0000000000
8769  -6.546  -83.582  6.420 0.0000000000
8770  -7.300  -83.354  6.151 0.0000000000
8771  -8.393  -83.004  6.499 0.0000000000
8772  -9.197  -82.907  6.738 0.0000000000
8775  -2.448  -81.866  5.563 0.0000000000
8776  -3.278  -82.256  5.648 0.0000000000
8777  -3.729  -82.256  6.091 0.0000000000
8778  -7.564  -83.294  5.050 0.0000000000
8779  -8.237  -83.000  5.451 0.0000000000
8780  -9.345  -82.824  5.757 0.0000000000
8781  -10.056  -82.596  5.503 0.0000000000
8785  -2.380  -82.239  4.923 0.0000000000
8786  -2.832  -82.259  5.206 0.0000000000
8787  -7.594  -83.277  4.419 0.0000000000
8788  -8.062  -83.104  4.597 0.0000000000
8789  -8.878  -82.916  4.712 0.0000000000
8790  -9.994  -82.596  4.709 0.0000000000
8791  -10.599  -82.438  4.159 0.0000000000
8800  -7.791  -83.229  4.046 0.0000000000
8801  -8.356  -83.079  3.948 0.0000000000
8802  -9.255  -82.866  3.858 0.0000000000
8803  -10.175  -82.628  3.663 0.0000000000
8804  -11.103  -82.362  3.574 0.0000000000
8805  -11.878  -82.217  3.315 0.0000000000
8816  -7.235  -83.187  3.119 0.0000000000
8817  -7.589  -83.166  3.371 0.0000000000
8818  -8.555  -82.979  3.164 0.0000000000
8819  -9.530  -82.833  2.954 0.0000000000
8820  -10.554  -82.575  2.727 0.0000000000
8821  -11.650  -82.225  2.535 0.0000000000
8822  -12.227  -82.055  2.938 0.0000000000
8831  -7.230  -83.119  2.799 0.0000000000
8832  -7.877  -83.053  2.574 0.0000000000
8833  -8.787  -82.988  2.299 0.0000000000
8834  -9.820  -82.771  2.026 0.0000000000
8835  -10.987  -82.296  1.652 0.0000000000
8836  -11.664  -81.990  1.824 0.0000000000
8842  -7.264  -83.013  2.130 0.0000000000
8843  -7.943  -83.027  1.722 0.0000000000
8844  -8.969  -82.949  1.385 0.0000000000
8845  -10.065  -82.938  1.094 0.0000000000
8846  -10.785  -82.387  0.534 0.0000000000
8852  -10.707  -82.344  -0.629 0.0000000000
8853  -10.944  -83.246  -1.143 0.0000000000
8863  -10.525  -82.336  -1.622 0.0000000000
8864  -11.029  -83.015  -1.673 0.0000000000
8875  -3.860  -82.098  -2.699 0.0000000000
8876  -8.543  -82.141  -2.845 0.0000000000
8877  -9.244  -82.186  -2.672 0.0000000000
8878  -10.155  -82.314  -2.416 0.0000000000
8879  -11.031  -82.834  -2.457 0.0000000000
8886  -4.203  -82.271  -3.355 0.0000000000
8887  -5.215  -82.218  -3.650 0.0000000000
8888  -6.126  -82.232  -3.646 0.0000000000
8889  -7.056  -82.291  -3.519 0.0000000000
8890  -8.019  -82.301  -3.342 0.0000000000
8891  -8.965  -82.487  -3.349 0.0000000000
8892  -9.855  -82.585  -3.262 0.0000000000
8893  -10.773  -82.811  -3.271 0.0000000000
8899  -3.876  -82.644  -4.309 0.0000000000
8900  -4.860  -82.497  -4.333 0.0000000000
8901  -5.823  -82.562  -4.341 0.0000000000
8902  -6.849  -82.751  -4.334 0.0000000000
8903  -7.707  -82.646  -4.113 0.0000000000
8904  -8.593  -82.717  -4.053 0.0000000000
8905  -9.522  -82.840  -3.989 0.0000000000
8906  -10.352  -82.935  -3.892 0.0000000000
8911  -4.540  -82.917  -5.069 0.0000000000
8912  -5.506  -82.849  -5.072 0.0000000000
8913  -6.357  -82.939  -4.962 0.0000000000
9415  -5.626  -81.240  11.893 0.0000000000
9416  -6.189  -81.264  12.120 0.0000000000
9417  -7.104  -81.220  12.354 0.0000000000
9430  -4.886  -81.735  10.730 0.0000000000
9431  -5.709  -81.777  11.358 0.0000000000
9432  -6.999  -81.790  11.501 0.0000000000
9433  -8.123  -81.349  11.764 0.0000000000
9434  -9.175  -80.960  11.630 0.0000000000
9435  -9.717  -80.508  11.657 0.0000000000
9440  -4.692  -81.956  9.942 0.0000000000
9441  -5.580  -82.400  10.292 0.0000000000
9442  -6.870  -82.444  10.357 0.0000000000
9443  -7.999  -82.063  10.671 0.0000000000
9444  -9.111  -81.610  10.841 0.0000000000
9445  -10.261  -80.980  11.029 0.0000000000
9446  -11.048  -80.696  10.733 0.0000000000
9451  -4.495  -82.171  9.043 0.0000000000
9452  -5.208  -82.620  9.584 0.0000000000
9453  -7.350  -82.678  9.825 0.0000000000
9454  -7.874  -82.520  9.590 0.0000000000
9455  -8.897  -82.098  9.761 0.0000000000
9456  -10.050  -81.696  9.947 0.0000000000
9457  -11.341  -81.124  10.092 0.0000000000
9458  -11.995  -80.783  9.659 0.0000000000
9464  -4.263  -82.070  8.198 0.0000000000
9465  -8.055  -82.533  8.972 0.0000000000
9466  -8.649  -82.440  8.729 0.0000000000
9467  -9.729  -82.120  8.857 0.0000000000
9468  -10.930  -81.813  8.993 0.0000000000
9469  -12.063  -81.174  8.990 0.0000000000
9470  -12.589  -80.825  8.438 0.0000000000
9476  -3.448  -81.113  7.306 0.0000000000
9477  -3.940  -81.608  7.557 0.0000000000
9478  -8.863  -82.642  8.141 0.0000000000
9479  -9.478  -82.556  7.851 0.0000000000
9480  -10.564  -82.190  7.929 0.0000000000
9481  -11.694  -81.775  7.914 0.0000000000
9482  -12.418  -81.255  8.088 0.0000000000
9488  -3.027  -81.132  6.700 0.0000000000
9489  -3.609  -81.512  6.871 0.0000000000
9490  -9.742  -82.708  6.944 0.0000000000
9491  -10.272  -82.418  7.132 0.0000000000
9492  -11.258  -82.035  6.813 0.0000000000
9493  -11.714  -81.954  6.152 0.0000000000
9498  -9.677  -82.789  6.387 0.0000000000
9499  -10.275  -82.511  6.194 0.0000000000
9500  -11.095  -82.092  5.763 0.0000000000
9501  -11.946  -81.942  5.470 0.0000000000
9504  -10.510  -82.379  5.364 0.0000000000
9505  -11.129  -82.198  4.684 0.0000000000
9506  -12.158  -81.835  4.507 0.0000000000
9510  -11.740  -82.105  3.941 0.0000000000
9511  -12.363  -81.739  3.569 0.0000000000
9521  -12.013  -81.857  2.006 0.0000000000
9522  -12.423  -81.505  2.536 0.0000000000
9535  -11.265  -81.811  1.021 0.0000000000
9536  -11.896  -81.334  1.475 0.0000000000
9537  -12.484  -80.948  2.054 0.0000000000
9549  -11.325  -81.193  0.364 0.0000000000
9550  -11.675  -80.772  0.954 0.0000000000
9561  -4.583  -80.794  -0.886 0.0000000000
9562  -10.846  -81.204  -0.520 0.0000000000
9574  -4.664  -81.072  -1.521 0.0000000000
9575  -5.333  -80.683  -1.684 0.0000000000
9576  -8.149  -80.994  -1.933 0.0000000000
9577  -8.836  -81.071  -1.697 0.0000000000
9578  -9.637  -81.201  -1.414 0.0000000000
9579  -10.369  -81.473  -1.081 0.0000000000
9589  -4.438  -81.692  -2.506 0.0000000000
9590  -5.636  -81.081  -2.317 0.0000000000
9591  -6.687  -81.175  -2.502 0.0000000000
9592  -7.609  -81.221  -2.365 0.0000000000
9593  -8.548  -81.595  -2.326 0.0000000000
9594  -9.409  -81.720  -2.011 0.0000000000
9595  -10.033  -81.813  -1.687 0.0000000000
9600  -4.825  -81.996  -3.143 0.0000000000
9601  -5.430  -81.787  -3.071 0.0000000000
9602  -6.371  -81.724  -2.994 0.0000000000
9603  -7.284  -81.805  -2.867 0.0000000000
9604  -8.002  -81.821  -2.748 0.0000000000
10102  -6.740  -79.857  13.315 0.0000000000
10103  -7.093  -80.181  13.183 0.0000000000
10118  -4.828  -80.271  11.841 0.0000000000
10119  -5.365  -80.647  12.204 0.0000000000
10120  -6.440  -80.437  12.885 0.0000000000
10121  -7.718  -80.521  12.729 0.0000000000
10122  -8.594  -80.168  12.504 0.0000000000
10123  -9.148  -79.890  12.327 0.0000000000
10134  -4.755  -80.885  11.369 0.0000000000
10135  -5.311  -81.179  11.752 0.0000000000
10136  -8.570  -80.693  12.168 0.0000000000
10137  -9.140  -80.333  12.015 0.0000000000
10138  -9.791  -79.950  11.974 0.0000000000
10139  -10.556  -79.907  11.767 0.0000000000
10146  -4.354  -81.120  10.331 0.0000000000
10147  -10.276  -80.320  11.560 0.0000000000
10148  -11.090  -80.183  11.174 0.0000000000
10149  -11.750  -79.841  10.624 0.0000000000
10161  -4.220  -81.395  9.537 0.0000000000
10162  -11.520  -80.418  10.561 0.0000000000
10163  -12.186  -80.082  9.953 0.0000000000
10164  -12.475  -79.389  9.257 0.0000000000
10177  -3.958  -81.202  8.707 0.0000000000
10178  -12.247  -80.580  9.377 0.0000000000
10179  -12.656  -80.195  8.881 0.0000000000
10187  -3.532  -81.009  7.963 0.0000000000
10188  -12.344  -81.382  7.416 0.0000000000
10189  -12.980  -80.553  7.668 0.0000000000
10190  -13.475  -79.927  7.138 0.0000000000
10197  -11.965  -81.706  7.121 0.0000000000
10198  -12.453  -81.387  6.434 0.0000000000
10199  -13.359  -80.363  6.506 0.0000000000
10204  -12.719  -81.378  5.120 0.0000000000
10205  -13.346  -80.674  5.476 0.0000000000
10213  -6.532  -79.519  4.523 0.0000000000
10214  -12.771  -81.272  4.214 0.0000000000
10215  -13.229  -80.772  4.547 0.0000000000
10222  -5.848  -80.133  3.741 0.0000000000
10223  -6.710  -79.785  4.007 0.0000000000
10224  -12.917  -80.888  3.480 0.0000000000
10225  -13.040  -80.842  4.051 0.0000000000
10237  -5.710  -80.148  2.612 0.0000000000
10238  -6.407  -79.947  3.195 0.0000000000
10239  -12.803  -80.497  2.620 0.0000000000
10254  -5.188  -80.188  1.539 0.0000000000
10255  -5.783  -79.966  1.905 0.0000000000
10256  -12.010  -80.235  1.147 0.0000000000
10257  -12.479  -80.327  1.830 0.0000000000
10268  -4.425  -80.530  0.726 0.0000000000
10269  -5.239  -79.913  0.404 0.0000000000
10270  -11.294  -80.125  0.293 0.0000000000
10271  -11.599  -80.232  0.674 0.0000000000
10284  -4.651  -80.487  -0.283 0.0000000000
10285  -5.537  -79.888  -0.625 0.0000000000
10286  -6.549  -79.551  -0.890 0.0000000000
10287  -7.635  -79.483  -0.995 0.0000000000
10288  -8.632  -79.703  -0.866 0.0000000000
10289  -9.539  -79.931  -0.627 0.0000000000
10290  -10.663  -80.152  -0.318 0.0000000000
10301  -5.098  -80.474  -1.137 0.0000000000
10302  -6.041  -80.318  -1.610 0.0000000000
10303  -7.151  -80.142  -1.508 0.0000000000
10304  -8.180  -80.328  -1.479 0.0000000000
10305  -9.109  -80.522  -1.108 0.0000000000
10306  -9.971  -80.679  -0.890 0.0000000000
10307  -10.530  -80.856  -0.750 0.0000000000
10317  -6.308  -80.764  -2.164 0.0000000000
10318  -6.902  -80.689  -2.032 0.0000000000
10319  -7.606  -80.655  -1.888 0.0000000000
10895  -6.709  -79.528  13.439 0.0000000000
10896  -7.391  -79.776  13.331 0.0000000000
10897  -8.206  -79.654  13.285 0.0000000000
10913  -4.900  -79.772  12.172 0.0000000000
10914  -5.464  -79.738  12.729 0.0000000000
10915  -6.125  -79.470  13.226 0.0000000000
10916  -8.162  -79.951  12.955 0.0000000000
10917  -8.821  -79.690  12.847 0.0000000000
10918  -9.572  -79.580  12.530 0.0000000000
10926  -4.442  -79.805  11.523 0.0000000000
10927  -10.436  -79.479  12.247 0.0000000000
10928  -11.226  -79.517  11.655 0.0000000000
10938  -4.155  -80.146  10.664 0.0000000000
10939  -11.742  -79.383  10.944 0.0000000000
10940  -12.005  -79.180  10.286 0.0000000000
10952  -3.910  -80.624  9.761 0.0000000000
10953  -12.242  -78.992  9.674 0.0000000000
10954  -12.452  -78.766  9.113 0.0000000000
10967  -3.563  -80.796  9.315 0.0000000000
10968  -12.853  -79.014  8.590 0.0000000000
10969  -13.050  -78.588  8.081 0.0000000000
10973  -13.120  -79.777  8.280 0.0000000000
10974  -13.428  -79.200  7.672 0.0000000000
10981  -6.981  -78.174  5.752 0.0000000000
10982  -7.202  -77.802  5.682 0.0000000000
10983  -13.683  -79.416  6.556 0.0000000000
10991  -7.040  -78.964  5.633 0.0000000000
10992  -7.405  -78.308  5.231 0.0000000000
10993  -13.696  -79.809  5.702 0.0000000000
10999  -6.456  -79.404  4.774 0.0000000000
11000  -7.017  -79.222  4.772 0.0000000000
11001  -7.945  -78.682  4.347 0.0000000000
11002  -8.561  -78.594  3.781 0.0000000000
11003  -13.234  -79.338  3.980 0.0000000000
11004  -13.549  -79.664  4.517 0.0000000000
11009  -7.392  -79.253  3.928 0.0000000000
11010  -8.086  -79.050  3.479 0.0000000000
11011  -8.894  -78.780  3.139 0.0000000000
11012  -13.115  -79.704  3.461 0.0000000000
11013  -13.220  -80.385  3.987 0.0000000000
11019  -6.421  -79.797  2.667 0.0000000000
11020  -7.185  -79.472  2.918 0.0000000000
11021  -8.291  -78.993  2.511 0.0000000000
11022  -9.263  -78.701  2.287 0.0000000000
11023  -9.893  -78.678  1.966 0.0000000000
11024  -12.650  -79.521  2.477 0.0000000000
11037  -5.769  -79.766  1.612 0.0000000000
11038  -6.361  -79.536  1.914 0.0000000000
11039  -7.597  -78.845  1.625 0.0000000000
11040  -8.624  -78.593  1.578 0.0000000000
11041  -9.560  -78.675  1.419 0.0000000000
11042  -10.453  -78.851  1.429 0.0000000000
11043  -11.393  -79.343  1.134 0.0000000000
11044  -12.145  -79.420  1.721 0.0000000000
11053  -5.823  -79.484  1.068 0.0000000000
11054  -6.733  -78.981  0.850 0.0000000000
11055  -7.769  -78.563  0.606 0.0000000000
11056  -8.938  -78.566  0.533 0.0000000000
11057  -10.055  -78.949  0.641 0.0000000000
11058  -10.850  -79.445  0.532 0.0000000000
11059  -11.341  -79.761  0.620 0.0000000000
11073  -6.045  -79.223  0.052 0.0000000000
11074  -7.099  -78.902  -0.217 0.0000000000
11075  -8.214  -78.842  -0.388 0.0000000000
11076  -9.079  -79.172  -0.403 0.0000000000
11077  -9.855  -79.244  -0.133 0.0000000000
11078  -10.428  -79.382  0.132 0.0000000000
11629  -5.754  -78.710  13.429 0.0000000000
11630  -6.557  -79.130  13.602 0.0000000000
11631  -7.802  -79.364  13.787 0.0000000000
11632  -8.770  -79.383  13.436 0.0000000000
11648  -5.005  -79.294  12.488 0.0000000000
11649  -5.204  -78.822  12.939 0.0000000000
11650  -5.900  -78.995  13.325 0.0000000000
11651  -9.344  -79.413  13.017 0.0000000000
11652  -10.029  -79.249  12.874 0.0000000000
11662  -4.485  -78.963  12.089 0.0000000000
11663  -4.485  -78.285  12.462 0.0000000000
11664  -10.685  -79.054  12.646 0.0000000000
11665  -11.259  -79.075  12.161 0.0000000000
11677  -3.874  -78.926  10.977 0.0000000000
11678  -11.841  -78.765  11.270 0.0000000000
11679  -11.998  -78.754  10.565 0.0000000000
11688  -3.708  -79.834  10.279 0.0000000000
11689  -12.114  -78.295  10.535 0.0000000000
11690  -12.166  -78.328  9.978 0.0000000000
11691  -12.339  -78.394  9.362 0.0000000000
11701  -12.325  -77.917  9.319 0.0000000000
11702  -12.467  -78.129  8.684 0.0000000000
11703  -12.706  -78.296  8.217 0.0000000000
11709  -12.424  -77.878  8.092 0.0000000000
11710  -12.931  -78.016  7.626 0.0000000000
11718  -7.286  -77.464  6.130 0.0000000000
11719  -7.655  -77.518  5.586 0.0000000000
11720  -13.554  -78.383  6.723 0.0000000000
11727  -8.444  -77.820  4.748 0.0000000000
11728  -9.509  -77.534  4.321 0.0000000000
11729  -10.012  -77.375  4.141 0.0000000000
11730  -13.737  -78.755  5.536 0.0000000000
11736  -8.539  -78.280  4.137 0.0000000000
11737  -9.329  -78.187  3.709 0.0000000000
11738  -10.573  -77.781  3.698 0.0000000000
11739  -11.982  -77.983  3.371 0.0000000000
11740  -13.066  -78.652  3.902 0.0000000000
11741  -13.540  -78.691  4.646 0.0000000000
11749  -9.694  -78.653  2.828 0.0000000000
11750  -10.427  -78.397  3.028 0.0000000000
11751  -11.450  -78.299  2.990 0.0000000000
11752  -12.463  -78.765  3.072 0.0000000000
11759  -9.811  -78.725  2.359 0.0000000000
11760  -10.344  -78.638  2.222 0.0000000000
11761  -11.118  -78.536  2.392 0.0000000000
11762  -11.985  -78.783  2.398 0.0000000000
11774  -8.172  -78.548  1.284 0.0000000000
11775  -8.511  -78.472  1.090 0.0000000000
11776  -10.552  -78.740  1.832 0.0000000000
11777  -10.909  -78.737  1.779 0.0000000000
11778  -11.572  -78.838  1.833 0.0000000000
11788  -7.914  -78.521  1.123 0.0000000000
11789  -8.254  -78.462  0.917 0.0000000000
12384  -5.283  -78.241  13.379 0.0000000000
12385  -5.926  -78.377  13.835 0.0000000000
12386  -7.088  -78.718  14.264 0.0000000000
12387  -8.813  -78.832  14.131 0.0000000000
12388  -9.845  -78.312  14.132 0.0000000000
12402  -4.634  -77.922  12.931 0.0000000000
12403  -9.528  -79.153  13.389 0.0000000000
12404  -10.535  -78.651  13.242 0.0000000000
12405  -11.363  -78.247  12.810 0.0000000000
12414  -3.615  -77.558  11.452 0.0000000000
12415  -3.985  -77.999  11.866 0.0000000000
12416  -4.273  -77.887  12.435 0.0000000000
12417  -11.089  -78.807  12.598 0.0000000000
12418  -11.628  -78.439  12.163 0.0000000000
12427  -3.449  -78.126  11.018 0.0000000000
12428  -3.771  -78.067  11.231 0.0000000000
12429  -12.117  -77.884  10.846 0.0000000000
12430  -12.236  -77.394  10.420 0.0000000000
12443  -12.186  -77.959  10.247 0.0000000000
12444  -12.289  -77.548  9.830 0.0000000000
12457  -12.336  -77.423  8.732 0.0000000000
12458  -12.318  -77.663  8.283 0.0000000000
12468  -12.166  -76.957  8.429 0.0000000000
12469  -12.283  -77.212  7.888 0.0000000000
12470  -12.704  -77.375  7.355 0.0000000000
12479  -7.462  -76.881  6.663 0.0000000000
12480  -7.705  -76.932  6.203 0.0000000000
12481  -12.575  -76.915  7.157 0.0000000000
12482  -13.037  -77.439  6.759 0.0000000000
12487  -8.304  -77.068  5.555 0.0000000000
12488  -8.989  -77.120  5.045 0.0000000000
12489  -9.688  -76.981  4.606 0.0000000000
12490  -13.569  -77.692  5.953 0.0000000000
12496  -10.387  -76.990  4.076 0.0000000000
12497  -11.440  -77.073  3.629 0.0000000000
12498  -12.646  -77.343  3.792 0.0000000000
12499  -13.458  -77.674  4.799 0.0000000000
12505  -12.187  -76.665  3.565 0.0000000000
12506  -12.621  -76.562  3.854 0.0000000000
13084  -7.358  -77.000  15.360 0.0000000000
13085  -8.048  -76.822  15.557 0.0000000000
13086  -9.109  -76.397  15.691 0.0000000000
13087  -10.047  -75.742  15.507 0.0000000000
13088  -10.516  -75.156  15.200 0.0000000000
13104  -6.717  -77.194  15.041 0.0000000000
13105  -7.952  -77.429  15.143 0.0000000000
13106  -9.098  -77.238  15.133 0.0000000000
13107  -10.213  -76.717  15.044 0.0000000000
13108  -11.165  -75.796  14.833 0.0000000000
13109  -11.759  -75.606  14.416 0.0000000000
13122  -5.091  -77.475  13.624 0.0000000000
13123  -6.227  -77.828  14.447 0.0000000000
13124  -7.595  -78.090  14.818 0.0000000000
13125  -8.940  -77.969  14.695 0.0000000000
13126  -10.211  -77.654  14.391 0.0000000000
13127  -11.260  -76.941  14.193 0.0000000000
13128  -12.089  -76.053  13.978 0.0000000000
13129  -12.550  -75.630  13.547 0.0000000000
13143  -4.006  -76.979  12.590 0.0000000000
13144  -4.364  -77.356  12.980 0.0000000000
13145  -10.522  -78.150  13.820 0.0000000000
13146  -11.290  -77.817  13.317 0.0000000000
13147  -12.057  -76.983  13.089 0.0000000000
13148  -12.789  -76.110  12.801 0.0000000000
13149  -13.247  -75.857  12.139 0.0000000000
13158  -3.873  -77.172  12.000 0.0000000000
13159  -4.148  -77.500  12.444 0.0000000000
13160  -11.734  -77.969  12.441 0.0000000000
13161  -12.050  -77.519  12.232 0.0000000000
13162  -12.460  -76.931  11.888 0.0000000000
13163  -13.045  -76.341  11.608 0.0000000000
13172  -12.026  -77.817  11.705 0.0000000000
13173  -12.171  -77.331  11.057 0.0000000000
13174  -12.600  -76.827  10.766 0.0000000000
13175  -13.298  -76.213  10.569 0.0000000000
13176  -13.839  -75.873  10.171 0.0000000000
13190  -12.303  -77.130  10.094 0.0000000000
13191  -12.705  -76.618  9.698 0.0000000000
13192  -13.355  -76.034  9.459 0.0000000000
13193  -14.130  -75.766  9.651 0.0000000000
13210  -12.387  -76.894  9.018 0.0000000000
13211  -12.568  -76.119  8.651 0.0000000000
13212  -13.296  -75.845  8.619 0.0000000000
13229  -8.066  -76.007  6.788 0.0000000000
13230  -12.147  -76.586  8.268 0.0000000000
13231  -12.460  -76.143  7.539 0.0000000000
13241  -7.731  -76.509  6.674 0.0000000000
13242  -8.475  -76.350  6.204 0.0000000000
13243  -9.032  -76.037  6.069 0.0000000000
13244  -12.856  -76.474  6.393 0.0000000000
13245  -13.187  -77.156  6.180 0.0000000000
13248  -8.733  -76.743  5.559 0.0000000000
13249  -9.280  -76.401  5.465 0.0000000000
13250  -10.128  -76.308  4.745 0.0000000000
13251  -12.979  -76.338  5.360 0.0000000000
13252  -13.293  -77.004  5.630 0.0000000000
13258  -10.882  -76.213  4.080 0.0000000000
13259  -11.686  -76.114  3.689 0.0000000000
13260  -12.990  -76.501  4.444 0.0000000000
13261  -13.278  -76.849  5.043 0.0000000000
13267  -12.365  -76.046  3.708 0.0000000000
13268  -12.697  -76.156  3.987 0.0000000000
13803  -7.889  -75.115  16.234 0.0000000000
13804  -8.357  -74.827  16.171 0.0000000000
13820  -4.768  -75.597  14.836 0.0000000000
13821  -5.688  -75.858  15.188 0.0000000000
13822  -6.851  -76.331  15.562 0.0000000000
13823  -7.997  -75.993  16.024 0.0000000000
13824  -8.931  -75.244  16.003 0.0000000000
13825  -9.880  -74.846  15.561 0.0000000000
13826  -10.397  -74.565  15.180 0.0000000000
13842  -4.532  -75.931  14.160 0.0000000000
13843  -5.243  -76.135  14.452 0.0000000000
13844  -5.990  -76.474  14.909 0.0000000000
13845  -10.964  -74.740  14.871 0.0000000000
13846  -11.720  -74.936  14.475 0.0000000000
13847  -12.154  -74.515  14.209 0.0000000000
13863  -3.942  -76.023  13.613 0.0000000000
13864  -4.669  -76.503  13.733 0.0000000000
13865  -5.582  -76.910  14.406 0.0000000000
13866  -12.026  -75.472  14.285 0.0000000000
13867  -12.391  -75.111  14.046 0.0000000000
13884  -3.978  -76.486  12.880 0.0000000000
13885  -4.316  -76.934  13.203 0.0000000000
13886  -12.871  -75.042  13.314 0.0000000000
13887  -13.285  -75.188  12.486 0.0000000000
13897  -3.818  -76.699  12.277 0.0000000000
13898  -13.628  -75.461  11.540 0.0000000000
13899  -14.053  -75.081  10.995 0.0000000000
13911  -13.852  -75.628  10.750 0.0000000000
13912  -14.467  -75.286  10.307 0.0000000000
13913  -15.120  -74.918  9.791 0.0000000000
13933  -13.998  -75.735  8.933 0.0000000000
13934  -14.850  -75.476  9.287 0.0000000000
13935  -15.738  -74.951  9.179 0.0000000000
13936  -16.250  -74.597  8.775 0.0000000000
13956  -13.002  -75.700  7.979 0.0000000000
13957  -13.745  -75.585  8.183 0.0000000000
13958  -14.612  -75.552  8.383 0.0000000000
13959  -15.507  -75.410  8.481 0.0000000000
13960  -16.262  -75.080  8.464 0.0000000000
13976  -8.342  -75.344  7.134 0.0000000000
13977  -9.026  -74.987  7.077 0.0000000000
13978  -12.953  -75.530  7.409 0.0000000000
13979  -13.454  -75.331  7.470 0.0000000000
13980  -14.243  -75.371  7.703 0.0000000000
13981  -15.223  -75.381  7.632 0.0000000000
13982  -16.077  -75.362  7.768 0.0000000000
13992  -8.481  -75.824  6.719 0.0000000000
13993  -9.031  -75.531  6.573 0.0000000000
13994  -12.967  -75.397  6.774 0.0000000000
13995  -13.144  -75.259  7.179 0.0000000000
13996  -15.463  -75.242  7.272 0.0000000000
13997  -15.758  -75.244  7.288 0.0000000000
14004  -9.326  -75.723  5.901 0.0000000000
14005  -9.869  -75.573  5.374 0.0000000000
14006  -12.879  -75.512  5.749 0.0000000000
14013  -10.587  -75.388  4.689 0.0000000000
14014  -11.395  -75.342  4.164 0.0000000000
14015  -12.813  -75.710  4.916 0.0000000000
14022  -12.063  -75.398  3.854 0.0000000000
14023  -12.546  -75.559  4.228 0.0000000000
14623  -3.824  -74.530  16.166 0.0000000000
14624  -4.696  -74.463  16.052 0.0000000000
14625  -5.735  -74.467  16.003 0.0000000000
14626  -6.919  -74.587  16.136 0.0000000000
14627  -7.958  -74.351  16.228 0.0000000000
14628  -8.542  -74.072  16.081 0.0000000000
14638  -3.282  -74.860  15.582 0.0000000000
14639  -4.079  -75.110  15.404 0.0000000000
14640  -5.172  -75.154  15.587 0.0000000000
14641  -6.236  -75.331  15.795 0.0000000000
14642  -7.165  -75.495  16.014 0.0000000000
14643  -8.609  -74.553  16.088 0.0000000000
14644  -9.204  -74.233  15.862 0.0000000000
14645  -9.970  -74.052  15.383 0.0000000000
14654  -3.345  -75.255  14.874 0.0000000000
14655  -3.897  -75.634  14.447 0.0000000000
14656  -10.616  -73.959  14.989 0.0000000000
14657  -11.271  -73.951  14.531 0.0000000000
14658  -11.878  -74.148  14.288 0.0000000000
14670  -3.328  -75.650  14.278 0.0000000000
14671  -3.576  -75.875  14.016 0.0000000000
14672  -11.684  -73.600  14.121 0.0000000000
14673  -12.366  -73.886  13.735 0.0000000000
14688  -13.049  -74.127  12.804 0.0000000000
14689  -13.490  -74.338  11.968 0.0000000000
14700  -13.853  -74.441  11.305 0.0000000000
14701  -14.250  -74.446  10.764 0.0000000000
14715  -14.811  -74.339  10.230 0.0000000000
14716  -15.464  -74.262  9.656 0.0000000000
14734  -16.012  -74.187  9.097 0.0000000000
14735  -16.431  -74.140  8.674 0.0000000000
14757  -16.671  -74.517  8.378 0.0000000000
14758  -17.070  -74.375  7.970 0.0000000000
14776  -8.813  -74.349  7.274 0.0000000000
14777  -13.552  -75.174  7.190 0.0000000000
14778  -13.901  -75.143  7.217 0.0000000000
14779  -14.600  -75.155  7.250 0.0000000000
14780  -16.759  -74.925  7.834 0.0000000000
14781  -17.183  -74.470  7.348 0.0000000000
14792  -9.266  -74.424  6.623 0.0000000000
14793  -9.544  -74.114  5.891 0.0000000000
14794  -13.088  -74.934  6.630 0.0000000000
14795  -13.447  -74.976  6.873 0.0000000000
14796  -14.324  -74.785  6.806 0.0000000000
14797  -15.350  -74.982  6.905 0.0000000000
14798  -16.494  -74.933  6.905 0.0000000000
14799  -17.265  -74.326  6.562 0.0000000000
14810  -9.528  -74.978  5.956 0.0000000000
14811  -10.138  -74.426  5.240 0.0000000000
14812  -13.073  -74.598  6.112 0.0000000000
14813  -13.919  -74.310  6.241 0.0000000000
14814  -14.891  -74.328  6.167 0.0000000000
14815  -15.958  -74.534  5.975 0.0000000000
14816  -16.928  -74.425  5.914 0.0000000000
14817  -17.336  -74.094  6.020 0.0000000000
14824  -11.038  -74.399  4.576 0.0000000000
14825  -12.001  -74.517  4.200 0.0000000000
14826  -12.630  -74.736  4.937 0.0000000000
14833  -12.250  -75.102  4.112 0.0000000000
14834  -12.364  -74.964  4.320 0.0000000000
15510  -3.569  -74.026  16.758 0.0000000000
15511  -4.285  -73.684  16.431 0.0000000000
15512  -5.204  -73.667  16.108 0.0000000000
15513  -6.262  -73.639  16.060 0.0000000000
15514  -7.248  -73.702  16.154 0.0000000000
15515  -8.088  -73.612  16.062 0.0000000000
15516  -8.755  -73.636  15.867 0.0000000000
15526  -6.759  -73.135  15.940 0.0000000000
15527  -7.488  -73.025  15.848 0.0000000000
15528  -8.428  -73.080  15.658 0.0000000000
15529  -9.393  -73.291  15.441 0.0000000000
15530  -10.171  -73.415  15.150 0.0000000000
15537  -9.983  -72.837  15.072 0.0000000000
15538  -10.665  -73.037  14.662 0.0000000000
15539  -11.273  -73.227  14.231 0.0000000000
15546  -11.053  -72.691  14.115 0.0000000000
15547  -11.560  -72.949  13.705 0.0000000000
15548  -12.036  -73.110  13.369 0.0000000000
15561  -11.825  -72.694  13.230 0.0000000000
15562  -12.452  -73.017  12.823 0.0000000000
15563  -13.115  -73.516  12.160 0.0000000000
15578  -12.926  -72.808  11.922 0.0000000000
15579  -13.566  -73.389  11.324 0.0000000000
15580  -13.932  -73.958  10.961 0.0000000000
15598  -13.867  -72.942  10.783 0.0000000000
15599  -14.254  -73.493  10.537 0.0000000000
15600  -15.017  -73.511  9.862 0.0000000000
15624  -15.670  -73.509  9.292 0.0000000000
15625  -16.201  -73.563  8.719 0.0000000000
15646  -16.835  -73.778  8.261 0.0000000000
15647  -17.263  -73.939  7.708 0.0000000000
15663  -17.378  -73.767  7.064 0.0000000000
15673  -9.161  -73.300  6.819 0.0000000000
15674  -9.442  -73.579  6.242 0.0000000000
15675  -17.458  -73.638  6.287 0.0000000000
15684  -9.595  -72.913  6.184 0.0000000000
15685  -9.956  -73.246  5.631 0.0000000000
15686  -12.928  -73.798  5.412 0.0000000000
15687  -13.523  -73.603  5.750 0.0000000000
15688  -14.414  -73.549  5.715 0.0000000000
15689  -15.473  -73.657  5.428 0.0000000000
15690  -16.522  -73.887  5.194 0.0000000000
15691  -17.296  -73.676  5.504 0.0000000000
15697  -10.706  -73.380  4.964 0.0000000000
15698  -11.499  -73.504  4.638 0.0000000000
15699  -12.369  -73.455  4.818 0.0000000000
15700  -16.040  -73.332  4.981 0.0000000000
15701  -16.505  -73.310  4.626 0.0000000000
16363  -3.199  -71.885  17.301 0.0000000000
16364  -3.661  -72.588  16.665 0.0000000000
16365  -4.665  -72.903  16.094 0.0000000000
16366  -5.673  -72.968  15.944 0.0000000000
16367  -6.298  -73.005  15.929 0.0000000000
16383  -3.703  -71.921  16.121 0.0000000000
16384  -4.237  -72.165  15.945 0.0000000000
16385  -5.144  -72.356  15.656 0.0000000000
16386  -6.468  -72.394  15.478 0.0000000000
16387  -7.858  -72.462  15.382 0.0000000000
16388  -8.924  -72.561  15.219 0.0000000000
16389  -9.546  -72.659  15.115 0.0000000000
16396  -6.677  -71.881  14.872 0.0000000000
16397  -7.365  -71.927  14.965 0.0000000000
16398  -8.463  -71.906  15.006 0.0000000000
16399  -9.824  -72.083  14.633 0.0000000000
16400  -10.650  -72.404  14.281 0.0000000000
16407  -10.199  -71.593  14.014 0.0000000000
16408  -10.874  -72.017  13.667 0.0000000000
16409  -11.470  -72.429  13.359 0.0000000000
16418  -11.098  -71.672  13.052 0.0000000000
16419  -11.624  -72.132  12.909 0.0000000000
16420  -12.395  -72.185  12.273 0.0000000000
16431  -12.810  -72.183  11.683 0.0000000000
16432  -13.194  -72.551  11.406 0.0000000000
16451  -13.578  -72.458  10.944 0.0000000000
16452  -14.073  -72.452  10.341 0.0000000000
16453  -14.588  -72.863  9.939 0.0000000000
16480  -14.594  -72.209  9.813 0.0000000000
16481  -15.254  -72.566  9.368 0.0000000000
16482  -15.847  -72.955  8.831 0.0000000000
16500  -15.780  -72.334  8.681 0.0000000000
16501  -16.409  -72.720  8.206 0.0000000000
16502  -17.071  -73.233  7.608 0.0000000000
16519  -8.397  -72.056  7.687 0.0000000000
16520  -8.859  -72.352  7.192 0.0000000000
16521  -16.933  -72.344  7.486 0.0000000000
16522  -17.359  -72.840  6.811 0.0000000000
16532  -9.763  -72.171  6.329 0.0000000000
16533  -10.437  -71.665  6.021 0.0000000000
16534  -17.571  -72.879  5.878 0.0000000000
16542  -10.000  -72.553  5.888 0.0000000000
16543  -10.855  -72.260  5.542 0.0000000000
16544  -12.071  -72.155  5.291 0.0000000000
16545  -12.915  -72.710  5.422 0.0000000000
16546  -13.882  -72.731  5.502 0.0000000000
16547  -14.839  -72.748  5.051 0.0000000000
16548  -15.584  -73.129  5.008 0.0000000000
16549  -17.114  -73.403  4.663 0.0000000000
16550  -17.516  -72.869  4.979 0.0000000000
16555  -11.181  -72.881  4.933 0.0000000000
16556  -11.730  -72.715  4.937 0.0000000000
16557  -12.320  -72.682  5.067 0.0000000000
16558  -15.022  -72.378  4.150 0.0000000000
16559  -15.835  -72.958  4.360 0.0000000000
16560  -16.842  -72.868  4.013 0.0000000000
16561  -17.335  -72.880  4.394 0.0000000000
16568  -15.181  -72.162  3.663 0.0000000000
16569  -15.711  -72.463  3.661 0.0000000000
16570  -16.273  -72.664  3.779 0.0000000000
17214  -2.916  -71.242  16.822 0.0000000000
17215  -3.253  -71.749  16.746 0.0000000000
17236  -2.902  -71.102  16.402 0.0000000000
17237  -3.190  -71.434  16.166 0.0000000000
17238  -3.754  -71.620  15.649 0.0000000000
17239  -4.504  -71.781  15.326 0.0000000000
17240  -5.376  -71.905  15.147 0.0000000000
17252  -3.227  -71.200  15.387 0.0000000000
17253  -3.831  -71.214  15.016 0.0000000000
17254  -4.824  -71.273  14.713 0.0000000000
17255  -5.990  -71.574  14.710 0.0000000000
17256  -6.901  -71.418  14.606 0.0000000000
17257  -7.864  -71.336  14.698 0.0000000000
17258  -8.851  -71.374  14.634 0.0000000000
17267  -5.435  -70.993  14.254 0.0000000000
17268  -6.267  -70.928  14.169 0.0000000000
17269  -7.272  -70.749  14.352 0.0000000000
17270  -8.368  -70.743  14.350 0.0000000000
17271  -9.563  -71.035  14.068 0.0000000000
17272  -10.298  -71.342  13.648 0.0000000000
17284  -10.086  -70.886  13.485 0.0000000000
17285  -10.651  -71.173  13.126 0.0000000000
17286  -11.298  -71.296  12.652 0.0000000000
17287  -11.943  -71.621  12.424 0.0000000000
17297  -11.848  -71.119  12.252 0.0000000000
17298  -12.452  -71.415  11.747 0.0000000000
17299  -13.105  -71.894  11.214 0.0000000000
17318  -13.001  -71.099  11.047 0.0000000000
17319  -13.590  -71.578  10.562 0.0000000000
17320  -14.225  -71.582  9.945 0.0000000000
17345  -14.846  -71.607  9.409 0.0000000000
17346  -15.413  -71.672  8.819 0.0000000000
17361  -16.007  -71.724  8.268 0.0000000000
17362  -16.537  -71.783  7.796 0.0000000000
17379  -8.451  -71.608  7.678 0.0000000000
17380  -8.809  -71.641  7.347 0.0000000000
17381  -16.878  -71.664  7.440 0.0000000000
17382  -17.241  -71.836  6.987 0.0000000000
17395  -9.396  -71.526  6.820 0.0000000000
17396  -10.157  -71.325  6.289 0.0000000000
17397  -17.579  -72.114  6.337 0.0000000000
17406  -10.936  -71.310  5.949 0.0000000000
17407  -11.735  -71.455  5.584 0.0000000000
17408  -12.684  -71.604  5.393 0.0000000000
17409  -13.431  -71.952  5.378 0.0000000000
17410  -14.044  -72.088  5.208 0.0000000000
17411  -17.777  -71.937  5.474 0.0000000000
17412  -17.968  -71.304  4.923 0.0000000000
17416  -13.227  -71.413  5.356 0.0000000000
17417  -13.639  -71.476  5.123 0.0000000000
17418  -14.260  -71.818  4.587 0.0000000000
17419  -17.114  -72.475  3.720 0.0000000000
17420  -17.539  -72.133  4.186 0.0000000000
17421  -17.954  -70.909  4.244 0.0000000000
17427  -14.658  -71.769  3.698 0.0000000000
17428  -15.438  -71.947  3.233 0.0000000000
17429  -16.624  -72.140  3.292 0.0000000000
17430  -17.558  -71.172  3.311 0.0000000000
17431  -17.916  -70.403  3.710 0.0000000000
17439  -14.872  -71.424  2.979 0.0000000000
17440  -15.733  -71.366  2.514 0.0000000000
17441  -16.878  -71.161  2.464 0.0000000000
17442  -17.427  -70.645  2.708 0.0000000000
17451  -16.259  -70.867  2.002 0.0000000000
17452  -16.781  -70.562  2.021 0.0000000000
18080  -2.901  -70.611  16.255 0.0000000000
18081  -2.929  -70.818  15.579 0.0000000000
18098  -2.794  -70.183  15.396 0.0000000000
18099  -2.977  -70.596  14.742 0.0000000000
18100  -3.993  -70.584  14.555 0.0000000000
18101  -4.756  -70.652  14.233 0.0000000000
18112  -3.360  -70.216  14.160 0.0000000000
18113  -4.176  -70.106  13.916 0.0000000000
18114  -5.389  -70.266  13.804 0.0000000000
18115  -6.597  -70.123  13.911 0.0000000000
18116  -7.718  -70.107  13.924 0.0000000000
18117  -8.802  -70.191  13.851 0.0000000000
18118  -9.635  -70.359  13.541 0.0000000000
18129  -10.189  -70.371  13.102 0.0000000000
18130  -10.778  -70.333  12.510 0.0000000000
18131  -11.430  -70.725  12.280 0.0000000000
18148  -11.327  -70.217  12.014 0.0000000000
18149  -11.930  -70.586  11.814 0.0000000000
18150  -12.424  -70.597  11.289 0.0000000000
18170  -12.843  -70.424  10.852 0.0000000000
18171  -13.315  -70.690  10.499 0.0000000000
18172  -13.852  -70.805  10.049 0.0000000000
18185  -14.505  -70.820  9.561 0.0000000000
18186  -15.033  -70.898  8.961 0.0000000000
18193  -7.934  -71.124  8.050 0.0000000000
18194  -7.989  -71.331  8.058 0.0000000000
18195  -15.666  -70.902  8.475 0.0000000000
18196  -16.424  -70.901  7.915 0.0000000000
18197  -16.959  -70.498  7.726 0.0000000000
18207  -7.643  -70.737  7.867 0.0000000000
18208  -8.321  -71.118  7.782 0.0000000000
18209  -8.666  -71.335  7.485 0.0000000000
18210  -16.717  -71.336  7.625 0.0000000000
18211  -17.030  -71.036  7.359 0.0000000000
18222  -7.321  -69.978  7.388 0.0000000000
18223  -8.148  -70.245  7.173 0.0000000000
18224  -9.022  -70.871  7.128 0.0000000000
18225  -9.787  -70.908  6.591 0.0000000000
18226  -17.661  -71.058  6.493 0.0000000000
18227  -17.971  -70.394  5.990 0.0000000000
18236  -8.761  -70.064  6.613 0.0000000000
18237  -9.478  -70.288  6.285 0.0000000000
18238  -10.512  -70.595  5.944 0.0000000000
18239  -11.489  -70.840  5.692 0.0000000000
18240  -12.228  -70.990  5.542 0.0000000000
18241  -17.946  -71.013  5.622 0.0000000000
18242  -18.087  -70.321  5.179 0.0000000000
18251  -11.234  -70.371  5.393 0.0000000000
18252  -11.960  -70.523  5.195 0.0000000000
18253  -12.930  -70.871  5.053 0.0000000000
18254  -13.672  -71.100  4.560 0.0000000000
18255  -14.078  -71.298  4.034 0.0000000000
18256  -18.095  -69.907  4.339 0.0000000000
18267  -13.185  -70.734  4.311 0.0000000000
18268  -13.604  -70.804  3.765 0.0000000000
18269  -14.211  -71.141  3.307 0.0000000000
18270  -17.751  -70.251  3.125 0.0000000000
18271  -18.060  -69.678  3.605 0.0000000000
18280  -13.799  -70.644  3.015 0.0000000000
18281  -14.611  -70.636  2.404 0.0000000000
18282  -15.589  -70.657  1.941 0.0000000000
18283  -17.184  -70.490  2.303 0.0000000000
18284  -17.547  -69.972  2.515 0.0000000000
18293  -15.291  -69.928  1.702 0.0000000000
18294  -16.277  -70.115  1.689 0.0000000000
18295  -17.153  -69.967  1.942 0.0000000000
18296  -17.488  -69.625  2.211 0.0000000000
18958  -2.772  -69.577  15.785 0.0000000000
18973  -2.668  -69.360  14.628 0.0000000000
18974  -2.838  -70.015  14.186 0.0000000000
18987  -2.614  -69.037  13.888 0.0000000000
18988  -3.171  -69.543  13.673 0.0000000000
18989  -4.547  -69.308  13.180 0.0000000000
18990  -5.925  -69.582  13.197 0.0000000000
18991  -7.070  -69.476  13.399 0.0000000000
18992  -8.158  -69.586  13.358 0.0000000000
18993  -9.192  -69.684  13.326 0.0000000000
18994  -9.787  -69.940  13.196 0.0000000000
19016  -4.765  -68.734  12.638 0.0000000000
19017  -5.435  -68.939  12.611 0.0000000000
19018  -6.485  -69.002  12.676 0.0000000000
19019  -7.556  -68.971  12.785 0.0000000000
19020  -8.652  -69.031  12.824 0.0000000000
19021  -9.934  -69.403  12.556 0.0000000000
19022  -10.540  -69.762  12.348 0.0000000000
19043  -10.250  -68.951  11.859 0.0000000000
19044  -10.843  -69.492  11.858 0.0000000000
19045  -11.659  -69.932  11.519 0.0000000000
19046  -12.074  -70.236  11.370 0.0000000000
19060  -10.946  -68.997  11.215 0.0000000000
19061  -11.469  -69.251  11.123 0.0000000000
19062  -12.306  -69.762  10.888 0.0000000000
19063  -13.005  -70.001  10.415 0.0000000000
19064  -13.484  -70.192  10.095 0.0000000000
19075  -12.729  -69.447  10.267 0.0000000000
19076  -13.267  -69.505  9.903 0.0000000000
19077  -14.045  -69.924  9.637 0.0000000000
19078  -14.773  -70.154  9.214 0.0000000000
19088  -15.343  -70.152  8.856 0.0000000000
19089  -16.029  -70.045  8.473 0.0000000000
19090  -16.799  -69.969  8.116 0.0000000000
19101  -17.421  -69.993  7.385 0.0000000000
19102  -17.968  -69.406  6.921 0.0000000000
19112  -6.836  -69.326  7.186 0.0000000000
19113  -7.489  -69.355  6.698 0.0000000000
19114  -8.217  -69.614  6.471 0.0000000000
19115  -17.856  -70.074  6.574 0.0000000000
19116  -18.196  -69.471  6.065 0.0000000000
19125  -7.907  -69.021  6.065 0.0000000000
19126  -8.686  -69.438  5.714 0.0000000000
19127  -9.815  -69.851  5.380 0.0000000000
19128  -10.670  -70.032  5.210 0.0000000000
19129  -18.368  -69.216  5.091 0.0000000000
19138  -9.197  -69.102  4.534 0.0000000000
19139  -10.233  -69.616  4.425 0.0000000000
19140  -11.322  -69.960  4.563 0.0000000000
19141  -12.337  -70.261  4.474 0.0000000000
19142  -12.829  -70.542  4.399 0.0000000000
19143  -18.378  -68.936  4.198 0.0000000000
19154  -9.273  -68.638  3.892 0.0000000000
19155  -9.803  -68.916  3.758 0.0000000000
19156  -10.824  -69.124  3.433 0.0000000000
19157  -11.951  -69.599  3.689 0.0000000000
19158  -12.907  -70.206  3.672 0.0000000000
19159  -13.399  -70.425  3.239 0.0000000000
19160  -17.984  -69.552  2.940 0.0000000000
19161  -18.320  -68.993  3.311 0.0000000000
19173  -11.147  -68.557  2.910 0.0000000000
19174  -11.704  -68.816  2.991 0.0000000000
19175  -12.569  -69.257  2.935 0.0000000000
19176  -13.524  -69.846  2.613 0.0000000000
19177  -14.443  -69.532  1.895 0.0000000000
19178  -17.837  -69.166  2.393 0.0000000000
19179  -18.178  -69.061  2.792 0.0000000000
19191  -15.150  -69.127  1.594 0.0000000000
19192  -15.947  -69.263  1.476 0.0000000000
19193  -16.859  -69.302  1.654 0.0000000000
19194  -17.398  -69.323  2.012 0.0000000000
19887  -2.707  -68.450  15.332 0.0000000000
19905  -2.576  -68.467  14.668 0.0000000000
19917  -2.563  -68.387  14.050 0.0000000000
19918  -2.837  -68.684  13.441 0.0000000000
19919  -3.511  -68.835  13.118 0.0000000000
19942  -2.744  -68.035  13.422 0.0000000000
19943  -3.130  -68.182  12.885 0.0000000000
19944  -4.120  -68.342  12.672 0.0000000000
19945  -4.971  -68.328  12.121 0.0000000000
19946  -5.935  -68.500  12.041 0.0000000000
19947  -6.957  -68.443  12.099 0.0000000000
19948  -8.006  -68.535  12.103 0.0000000000
19949  -8.973  -68.579  12.182 0.0000000000
19971  -5.480  -68.048  11.533 0.0000000000
19972  -6.306  -68.062  11.368 0.0000000000
19973  -7.409  -68.108  11.251 0.0000000000
19974  -8.487  -68.241  11.388 0.0000000000
19975  -9.596  -68.459  11.517 0.0000000000
19976  -10.444  -68.729  11.246 0.0000000000
19992  -8.004  -68.022  10.567 0.0000000000
19993  -8.934  -68.056  10.620 0.0000000000
19994  -9.908  -68.132  10.311 0.0000000000
19995  -11.011  -68.596  10.560 0.0000000000
19996  -11.949  -68.917  10.477 0.0000000000
19997  -12.411  -69.215  10.361 0.0000000000
20007  -10.066  -67.878  9.519 0.0000000000
20008  -10.717  -68.035  9.657 0.0000000000
20009  -11.684  -68.230  9.789 0.0000000000
20010  -12.650  -68.752  9.795 0.0000000000
20011  -13.677  -68.729  9.226 0.0000000000
20012  -14.600  -69.331  9.167 0.0000000000
20013  -15.034  -69.697  9.014 0.0000000000
20023  -13.930  -68.124  8.701 0.0000000000
20024  -14.534  -68.437  8.824 0.0000000000
20025  -15.446  -69.095  8.842 0.0000000000
20026  -16.398  -69.157  8.497 0.0000000000
20027  -17.143  -69.035  8.176 0.0000000000
20036  -17.694  -68.742  7.545 0.0000000000
20037  -18.241  -68.532  6.808 0.0000000000
20046  -6.679  -68.379  6.534 0.0000000000
20047  -7.409  -68.739  6.244 0.0000000000
20048  -18.789  -68.239  5.880 0.0000000000
20049  -19.356  -67.647  5.793 0.0000000000
20060  -6.925  -67.880  5.859 0.0000000000
20061  -7.501  -68.260  5.635 0.0000000000
20062  -8.076  -68.776  5.591 0.0000000000
20063  -18.853  -68.451  4.893 0.0000000000
20064  -19.401  -67.836  5.282 0.0000000000
20071  -7.759  -68.033  5.172 0.0000000000
20072  -8.212  -68.374  4.958 0.0000000000
20073  -18.790  -68.365  4.341 0.0000000000
20074  -19.267  -67.921  4.496 0.0000000000
20082  -8.805  -68.235  4.027 0.0000000000
20083  -9.444  -68.143  3.422 0.0000000000
20084  -10.118  -68.466  3.228 0.0000000000
20085  -18.769  -68.186  3.733 0.0000000000
20086  -19.571  -67.301  3.878 0.0000000000
20096  -9.983  -67.886  2.942 0.0000000000
20097  -10.673  -68.130  2.780 0.0000000000
20098  -11.461  -68.102  2.578 0.0000000000
20099  -12.293  -68.299  2.428 0.0000000000
20100  -13.060  -68.816  2.211 0.0000000000
20101  -13.801  -69.001  1.955 0.0000000000
20102  -17.983  -68.711  2.267 0.0000000000
20103  -18.321  -68.377  2.665 0.0000000000
20112  -12.866  -68.084  1.942 0.0000000000
20113  -13.564  -68.216  1.732 0.0000000000
20114  -14.533  -68.486  1.574 0.0000000000
20115  -15.559  -68.465  1.313 0.0000000000
20116  -16.569  -68.513  1.352 0.0000000000
20117  -17.614  -68.494  1.912 0.0000000000
20118  -18.220  -67.794  2.137 0.0000000000
20800  -2.781  -67.953  15.082 0.0000000000
20814  -2.767  -67.787  14.618 0.0000000000
20828  -2.723  -67.533  13.746 0.0000000000
20848  -2.838  -67.498  13.025 0.0000000000
20849  -3.540  -67.461  12.483 0.0000000000
20850  -4.346  -67.710  12.081 0.0000000000
20851  -4.925  -67.729  11.613 0.0000000000
20871  -4.062  -67.201  12.060 0.0000000000
20872  -4.583  -67.177  11.636 0.0000000000
20873  -5.470  -67.264  10.932 0.0000000000
20874  -6.698  -67.636  10.642 0.0000000000
20875  -7.379  -67.841  10.584 0.0000000000
20890  -5.700  -66.606  10.452 0.0000000000
20891  -6.301  -66.857  9.920 0.0000000000
20892  -7.419  -67.542  9.899 0.0000000000
20893  -8.478  -67.815  9.859 0.0000000000
20894  -9.151  -67.926  9.995 0.0000000000
20906  -6.592  -66.476  9.342 0.0000000000
20907  -7.100  -66.817  8.939 0.0000000000
20908  -8.118  -67.440  8.963 0.0000000000
20909  -9.311  -67.693  9.211 0.0000000000
20910  -10.329  -67.615  8.887 0.0000000000
20911  -11.322  -67.635  8.888 0.0000000000
20912  -12.347  -67.879  9.035 0.0000000000
20913  -12.991  -68.258  9.122 0.0000000000
20924  -7.486  -66.453  8.503 0.0000000000
20925  -7.939  -66.763  8.163 0.0000000000
20926  -8.796  -67.196  8.193 0.0000000000
20927  -9.770  -67.303  8.115 0.0000000000
20928  -10.800  -67.342  7.874 0.0000000000
20929  -12.016  -67.198  7.864 0.0000000000
20930  -13.239  -67.701  8.417 0.0000000000
20931  -14.249  -67.692  8.277 0.0000000000
20932  -15.163  -67.914  8.409 0.0000000000
20933  -16.068  -68.264  8.392 0.0000000000
20934  -16.665  -68.534  8.343 0.0000000000
20946  -8.384  -66.513  7.861 0.0000000000
20947  -8.613  -66.750  7.768 0.0000000000
20948  -9.317  -66.870  7.505 0.0000000000
20949  -10.235  -66.989  7.304 0.0000000000
20950  -12.263  -67.190  7.230 0.0000000000
20951  -12.760  -67.223  7.296 0.0000000000
20952  -13.766  -67.244  7.417 0.0000000000
20953  -14.762  -67.167  7.634 0.0000000000
20954  -15.752  -67.356  7.859 0.0000000000
20955  -16.919  -67.780  7.997 0.0000000000
20956  -17.872  -67.649  7.368 0.0000000000
20968  -6.092  -67.636  6.425 0.0000000000
20969  -18.625  -67.514  6.786 0.0000000000
20970  -19.394  -67.231  6.284 0.0000000000
20971  -20.033  -66.784  6.088 0.0000000000
20983  -5.762  -67.062  6.169 0.0000000000
20984  -6.419  -67.317  5.764 0.0000000000
20985  -7.041  -67.607  5.458 0.0000000000
20986  -19.844  -67.310  5.685 0.0000000000
20987  -20.317  -66.731  5.515 0.0000000000
20997  -6.858  -67.045  5.176 0.0000000000
20998  -7.556  -67.457  4.919 0.0000000000
20999  -8.269  -67.521  4.216 0.0000000000
21000  -20.037  -67.188  4.812 0.0000000000
21008  -8.851  -67.327  3.517 0.0000000000
21009  -9.590  -67.291  2.996 0.0000000000
21010  -18.975  -67.490  3.162 0.0000000000
21021  -10.276  -67.276  2.551 0.0000000000
21022  -11.114  -67.307  2.235 0.0000000000
21023  -11.893  -67.541  2.185 0.0000000000
21024  -12.481  -67.654  1.993 0.0000000000
21025  -18.706  -67.276  2.455 0.0000000000
21026  -19.134  -67.090  2.844 0.0000000000
21036  -11.717  -66.940  1.968 0.0000000000
21037  -12.309  -67.044  1.797 0.0000000000
21038  -13.100  -67.346  1.614 0.0000000000
21039  -14.112  -67.466  1.385 0.0000000000
21040  -15.111  -67.580  1.211 0.0000000000
21041  -16.126  -67.673  1.001 0.0000000000
21042  -17.135  -67.623  1.297 0.0000000000
21043  -17.935  -67.416  1.775 0.0000000000
21044  -18.368  -67.276  2.073 0.0000000000
21786  -3.050  -66.907  14.039 0.0000000000
21800  -2.914  -66.862  13.246 0.0000000000
21801  -3.690  -66.550  13.289 0.0000000000
21823  -2.988  -67.043  12.730 0.0000000000
21824  -3.443  -66.665  12.628 0.0000000000
21825  -3.825  -66.627  12.303 0.0000000000
21845  -3.750  -67.193  12.031 0.0000000000
21846  -4.148  -66.668  11.947 0.0000000000
21847  -4.785  -66.499  11.397 0.0000000000
21867  -5.305  -66.259  10.789 0.0000000000
21868  -5.870  -66.082  10.245 0.0000000000
21884  -6.341  -65.996  9.544 0.0000000000
21885  -6.681  -66.236  9.018 0.0000000000
21896  -6.719  -65.787  9.058 0.0000000000
21897  -7.170  -66.006  8.608 0.0000000000
21898  -7.659  -66.234  8.288 0.0000000000
21899  -10.773  -67.137  7.185 0.0000000000
21900  -11.284  -67.153  7.186 0.0000000000
21914  -7.695  -65.859  8.311 0.0000000000
21915  -8.093  -66.100  7.985 0.0000000000
21916  -8.911  -66.247  7.651 0.0000000000
21917  -10.138  -66.241  7.087 0.0000000000
21918  -10.965  -66.774  6.712 0.0000000000
21919  -12.061  -67.020  6.630 0.0000000000
21920  -13.243  -67.068  6.343 0.0000000000
21921  -14.348  -67.038  6.529 0.0000000000
21922  -15.329  -66.884  6.854 0.0000000000
21923  -16.261  -66.719  7.263 0.0000000000
21924  -17.302  -66.627  7.303 0.0000000000
21925  -18.159  -66.720  7.094 0.0000000000
21938  -11.113  -66.201  6.594 0.0000000000
21939  -11.806  -66.310  6.090 0.0000000000
21940  -12.663  -66.669  5.103 0.0000000000
21941  -13.970  -66.982  5.374 0.0000000000
21942  -15.058  -66.946  5.717 0.0000000000
21943  -15.966  -66.628  6.116 0.0000000000
21944  -16.722  -66.182  6.520 0.0000000000
21945  -17.176  -66.090  6.882 0.0000000000
21946  -18.925  -66.529  6.700 0.0000000000
21947  -19.719  -66.284  6.389 0.0000000000
21948  -20.391  -66.119  5.979 0.0000000000
21961  -5.667  -66.112  5.423 0.0000000000
21962  -6.439  -66.667  5.216 0.0000000000
21963  -13.100  -66.245  4.055 0.0000000000
21964  -13.804  -66.613  4.345 0.0000000000
21965  -14.830  -66.818  4.638 0.0000000000
21966  -15.856  -66.809  5.021 0.0000000000
21967  -16.679  -66.263  5.420 0.0000000000
21968  -17.073  -66.175  4.979 0.0000000000
21969  -20.744  -66.115  5.248 0.0000000000
21970  -20.962  -66.037  4.603 0.0000000000
21982  -6.154  -65.603  4.780 0.0000000000
21983  -6.838  -66.145  4.522 0.0000000000
21984  -7.884  -66.696  4.115 0.0000000000
21985  -8.366  -66.971  3.793 0.0000000000
21986  -13.382  -65.887  3.816 0.0000000000
21987  -13.791  -66.080  3.683 0.0000000000
21988  -14.649  -66.274  3.789 0.0000000000
21989  -15.639  -66.401  4.105 0.0000000000
21990  -16.488  -66.342  4.540 0.0000000000
21991  -16.902  -66.234  4.797 0.0000000000
22002  -7.161  -65.567  3.843 0.0000000000
22003  -7.636  -65.858  3.698 0.0000000000
22004  -8.486  -66.301  3.323 0.0000000000
22005  -9.201  -66.675  3.055 0.0000000000
22006  -19.658  -66.912  3.234 0.0000000000
22017  -9.186  -66.052  2.796 0.0000000000
22018  -9.832  -66.415  2.506 0.0000000000
22019  -10.674  -66.506  2.194 0.0000000000
22020  -18.879  -66.881  2.283 0.0000000000
22021  -19.281  -66.768  2.474 0.0000000000
22022  -20.196  -66.195  2.672 0.0000000000
22032  -11.345  -66.443  2.034 0.0000000000
22033  -12.008  -66.328  1.770 0.0000000000
22034  -12.793  -66.403  1.503 0.0000000000
22035  -13.698  -66.516  1.222 0.0000000000
22036  -14.685  -66.642  1.028 0.0000000000
22037  -15.676  -66.758  0.921 0.0000000000
22038  -16.675  -66.772  0.963 0.0000000000
22039  -17.642  -66.653  1.312 0.0000000000
22040  -18.674  -66.624  1.903 0.0000000000
22041  -19.579  -66.248  2.072 0.0000000000
22042  -20.082  -65.849  2.013 0.0000000000
22721  -3.984  -66.048  13.183 0.0000000000
22742  -3.701  -66.324  12.863 0.0000000000
22743  -4.005  -66.228  12.481 0.0000000000
22768  -4.390  -66.026  11.848 0.0000000000
22820  -7.077  -65.445  8.941 0.0000000000
22821  -7.753  -65.264  8.604 0.0000000000
22822  -8.336  -64.824  8.552 0.0000000000
22833  -7.990  -65.657  8.245 0.0000000000
22834  -8.619  -65.319  8.170 0.0000000000
22835  -9.659  -65.412  7.665 0.0000000000
22836  -10.435  -65.427  7.302 0.0000000000
22837  -17.557  -66.073  6.935 0.0000000000
22838  -17.821  -66.275  7.094 0.0000000000
22848  -10.982  -65.661  6.871 0.0000000000
22849  -11.641  -65.710  6.301 0.0000000000
22850  -12.151  -65.629  5.322 0.0000000000
22851  -12.535  -65.203  5.152 0.0000000000
22852  -16.948  -65.984  5.863 0.0000000000
22853  -17.347  -65.843  6.348 0.0000000000
22854  -18.223  -65.795  6.641 0.0000000000
22855  -19.226  -65.642  6.433 0.0000000000
22856  -20.016  -65.422  6.091 0.0000000000
22865  -12.641  -65.796  4.496 0.0000000000
22866  -12.527  -65.384  4.797 0.0000000000
22867  -16.968  -66.088  5.571 0.0000000000
22868  -17.266  -65.967  5.424 0.0000000000
22869  -17.836  -65.523  5.835 0.0000000000
22870  -20.709  -65.303  5.608 0.0000000000
22871  -21.189  -65.346  4.929 0.0000000000
22880  -6.345  -65.094  4.349 0.0000000000
22881  -13.145  -65.665  4.087 0.0000000000
22882  -13.694  -65.531  3.904 0.0000000000
22883  -14.424  -65.470  3.726 0.0000000000
22884  -15.456  -65.461  3.525 0.0000000000
22885  -16.397  -65.964  3.765 0.0000000000
22886  -17.283  -65.992  4.350 0.0000000000
22887  -17.829  -65.601  5.000 0.0000000000
22895  -6.869  -65.123  3.894 0.0000000000
22896  -7.423  -65.016  3.402 0.0000000000
22897  -8.140  -65.279  3.088 0.0000000000
22898  -15.839  -64.892  3.476 0.0000000000
22899  -16.302  -65.151  3.471 0.0000000000
22900  -16.948  -65.533  3.590 0.0000000000
22901  -20.625  -65.669  2.576 0.0000000000
22902  -20.955  -65.510  3.041 0.0000000000
22907  -8.895  -65.375  2.795 0.0000000000
22908  -9.649  -65.428  2.451 0.0000000000
22909  -10.623  -65.512  2.194 0.0000000000
22910  -11.195  -65.051  2.143 0.0000000000
22911  -20.466  -65.679  2.261 0.0000000000
22912  -20.878  -65.365  2.289 0.0000000000
22918  -11.040  -66.009  2.087 0.0000000000
22919  -11.569  -65.543  1.995 0.0000000000
22920  -12.457  -65.565  1.601 0.0000000000
22921  -13.303  -65.589  1.245 0.0000000000
22922  -14.294  -65.591  0.856 0.0000000000
22923  -15.270  -65.884  0.763 0.0000000000
22924  -16.193  -65.932  0.829 0.0000000000
22925  -17.151  -65.861  0.921 0.0000000000
22926  -18.243  -65.547  1.117 0.0000000000
22927  -19.471  -65.594  1.538 0.0000000000
22928  -20.440  -65.298  1.777 0.0000000000
22929  -21.023  -65.098  1.893 0.0000000000
23658  -8.102  -64.785  8.732 0.0000000000
23669  -8.888  -64.364  8.407 0.0000000000
23670  -9.513  -64.434  8.019 0.0000000000
23671  -10.406  -64.534  7.628 0.0000000000
23672  -11.134  -64.366  7.310 0.0000000000
23681  -10.929  -65.011  7.204 0.0000000000
23682  -11.512  -64.877  6.827 0.0000000000
23683  -12.115  -64.976  6.336 0.0000000000
23684  -12.861  -65.016  5.998 0.0000000000
23685  -13.636  -64.670  5.837 0.0000000000
23686  -14.334  -64.416  5.615 0.0000000000
23687  -18.294  -65.378  5.999 0.0000000000
23688  -18.802  -65.231  5.938 0.0000000000
23689  -19.495  -64.923  5.953 0.0000000000
23699  -12.735  -65.374  4.601 0.0000000000
23700  -12.993  -64.996  4.925 0.0000000000
23701  -13.854  -64.758  4.954 0.0000000000
23702  -14.671  -64.448  4.843 0.0000000000
23703  -18.383  -65.238  5.328 0.0000000000
23704  -19.166  -64.468  4.979 0.0000000000
23705  -20.259  -64.477  5.410 0.0000000000
23706  -21.197  -64.452  5.194 0.0000000000
23718  -12.958  -65.390  4.429 0.0000000000
23719  -13.443  -65.194  4.378 0.0000000000
23720  -14.144  -64.952  4.227 0.0000000000
23721  -14.982  -64.545  3.884 0.0000000000
23722  -15.507  -64.104  3.581 0.0000000000
23723  -17.471  -65.437  3.693 0.0000000000
23724  -18.237  -65.112  4.028 0.0000000000
23725  -18.946  -64.456  3.983 0.0000000000
23726  -21.719  -64.546  4.418 0.0000000000
23727  -22.179  -64.152  3.899 0.0000000000
23740  -15.548  -64.652  3.527 0.0000000000
23741  -16.051  -64.345  3.324 0.0000000000
23742  -17.105  -64.685  3.238 0.0000000000
23743  -17.940  -64.248  3.201 0.0000000000
23744  -21.745  -64.655  3.411 0.0000000000
23745  -22.238  -63.867  3.341 0.0000000000
23755  -21.431  -64.696  2.270 0.0000000000
23756  -21.947  -64.092  2.802 0.0000000000
23767  -19.039  -64.790  1.043 0.0000000000
23768  -20.040  -64.619  1.180 0.0000000000
23769  -20.866  -64.678  1.525 0.0000000000
24555  -10.114  -63.495  7.822 0.0000000000
24556  -10.916  -63.587  7.547 0.0000000000
24557  -11.727  -63.780  7.192 0.0000000000
24558  -12.163  -63.270  7.252 0.0000000000
24559  -13.863  -63.123  7.067 0.0000000000
24560  -14.793  -63.435  7.159 0.0000000000
24561  -15.876  -63.427  6.979 0.0000000000
24562  -16.773  -63.132  6.744 0.0000000000
24563  -17.186  -62.843  6.448 0.0000000000
24572  -11.968  -64.380  6.780 0.0000000000
24573  -12.491  -63.830  6.919 0.0000000000
24574  -13.361  -63.955  6.718 0.0000000000
24575  -14.223  -64.089  6.507 0.0000000000
24576  -15.289  -63.987  5.870 0.0000000000
24577  -16.313  -63.448  6.030 0.0000000000
24578  -16.845  -62.963  5.959 0.0000000000
24589  -15.351  -63.874  4.510 0.0000000000
24590  -16.177  -63.315  4.911 0.0000000000
24591  -16.552  -63.101  5.494 0.0000000000
24592  -20.114  -63.225  4.766 0.0000000000
24593  -21.062  -63.429  5.062 0.0000000000
24594  -21.780  -63.679  4.772 0.0000000000
24605  -15.386  -63.917  3.893 0.0000000000
24606  -15.944  -63.405  3.760 0.0000000000
24607  -16.575  -63.197  3.300 0.0000000000
24608  -18.629  -64.248  3.461 0.0000000000
24609  -19.350  -63.649  3.629 0.0000000000
24610  -22.140  -63.852  4.311 0.0000000000
24611  -22.423  -63.520  3.875 0.0000000000
24622  -16.520  -63.769  3.215 0.0000000000
24623  -17.248  -63.462  3.012 0.0000000000
24624  -18.376  -63.461  2.943 0.0000000000
24625  -18.987  -63.162  2.949 0.0000000000
24626  -22.490  -63.226  3.327 0.0000000000
24639  -21.872  -63.786  2.236 0.0000000000
24640  -22.331  -63.438  2.741 0.0000000000
24653  -20.614  -64.193  1.153 0.0000000000
24654  -21.204  -63.889  1.304 0.0000000000
25486  -16.020  -62.119  8.162 0.0000000000
25487  -16.879  -62.234  8.178 0.0000000000
25488  -17.486  -62.183  7.982 0.0000000000
25501  -11.450  -62.882  7.428 0.0000000000
25502  -11.928  -63.064  7.344 0.0000000000
25503  -13.703  -62.392  7.130 0.0000000000
25504  -14.285  -62.250  7.332 0.0000000000
25505  -15.343  -62.478  7.679 0.0000000000
25506  -16.446  -62.789  7.586 0.0000000000
25507  -17.578  -62.471  7.107 0.0000000000
25508  -18.210  -61.880  6.590 0.0000000000
25519  -12.170  -62.460  7.249 0.0000000000
25520  -13.154  -62.462  7.001 0.0000000000
25521  -13.692  -61.834  7.134 0.0000000000
25522  -17.397  -62.585  5.897 0.0000000000
25523  -18.035  -62.081  5.881 0.0000000000
25532  -16.547  -62.805  4.457 0.0000000000
25533  -16.873  -62.660  4.994 0.0000000000
25534  -17.592  -62.142  4.996 0.0000000000
25535  -20.410  -62.116  4.403 0.0000000000
25536  -20.984  -62.310  4.982 0.0000000000
25537  -22.012  -62.541  4.796 0.0000000000
25538  -22.518  -62.037  4.321 0.0000000000
25547  -16.324  -62.923  4.202 0.0000000000
25548  -16.962  -62.596  3.751 0.0000000000
25549  -17.273  -62.268  4.418 0.0000000000
25550  -19.928  -62.605  3.715 0.0000000000
25551  -22.271  -63.253  4.380 0.0000000000
25552  -22.608  -62.594  3.841 0.0000000000
25568  -17.722  -62.632  2.947 0.0000000000
25569  -18.654  -62.595  2.899 0.0000000000
25570  -19.396  -62.798  3.034 0.0000000000
25571  -22.559  -62.643  2.823 0.0000000000
25583  -22.559  -63.521  1.493 0.0000000000
25584  -22.418  -62.840  2.004 0.0000000000
25594  -21.784  -62.854  1.124 0.0000000000
25595  -22.342  -62.231  1.203 0.0000000000
26461  -17.476  -61.672  8.608 0.0000000000
26462  -18.320  -60.958  8.737 0.0000000000
26476  -17.811  -62.003  7.814 0.0000000000
26477  -18.401  -61.445  7.391 0.0000000000
26492  -18.589  -61.310  5.938 0.0000000000
26502  -18.254  -61.490  4.888 0.0000000000
26503  -20.403  -61.598  4.198 0.0000000000
26504  -20.721  -61.237  4.696 0.0000000000
26505  -21.704  -61.467  5.053 0.0000000000
26506  -22.353  -61.480  4.548 0.0000000000
26517  -17.587  -62.112  3.504 0.0000000000
26518  -17.752  -61.798  3.992 0.0000000000
26519  -20.168  -61.821  3.695 0.0000000000
26520  -20.214  -61.281  3.879 0.0000000000
26521  -22.756  -61.466  3.800 0.0000000000
26522  -22.798  -61.052  3.465 0.0000000000
26523  -22.811  -60.942  3.259 0.0000000000
26541  -17.552  -62.249  3.280 0.0000000000
26542  -18.143  -61.868  3.162 0.0000000000
26543  -19.407  -61.878  3.117 0.0000000000
26544  -19.960  -61.474  3.390 0.0000000000
26545  -22.618  -61.858  2.995 0.0000000000
26546  -22.752  -61.175  2.954 0.0000000000
26547  -22.758  -61.047  3.131 0.0000000000
26561  -22.729  -61.878  2.046 0.0000000000
26562  -22.735  -61.452  2.515 0.0000000000
26577  -22.603  -61.529  1.212 0.0000000000
27464  -19.022  -60.331  7.825 0.0000000000
27484  -19.109  -60.133  6.246 0.0000000000
27498  -19.081  -60.498  4.782 0.0000000000
27499  -19.470  -60.035  4.316 0.0000000000
27500  -20.682  -60.132  4.889 0.0000000000
27501  -21.575  -60.474  5.220 0.0000000000
27502  -22.364  -60.690  4.911 0.0000000000
27520  -18.536  -61.089  4.036 0.0000000000
27521  -19.441  -60.459  4.023 0.0000000000
27522  -20.176  -60.615  4.118 0.0000000000
27523  -22.816  -60.713  4.347 0.0000000000
27524  -23.061  -60.688  3.638 0.0000000000
27525  -22.921  -60.842  3.454 0.0000000000
27546  -18.298  -61.475  3.609 0.0000000000
27547  -18.902  -61.302  3.526 0.0000000000
27548  -19.703  -61.095  3.509 0.0000000000
27549  -23.054  -60.578  2.973 0.0000000000
27550  -22.921  -60.794  3.209 0.0000000000
27570  -22.789  -61.307  1.646 0.0000000000
27571  -22.975  -60.925  2.160 0.0000000000
28586  -23.470  -60.155  3.363 0.0000000000
28602  -23.467  -59.933  2.510 0.0000000000
132480  -20.491  -66.674  5.008 0.0000000000
132481  -20.675  -66.456  4.699 0.0000000000
132482  -19.905  -66.928  3.684 0.0000000000
132483  -20.420  -66.717  4.623 0.0000000000
132484  -20.441  -66.532  3.922 0.0000000000
132485  -21.294  -65.502  4.071 0.0000000000
