#!ascii label  , from subject bert vox2ras=TkReg
1721
43496  -7.324  -42.750  36.512 0.0000000000
43497  -7.616  -42.945  36.490 0.0000000000
43498  -8.340  -43.307  36.371 0.0000000000
43499  -9.089  -43.522  36.219 0.0000000000
43512  -7.332  -42.909  36.211 0.0000000000
43513  -7.896  -43.435  35.885 0.0000000000
43514  -8.744  -44.183  35.582 0.0000000000
43515  -9.648  -44.038  35.692 0.0000000000
43516  -10.341  -43.732  35.596 0.0000000000
43530  -7.383  -43.126  35.522 0.0000000000
43531  -8.034  -43.755  35.026 0.0000000000
43534  -10.995  -43.796  35.195 0.0000000000
43535  -12.053  -43.542  34.571 0.0000000000
43536  -12.687  -42.945  34.485 0.0000000000
43549  -8.262  -43.497  34.534 0.0000000000
43552  -12.430  -44.003  34.111 0.0000000000
43553  -13.085  -43.482  34.038 0.0000000000
43554  -14.195  -43.516  33.596 0.0000000000
43555  -15.101  -43.535  33.246 0.0000000000
43571  -15.841  -43.541  32.704 0.0000000000
44382  -5.579  -42.135  36.932 0.0000000000
44383  -6.154  -42.218  37.127 0.0000000000
44384  -6.519  -42.177  37.185 0.0000000000
44398  -5.419  -42.135  36.262 0.0000000000
44399  -6.083  -42.465  36.530 0.0000000000
44400  -6.935  -42.476  36.773 0.0000000000
44401  -7.851  -42.609  36.922 0.0000000000
44402  -8.818  -42.800  36.751 0.0000000000
44403  -9.803  -42.973  36.351 0.0000000000
44404  -10.307  -42.584  36.326 0.0000000000
44413  -5.298  -42.165  35.363 0.0000000000
44414  -5.971  -42.523  35.682 0.0000000000
44415  -6.733  -42.729  35.986 0.0000000000
44416  -10.132  -43.411  35.901 0.0000000000
44417  -10.683  -42.854  35.926 0.0000000000
44418  -11.193  -42.238  36.031 0.0000000000
44425  -5.188  -42.255  34.585 0.0000000000
44426  -5.795  -42.497  34.768 0.0000000000
44427  -6.739  -42.794  35.065 0.0000000000
44428  -7.407  -43.201  35.003 0.0000000000
44429  -11.086  -43.099  35.532 0.0000000000
44430  -11.547  -42.649  35.465 0.0000000000
44431  -12.414  -42.416  34.867 0.0000000000
44438  -4.902  -42.174  34.103 0.0000000000
44439  -5.422  -42.430  33.899 0.0000000000
44440  -6.375  -42.559  34.082 0.0000000000
44441  -7.518  -42.941  34.428 0.0000000000
44444  -13.131  -42.385  34.441 0.0000000000
44445  -13.913  -42.515  33.926 0.0000000000
44446  -14.707  -42.644  33.423 0.0000000000
44451  -4.959  -42.204  33.496 0.0000000000
44452  -5.290  -42.282  33.165 0.0000000000
44453  -6.944  -42.397  33.735 0.0000000000
44454  -7.749  -42.414  33.615 0.0000000000
44458  -15.354  -42.669  32.880 0.0000000000
44459  -16.114  -42.606  32.206 0.0000000000
44460  -17.201  -42.718  31.887 0.0000000000
44471  -16.626  -42.107  31.745 0.0000000000
44472  -17.217  -41.901  31.645 0.0000000000
45415  -5.718  -41.712  37.277 0.0000000000
45416  -6.355  -41.781  37.291 0.0000000000
45417  -6.729  -42.075  37.193 0.0000000000
45430  -5.163  -41.582  36.829 0.0000000000
45431  -6.478  -41.521  37.231 0.0000000000
45432  -7.069  -41.750  37.102 0.0000000000
45433  -8.298  -42.009  37.079 0.0000000000
45434  -9.313  -42.161  36.833 0.0000000000
45435  -10.105  -42.215  36.537 0.0000000000
45436  -10.504  -42.347  36.351 0.0000000000
45446  -4.990  -41.546  35.936 0.0000000000
45447  -7.121  -41.297  36.845 0.0000000000
45448  -7.707  -41.400  36.760 0.0000000000
45449  -8.731  -41.516  36.628 0.0000000000
45450  -9.728  -41.538  36.541 0.0000000000
45451  -10.705  -41.779  36.361 0.0000000000
45452  -11.483  -41.634  35.910 0.0000000000
45457  -4.872  -41.698  34.826 0.0000000000
45458  -12.137  -41.573  35.379 0.0000000000
45459  -12.792  -41.470  34.749 0.0000000000
45463  -4.845  -41.726  33.746 0.0000000000
45464  -5.918  -42.416  33.298 0.0000000000
45465  -6.454  -42.391  33.480 0.0000000000
45466  -13.528  -41.497  34.117 0.0000000000
45467  -14.351  -41.603  33.287 0.0000000000
45468  -14.954  -42.117  33.056 0.0000000000
45471  -4.948  -41.893  32.747 0.0000000000
45472  -5.584  -42.091  32.553 0.0000000000
45473  -6.686  -42.026  32.908 0.0000000000
45474  -8.023  -41.803  32.787 0.0000000000
45477  -14.542  -41.152  32.676 0.0000000000
45478  -15.231  -41.618  32.416 0.0000000000
45479  -16.039  -41.825  31.832 0.0000000000
45480  -17.836  -42.070  31.823 0.0000000000
45488  -4.492  -41.229  31.409 0.0000000000
45489  -4.684  -41.326  31.777 0.0000000000
45490  -5.097  -41.717  31.729 0.0000000000
45491  -6.008  -41.690  31.669 0.0000000000
45492  -7.154  -41.361  31.951 0.0000000000
45496  -15.811  -41.256  31.709 0.0000000000
45497  -16.637  -41.332  31.515 0.0000000000
45498  -17.727  -41.189  31.680 0.0000000000
45506  -4.406  -41.148  31.201 0.0000000000
45507  -4.632  -41.366  31.076 0.0000000000
45508  -5.271  -41.463  30.712 0.0000000000
45509  -6.013  -41.428  30.843 0.0000000000
45521  -4.308  -41.071  30.764 0.0000000000
45522  -4.588  -41.196  30.406 0.0000000000
45523  -4.960  -41.289  30.097 0.0000000000
46509  -6.004  -41.389  37.369 0.0000000000
46510  -6.263  -41.431  37.316 0.0000000000
46525  -5.503  -41.042  37.255 0.0000000000
46526  -6.349  -41.136  37.158 0.0000000000
46527  -6.841  -41.237  36.930 0.0000000000
46543  -5.050  -40.805  36.496 0.0000000000
46544  -5.818  -40.491  36.680 0.0000000000
46545  -6.921  -40.764  36.454 0.0000000000
46546  -8.065  -41.029  36.152 0.0000000000
46547  -9.106  -41.025  36.036 0.0000000000
46548  -10.119  -40.882  36.082 0.0000000000
46549  -11.071  -40.818  35.997 0.0000000000
46550  -11.753  -40.893  35.639 0.0000000000
46560  -4.978  -40.813  35.486 0.0000000000
46561  -7.578  -40.470  35.740 0.0000000000
46562  -8.413  -40.522  35.486 0.0000000000
46563  -9.437  -40.440  35.381 0.0000000000
46564  -10.455  -40.346  35.323 0.0000000000
46565  -11.385  -40.252  35.294 0.0000000000
46566  -12.308  -40.488  35.090 0.0000000000
46567  -12.948  -40.595  34.293 0.0000000000
46576  -5.125  -40.953  34.378 0.0000000000
46577  -13.523  -40.610  33.458 0.0000000000
46578  -14.108  -40.821  32.842 0.0000000000
46586  -5.227  -41.160  33.006 0.0000000000
46587  -13.720  -40.119  32.669 0.0000000000
46588  -14.519  -40.515  32.146 0.0000000000
46589  -15.328  -40.830  31.807 0.0000000000
46599  -4.441  -41.055  31.437 0.0000000000
46600  -4.816  -40.729  31.880 0.0000000000
46601  -6.597  -41.314  31.174 0.0000000000
46602  -7.406  -40.985  31.059 0.0000000000
46604  -15.135  -40.205  31.496 0.0000000000
46605  -15.984  -40.504  31.306 0.0000000000
46606  -17.083  -40.366  31.336 0.0000000000
46618  -4.439  -40.643  30.999 0.0000000000
46619  -4.848  -40.323  31.335 0.0000000000
46620  -5.825  -41.311  30.394 0.0000000000
46621  -6.532  -41.081  30.390 0.0000000000
46632  -4.307  -40.679  30.191 0.0000000000
46633  -4.702  -40.978  29.699 0.0000000000
46634  -5.638  -41.084  29.723 0.0000000000
46643  -4.473  -40.349  29.249 0.0000000000
47617  -5.428  -40.140  35.863 0.0000000000
47618  -6.137  -39.852  35.877 0.0000000000
47619  -6.972  -39.860  35.629 0.0000000000
47639  -5.344  -39.962  34.997 0.0000000000
47640  -7.690  -39.857  35.162 0.0000000000
47641  -8.642  -39.818  34.819 0.0000000000
47642  -9.767  -39.801  34.690 0.0000000000
47643  -10.804  -39.708  34.593 0.0000000000
47644  -11.707  -39.649  34.699 0.0000000000
47645  -12.455  -39.719  34.348 0.0000000000
47646  -12.933  -39.930  33.790 0.0000000000
47658  -5.737  -40.122  33.969 0.0000000000
47659  -6.102  -39.808  33.264 0.0000000000
47660  -11.222  -39.269  34.183 0.0000000000
47661  -11.829  -39.030  34.050 0.0000000000
47662  -12.561  -39.131  33.569 0.0000000000
47663  -13.147  -39.669  33.151 0.0000000000
47672  -5.646  -40.422  32.699 0.0000000000
47673  -6.089  -39.772  32.464 0.0000000000
47674  -12.870  -38.977  32.925 0.0000000000
47675  -13.333  -39.236  32.418 0.0000000000
47676  -13.889  -39.722  32.052 0.0000000000
47687  -5.407  -40.142  31.761 0.0000000000
47688  -6.022  -39.546  31.621 0.0000000000
47689  -13.685  -39.125  31.788 0.0000000000
47690  -14.445  -39.419  31.382 0.0000000000
47691  -15.512  -39.620  31.008 0.0000000000
47692  -16.521  -39.608  30.999 0.0000000000
47693  -17.484  -39.321  31.319 0.0000000000
47703  -4.430  -40.276  30.440 0.0000000000
47704  -5.124  -39.764  30.706 0.0000000000
47705  -6.043  -39.309  31.012 0.0000000000
47706  -15.080  -38.834  30.721 0.0000000000
47707  -16.033  -38.882  30.657 0.0000000000
47708  -16.929  -38.794  30.835 0.0000000000
47709  -17.430  -38.651  31.161 0.0000000000
47715  -4.361  -39.951  29.860 0.0000000000
47716  -4.827  -39.390  29.662 0.0000000000
48640  -4.630  -38.115  35.235 0.0000000000
48641  -5.505  -38.884  35.247 0.0000000000
48642  -6.534  -38.871  35.159 0.0000000000
48643  -7.179  -39.334  35.148 0.0000000000
48663  -4.547  -38.165  34.937 0.0000000000
48664  -5.278  -38.690  34.708 0.0000000000
48665  -6.887  -38.511  34.799 0.0000000000
48666  -7.593  -38.762  34.514 0.0000000000
48667  -9.035  -39.078  34.164 0.0000000000
48668  -10.158  -39.142  34.103 0.0000000000
48669  -10.780  -39.209  34.091 0.0000000000
48686  -5.938  -39.014  33.841 0.0000000000
48687  -6.288  -39.251  33.096 0.0000000000
48688  -7.878  -38.011  33.957 0.0000000000
48689  -8.520  -38.219  33.767 0.0000000000
48690  -9.626  -38.366  33.559 0.0000000000
48691  -10.883  -38.598  33.600 0.0000000000
48692  -11.929  -38.352  33.317 0.0000000000
48693  -12.496  -38.554  33.016 0.0000000000
48703  -6.470  -38.999  32.446 0.0000000000
48704  -12.236  -38.104  32.724 0.0000000000
48705  -12.763  -38.363  32.335 0.0000000000
48706  -13.289  -38.672  31.905 0.0000000000
48715  -6.582  -38.817  31.520 0.0000000000
48716  -13.076  -38.154  31.678 0.0000000000
48717  -13.683  -38.427  31.286 0.0000000000
48718  -14.360  -38.602  30.890 0.0000000000
48725  -5.354  -39.246  30.027 0.0000000000
48726  -6.135  -38.812  30.338 0.0000000000
48727  -14.058  -38.092  30.751 0.0000000000
48728  -14.693  -38.083  30.501 0.0000000000
48729  -15.596  -38.118  30.401 0.0000000000
48730  -16.514  -38.107  30.527 0.0000000000
48731  -17.313  -38.053  30.909 0.0000000000
48735  -5.343  -38.879  29.465 0.0000000000
48736  -6.091  -38.332  29.188 0.0000000000
49647  -4.276  -37.304  35.489 0.0000000000
49648  -4.953  -37.646  35.513 0.0000000000
49649  -5.800  -37.812  35.264 0.0000000000
49660  -4.178  -37.626  34.879 0.0000000000
49661  -4.654  -38.104  34.687 0.0000000000
49662  -6.648  -37.897  34.683 0.0000000000
49663  -7.399  -37.588  34.128 0.0000000000
49677  -4.346  -37.275  34.410 0.0000000000
49678  -5.123  -37.792  33.926 0.0000000000
49679  -6.109  -38.542  33.240 0.0000000000
49680  -8.116  -37.385  33.607 0.0000000000
49681  -9.038  -37.469  33.225 0.0000000000
49682  -10.166  -37.465  32.801 0.0000000000
49683  -11.311  -37.826  32.791 0.0000000000
49684  -11.893  -37.903  32.755 0.0000000000
49693  -5.515  -37.272  33.129 0.0000000000
49694  -6.234  -37.815  32.554 0.0000000000
49695  -10.427  -36.806  32.358 0.0000000000
49696  -10.985  -37.092  32.290 0.0000000000
49697  -12.051  -37.436  32.043 0.0000000000
49698  -12.721  -37.842  31.790 0.0000000000
49706  -6.974  -37.813  31.179 0.0000000000
49707  -12.343  -36.906  31.305 0.0000000000
49708  -13.019  -37.412  31.047 0.0000000000
49709  -13.671  -37.844  30.851 0.0000000000
49715  -6.824  -37.735  29.893 0.0000000000
49716  -13.492  -36.903  30.426 0.0000000000
49717  -14.061  -37.344  30.419 0.0000000000
49718  -15.153  -37.329  30.142 0.0000000000
49719  -16.113  -37.311  30.291 0.0000000000
49720  -16.887  -37.374  30.624 0.0000000000
49721  -17.300  -37.432  30.930 0.0000000000
49724  -6.551  -37.474  28.880 0.0000000000
49728  -6.149  -37.275  28.135 0.0000000000
50631  -4.094  -36.714  35.637 0.0000000000
50632  -4.647  -36.692  35.612 0.0000000000
50633  -5.316  -37.003  35.452 0.0000000000
50643  -3.849  -36.803  35.322 0.0000000000
50644  -5.315  -36.254  35.449 0.0000000000
50645  -6.084  -36.641  34.954 0.0000000000
50646  -6.834  -36.962  34.358 0.0000000000
50657  -3.997  -36.664  34.601 0.0000000000
50658  -4.459  -36.948  34.045 0.0000000000
50659  -6.746  -36.207  34.324 0.0000000000
50660  -7.480  -36.477  33.760 0.0000000000
50661  -8.560  -36.441  33.117 0.0000000000
50662  -9.353  -36.791  32.780 0.0000000000
50671  -4.276  -36.319  33.906 0.0000000000
50672  -4.907  -36.646  33.234 0.0000000000
50673  -5.672  -36.935  32.623 0.0000000000
50674  -9.223  -36.099  32.653 0.0000000000
50675  -9.919  -36.353  32.396 0.0000000000
50676  -10.696  -36.248  32.024 0.0000000000
50677  -11.358  -36.631  31.858 0.0000000000
50685  -5.362  -36.359  32.347 0.0000000000
50686  -6.175  -36.709  31.734 0.0000000000
50687  -11.242  -35.983  31.596 0.0000000000
50688  -11.857  -36.353  31.339 0.0000000000
50689  -12.497  -36.397  30.768 0.0000000000
50693  -6.799  -36.756  30.570 0.0000000000
50694  -13.114  -36.440  30.300 0.0000000000
50695  -13.834  -36.382  29.936 0.0000000000
50696  -14.739  -36.566  29.869 0.0000000000
50697  -15.782  -36.317  29.996 0.0000000000
50698  -16.595  -36.549  30.509 0.0000000000
50699  -17.227  -36.794  30.985 0.0000000000
50704  -6.796  -36.706  29.478 0.0000000000
50705  -14.477  -35.899  29.622 0.0000000000
50706  -15.189  -35.861  29.694 0.0000000000
50707  -15.631  -35.766  29.846 0.0000000000
50715  -6.442  -36.508  28.508 0.0000000000
50727  -5.964  -36.679  27.703 0.0000000000
51733  -3.966  -36.420  35.499 0.0000000000
51734  -4.236  -36.281  35.500 0.0000000000
51747  -3.994  -35.831  35.164 0.0000000000
51748  -4.796  -35.640  35.351 0.0000000000
51749  -5.825  -35.368  35.148 0.0000000000
51750  -6.509  -34.903  34.609 0.0000000000
51759  -4.124  -35.700  34.276 0.0000000000
51760  -6.440  -35.678  34.634 0.0000000000
51761  -7.130  -35.285  34.057 0.0000000000
51762  -8.062  -35.394  33.368 0.0000000000
51775  -4.349  -35.605  33.288 0.0000000000
51776  -4.824  -35.911  32.549 0.0000000000
51777  -8.864  -35.398  32.798 0.0000000000
51778  -9.539  -35.460  32.386 0.0000000000
51779  -10.178  -35.474  32.048 0.0000000000
51788  -4.535  -35.265  32.361 0.0000000000
51789  -5.300  -35.599  31.611 0.0000000000
51790  -6.164  -36.018  30.903 0.0000000000
51791  -10.792  -35.362  31.590 0.0000000000
51792  -11.475  -35.355  31.050 0.0000000000
51793  -12.097  -35.725  30.721 0.0000000000
51794  -16.904  -35.062  31.757 0.0000000000
51795  -17.123  -35.969  31.339 0.0000000000
51799  -5.786  -35.270  30.484 0.0000000000
51800  -6.458  -35.909  30.004 0.0000000000
51801  -11.983  -35.071  30.449 0.0000000000
51802  -12.753  -35.411  30.020 0.0000000000
51803  -13.334  -35.929  29.859 0.0000000000
51804  -15.963  -35.605  29.963 0.0000000000
51805  -16.508  -35.368  30.536 0.0000000000
51806  -16.892  -36.160  30.817 0.0000000000
51812  -5.893  -35.152  29.322 0.0000000000
51813  -6.539  -35.924  29.160 0.0000000000
51814  -13.292  -34.832  29.599 0.0000000000
51815  -13.827  -35.320  29.535 0.0000000000
51816  -14.851  -35.230  29.485 0.0000000000
51817  -15.606  -35.285  29.725 0.0000000000
51818  -16.076  -35.243  29.979 0.0000000000
51823  -5.746  -35.121  28.262 0.0000000000
51824  -6.244  -35.663  28.596 0.0000000000
51828  -5.530  -35.221  27.356 0.0000000000
51829  -6.021  -35.860  27.879 0.0000000000
51839  -4.642  -34.759  26.011 0.0000000000
52858  -4.305  -35.015  34.583 0.0000000000
52859  -4.665  -34.708  34.959 0.0000000000
52860  -5.333  -34.381  35.122 0.0000000000
52861  -6.184  -34.171  34.882 0.0000000000
52876  -4.279  -34.756  33.863 0.0000000000
52877  -7.055  -34.032  34.296 0.0000000000
52878  -7.824  -34.324  33.606 0.0000000000
52893  -4.322  -34.555  32.866 0.0000000000
52894  -8.607  -34.448  33.031 0.0000000000
52895  -9.344  -34.533  32.486 0.0000000000
52896  -9.833  -34.853  32.140 0.0000000000
52905  -4.549  -34.484  31.699 0.0000000000
52906  -5.105  -34.783  30.869 0.0000000000
52907  -9.841  -34.238  32.090 0.0000000000
52908  -10.300  -34.545  31.712 0.0000000000
52909  -10.962  -34.511  31.186 0.0000000000
52910  -16.464  -34.169  31.334 0.0000000000
52914  -4.595  -34.006  30.532 0.0000000000
52915  -5.264  -34.614  29.993 0.0000000000
52916  -11.558  -34.396  30.591 0.0000000000
52917  -12.257  -34.360  30.094 0.0000000000
52918  -15.683  -33.943  29.991 0.0000000000
52919  -16.131  -34.125  30.487 0.0000000000
52923  -4.770  -34.031  29.360 0.0000000000
52924  -5.286  -34.593  29.349 0.0000000000
52925  -12.983  -34.294  29.700 0.0000000000
52926  -13.754  -34.241  29.481 0.0000000000
52927  -14.581  -34.387  29.464 0.0000000000
52928  -15.347  -34.549  29.626 0.0000000000
52929  -15.980  -34.726  29.962 0.0000000000
52932  -4.675  -33.859  28.287 0.0000000000
52933  -5.262  -34.536  28.723 0.0000000000
52937  -4.575  -33.839  27.318 0.0000000000
52938  -5.160  -34.497  27.783 0.0000000000
52942  -4.419  -33.924  26.431 0.0000000000
52943  -4.977  -34.561  26.856 0.0000000000
52950  -4.312  -34.069  25.552 0.0000000000
53895  -5.094  -32.713  35.292 0.0000000000
53896  -5.324  -32.711  35.304 0.0000000000
53911  -4.611  -34.008  34.433 0.0000000000
53912  -4.993  -33.224  35.087 0.0000000000
53913  -5.798  -33.182  35.171 0.0000000000
53914  -6.623  -33.178  34.698 0.0000000000
53934  -4.507  -33.668  33.551 0.0000000000
53935  -7.259  -33.051  34.269 0.0000000000
53936  -7.761  -33.312  33.796 0.0000000000
53953  -4.458  -33.543  32.447 0.0000000000
53954  -8.411  -33.500  33.256 0.0000000000
53955  -9.112  -33.542  32.701 0.0000000000
53956  -9.621  -33.164  32.289 0.0000000000
53957  -16.196  -33.325  32.018 0.0000000000
53968  -4.470  -33.413  31.410 0.0000000000
53969  -9.623  -33.789  32.294 0.0000000000
53970  -10.094  -33.464  31.784 0.0000000000
53971  -10.599  -33.855  31.345 0.0000000000
53972  -15.583  -32.927  30.674 0.0000000000
53973  -15.873  -33.179  30.982 0.0000000000
53977  -4.500  -33.154  30.664 0.0000000000
53978  -10.623  -33.209  31.267 0.0000000000
53979  -11.114  -33.528  30.854 0.0000000000
53980  -11.830  -33.460  30.213 0.0000000000
53981  -14.997  -32.978  29.849 0.0000000000
53982  -15.352  -33.068  30.199 0.0000000000
53983  -15.773  -33.571  30.406 0.0000000000
53987  -4.489  -33.192  29.855 0.0000000000
53988  -12.625  -33.468  29.827 0.0000000000
53989  -13.430  -33.409  29.594 0.0000000000
53990  -14.497  -33.218  29.610 0.0000000000
53991  -15.143  -33.800  29.673 0.0000000000
53995  -4.375  -33.123  28.814 0.0000000000
54000  -4.032  -32.596  27.546 0.0000000000
54001  -4.149  -33.027  27.760 0.0000000000
54005  -3.999  -32.646  27.222 0.0000000000
54006  -4.165  -33.214  26.901 0.0000000000
54009  -4.077  -32.684  26.695 0.0000000000
54010  -4.195  -33.131  26.106 0.0000000000
54011  -6.238  -32.802  25.180 0.0000000000
54012  -6.744  -32.858  25.324 0.0000000000
54013  -7.538  -32.867  25.306 0.0000000000
54016  -4.336  -33.314  25.244 0.0000000000
54017  -4.950  -33.378  24.769 0.0000000000
54018  -6.017  -33.291  24.881 0.0000000000
54019  -7.096  -33.556  25.103 0.0000000000
54020  -8.110  -33.359  24.922 0.0000000000
54023  -8.730  -33.485  24.293 0.0000000000
54930  -4.708  -31.814  35.113 0.0000000000
54931  -5.092  -32.232  35.366 0.0000000000
54932  -5.730  -32.228  35.363 0.0000000000
54946  -4.645  -32.536  34.414 0.0000000000
54947  -4.807  -32.458  35.074 0.0000000000
54948  -6.405  -32.322  35.030 0.0000000000
54949  -7.047  -32.324  34.480 0.0000000000
54965  -4.616  -32.531  33.128 0.0000000000
54966  -7.675  -32.397  33.951 0.0000000000
54967  -8.307  -32.577  33.446 0.0000000000
54983  -4.504  -32.580  31.982 0.0000000000
54984  -8.798  -32.799  32.973 0.0000000000
54985  -9.317  -32.563  32.561 0.0000000000
54986  -9.906  -32.462  32.058 0.0000000000
54987  -15.625  -32.126  31.288 0.0000000000
54988  -15.903  -32.413  31.739 0.0000000000
55002  -4.532  -32.676  31.138 0.0000000000
55003  -10.492  -32.438  31.439 0.0000000000
55004  -10.980  -32.141  30.984 0.0000000000
55005  -15.513  -32.538  30.825 0.0000000000
55006  -15.707  -32.573  31.226 0.0000000000
55011  -4.483  -32.448  30.391 0.0000000000
55012  -10.909  -32.759  30.990 0.0000000000
55013  -11.459  -32.491  30.532 0.0000000000
55014  -12.360  -32.478  29.956 0.0000000000
55015  -13.138  -32.157  29.811 0.0000000000
55016  -14.847  -32.563  29.961 0.0000000000
55017  -15.116  -32.213  30.436 0.0000000000
55021  -4.375  -32.332  29.389 0.0000000000
55022  -13.053  -32.795  29.740 0.0000000000
55023  -13.744  -32.482  29.685 0.0000000000
55024  -14.322  -32.301  29.806 0.0000000000
55028  -3.966  -32.059  27.864 0.0000000000
55029  -4.091  -32.205  28.237 0.0000000000
55035  -3.960  -32.179  27.577 0.0000000000
55036  -4.038  -32.505  27.768 0.0000000000
55042  -3.955  -32.128  26.944 0.0000000000
55047  -4.180  -32.298  26.377 0.0000000000
55048  -4.508  -32.427  25.780 0.0000000000
55049  -5.236  -32.135  25.460 0.0000000000
55050  -6.214  -32.266  25.353 0.0000000000
55051  -7.272  -32.171  25.441 0.0000000000
55052  -8.066  -32.285  25.199 0.0000000000
55056  -4.850  -32.810  25.244 0.0000000000
55057  -5.503  -32.767  25.101 0.0000000000
55058  -5.981  -32.777  25.111 0.0000000000
55059  -8.648  -32.451  24.711 0.0000000000
55062  -8.046  -32.205  23.576 0.0000000000
55063  -8.416  -32.480  23.828 0.0000000000
55070  -7.713  -32.417  23.145 0.0000000000
55959  -4.599  -31.071  35.189 0.0000000000
55960  -4.926  -31.253  35.450 0.0000000000
55961  -5.518  -31.385  35.470 0.0000000000
55972  -4.467  -31.281  34.725 0.0000000000
55973  -6.179  -31.475  35.215 0.0000000000
55974  -6.750  -31.497  34.674 0.0000000000
55989  -4.475  -31.270  33.739 0.0000000000
55990  -7.405  -31.487  34.082 0.0000000000
55991  -8.144  -31.628  33.580 0.0000000000
56007  -4.540  -31.541  32.489 0.0000000000
56008  -8.846  -31.817  32.980 0.0000000000
56009  -9.592  -31.597  32.384 0.0000000000
56010  -10.240  -31.547  31.817 0.0000000000
56011  -15.724  -31.412  31.659 0.0000000000
56028  -4.552  -31.743  31.238 0.0000000000
56029  -10.805  -31.505  31.284 0.0000000000
56030  -11.332  -31.545  30.791 0.0000000000
56031  -15.291  -31.682  30.953 0.0000000000
56038  -4.455  -31.549  30.071 0.0000000000
56039  -11.959  -31.571  30.318 0.0000000000
56040  -12.814  -31.516  30.094 0.0000000000
56041  -13.768  -31.621  29.994 0.0000000000
56042  -14.575  -31.761  30.213 0.0000000000
56043  -14.993  -31.717  30.554 0.0000000000
56047  -4.340  -31.437  29.009 0.0000000000
56048  -13.964  -32.011  29.798 0.0000000000
56049  -14.179  -31.896  29.902 0.0000000000
56053  -3.954  -31.770  27.806 0.0000000000
56054  -4.072  -31.340  28.169 0.0000000000
56059  -3.969  -31.467  27.329 0.0000000000
56060  -3.983  -31.328  27.719 0.0000000000
56066  -4.235  -31.471  26.655 0.0000000000
56067  -4.549  -31.022  26.521 0.0000000000
56073  -4.410  -31.919  26.220 0.0000000000
56074  -4.856  -31.426  26.109 0.0000000000
56075  -5.844  -31.289  25.665 0.0000000000
56076  -6.898  -31.319  25.562 0.0000000000
56077  -7.789  -31.364  25.380 0.0000000000
56078  -8.403  -31.463  25.014 0.0000000000
56083  -8.428  -31.669  24.421 0.0000000000
56087  -7.330  -31.178  23.480 0.0000000000
56088  -7.941  -31.712  23.732 0.0000000000
56089  -8.342  -31.766  24.037 0.0000000000
56096  -7.066  -31.718  23.064 0.0000000000
56097  -7.506  -31.768  23.369 0.0000000000
57010  -4.507  -30.536  34.947 0.0000000000
57011  -4.798  -30.411  35.230 0.0000000000
57012  -5.275  -30.525  35.449 0.0000000000
57018  -4.372  -30.370  34.418 0.0000000000
57019  -5.917  -30.556  35.264 0.0000000000
57020  -6.433  -30.851  34.856 0.0000000000
57028  -4.259  -30.177  33.747 0.0000000000
57029  -6.326  -30.188  34.751 0.0000000000
57030  -6.900  -30.525  34.236 0.0000000000
57031  -7.833  -30.547  33.574 0.0000000000
57032  -8.560  -30.204  33.182 0.0000000000
57045  -4.369  -30.445  32.908 0.0000000000
57046  -8.540  -30.958  33.230 0.0000000000
57047  -9.203  -30.601  32.768 0.0000000000
57048  -10.044  -30.612  32.176 0.0000000000
57067  -4.459  -30.674  31.823 0.0000000000
57068  -10.659  -30.700  31.631 0.0000000000
57069  -11.253  -30.719  31.188 0.0000000000
57070  -11.832  -30.366  31.001 0.0000000000
57071  -14.579  -30.295  30.962 0.0000000000
57072  -15.119  -30.521  31.232 0.0000000000
57083  -4.491  -30.702  30.747 0.0000000000
57084  -11.711  -30.934  30.688 0.0000000000
57085  -12.420  -30.693  30.590 0.0000000000
57086  -13.342  -30.765  30.412 0.0000000000
57087  -14.288  -30.673  30.640 0.0000000000
57088  -14.881  -31.257  30.692 0.0000000000
57091  -4.411  -30.601  29.678 0.0000000000
57095  -4.282  -30.561  28.652 0.0000000000
57099  -4.008  -31.081  27.351 0.0000000000
57100  -4.105  -30.713  27.642 0.0000000000
57105  -4.051  -31.031  27.115 0.0000000000
57106  -4.406  -30.467  26.875 0.0000000000
57107  -4.930  -30.033  26.538 0.0000000000
57114  -4.811  -30.671  26.434 0.0000000000
57115  -5.503  -30.373  26.177 0.0000000000
57116  -6.557  -30.389  25.852 0.0000000000
57117  -7.491  -30.439  25.612 0.0000000000
57118  -8.107  -30.502  25.230 0.0000000000
57125  -8.033  -30.138  24.458 0.0000000000
57126  -8.239  -30.588  24.660 0.0000000000
57131  -6.337  -29.689  23.223 0.0000000000
57132  -6.956  -30.231  23.455 0.0000000000
57133  -7.807  -30.552  24.053 0.0000000000
57134  -8.222  -31.256  24.190 0.0000000000
57144  -6.718  -31.062  23.174 0.0000000000
58089  -4.510  -29.471  34.824 0.0000000000
58090  -5.117  -29.499  35.264 0.0000000000
58091  -5.520  -30.029  35.288 0.0000000000
58099  -3.731  -28.823  33.887 0.0000000000
58100  -4.048  -29.464  34.182 0.0000000000
58101  -5.404  -28.999  35.101 0.0000000000
58102  -5.831  -29.490  34.975 0.0000000000
58110  -3.726  -28.825  33.465 0.0000000000
58111  -3.962  -29.386  33.266 0.0000000000
58112  -6.499  -29.500  34.299 0.0000000000
58113  -7.225  -29.529  33.669 0.0000000000
58114  -8.152  -29.451  33.338 0.0000000000
58115  -8.997  -29.466  32.988 0.0000000000
58127  -4.298  -29.678  32.191 0.0000000000
58128  -9.838  -29.573  32.538 0.0000000000
58129  -10.750  -29.688  31.967 0.0000000000
58130  -11.283  -29.265  31.775 0.0000000000
58146  -4.444  -29.923  31.292 0.0000000000
58147  -11.035  -30.231  31.571 0.0000000000
58148  -11.477  -29.838  31.491 0.0000000000
58149  -12.367  -29.740  31.201 0.0000000000
58150  -13.280  -29.497  31.112 0.0000000000
58151  -14.261  -29.735  31.110 0.0000000000
58152  -15.080  -29.257  31.655 0.0000000000
58164  -4.384  -29.721  30.371 0.0000000000
58165  -13.024  -30.157  30.798 0.0000000000
58166  -13.724  -30.155  30.792 0.0000000000
58167  -14.103  -30.178  30.827 0.0000000000
58170  -4.269  -29.635  29.286 0.0000000000
58173  -4.192  -29.616  28.299 0.0000000000
58177  -4.339  -29.478  27.492 0.0000000000
58181  -4.756  -29.302  26.876 0.0000000000
58182  -5.402  -29.326  26.438 0.0000000000
58187  -6.274  -29.434  26.162 0.0000000000
58188  -7.250  -29.517  25.983 0.0000000000
58189  -7.965  -29.583  25.571 0.0000000000
58190  -8.368  -29.639  25.113 0.0000000000
58197  -7.880  -29.911  24.339 0.0000000000
58198  -8.107  -29.521  24.630 0.0000000000
58205  -6.251  -29.163  23.248 0.0000000000
58206  -6.741  -29.238  23.507 0.0000000000
58207  -7.546  -29.432  24.079 0.0000000000
58208  -7.926  -28.962  24.478 0.0000000000
59124  -4.296  -28.536  34.973 0.0000000000
59125  -4.691  -28.529  35.166 0.0000000000
59131  -3.644  -28.351  34.038 0.0000000000
59132  -3.889  -28.466  34.558 0.0000000000
59133  -5.184  -28.483  35.245 0.0000000000
59134  -5.684  -28.478  34.988 0.0000000000
59142  -3.650  -28.327  33.499 0.0000000000
59143  -3.759  -28.725  33.088 0.0000000000
59144  -6.234  -28.591  34.548 0.0000000000
59145  -6.809  -28.584  33.952 0.0000000000
59146  -7.673  -28.486  33.557 0.0000000000
59147  -8.627  -28.478  33.229 0.0000000000
59160  -3.750  -28.192  32.712 0.0000000000
59161  -4.005  -28.833  32.423 0.0000000000
59162  -9.519  -28.494  32.824 0.0000000000
59163  -10.406  -28.573  32.368 0.0000000000
59164  -11.106  -28.690  31.930 0.0000000000
59180  -3.934  -28.169  31.871 0.0000000000
59181  -4.247  -28.878  31.282 0.0000000000
59182  -11.757  -28.847  31.614 0.0000000000
59183  -12.659  -28.631  31.390 0.0000000000
59184  -13.612  -28.576  31.348 0.0000000000
59185  -14.452  -28.514  31.538 0.0000000000
59186  -15.034  -28.360  31.856 0.0000000000
59198  -3.737  -28.004  29.264 0.0000000000
59199  -4.108  -28.633  29.971 0.0000000000
59206  -3.792  -27.878  28.477 0.0000000000
59207  -3.943  -28.741  28.865 0.0000000000
59210  -4.043  -27.677  27.792 0.0000000000
59211  -4.030  -28.596  27.990 0.0000000000
59214  -4.231  -27.462  27.440 0.0000000000
59215  -4.456  -28.145  27.258 0.0000000000
59218  -5.135  -28.332  26.598 0.0000000000
59219  -5.977  -28.452  26.254 0.0000000000
59222  -6.946  -28.547  26.191 0.0000000000
59223  -7.787  -28.640  25.847 0.0000000000
59224  -8.257  -28.811  25.370 0.0000000000
59225  -8.412  -28.870  24.987 0.0000000000
59229  -8.193  -28.716  24.706 0.0000000000
59235  -6.250  -28.440  23.348 0.0000000000
59236  -7.130  -28.505  23.856 0.0000000000
59237  -7.710  -28.587  24.324 0.0000000000
59238  -8.003  -28.608  24.535 0.0000000000
60058  -4.212  -27.678  35.178 0.0000000000
60059  -4.945  -27.538  35.518 0.0000000000
60060  -5.530  -27.139  35.404 0.0000000000
60070  -3.615  -27.742  33.995 0.0000000000
60071  -3.822  -27.505  34.641 0.0000000000
60072  -5.480  -27.823  35.234 0.0000000000
60073  -6.208  -27.460  34.864 0.0000000000
60074  -6.789  -26.898  34.586 0.0000000000
60086  -3.664  -27.581  33.116 0.0000000000
60087  -6.574  -28.017  34.343 0.0000000000
60088  -7.177  -27.466  34.132 0.0000000000
60089  -8.234  -27.490  33.562 0.0000000000
60090  -9.136  -27.489  33.129 0.0000000000
60107  -3.747  -27.466  32.230 0.0000000000
60108  -9.991  -27.389  32.540 0.0000000000
60109  -10.905  -27.606  31.873 0.0000000000
60110  -11.406  -28.181  31.717 0.0000000000
60126  -3.781  -27.501  31.233 0.0000000000
60127  -3.981  -28.169  31.292 0.0000000000
60128  -11.276  -27.076  31.528 0.0000000000
60129  -11.853  -27.595  31.423 0.0000000000
60130  -13.003  -27.546  31.245 0.0000000000
60131  -13.970  -27.539  31.427 0.0000000000
60132  -14.708  -27.641  31.771 0.0000000000
60141  -3.725  -27.487  30.060 0.0000000000
60142  -3.954  -28.136  30.768 0.0000000000
60148  -3.669  -27.171  28.991 0.0000000000
60153  -3.851  -27.020  28.151 0.0000000000
60156  -4.063  -26.983  27.546 0.0000000000
60157  -4.326  -27.104  27.111 0.0000000000
60160  -4.850  -27.298  26.631 0.0000000000
60161  -5.692  -27.491  26.328 0.0000000000
60167  -6.584  -27.606  26.205 0.0000000000
60168  -7.452  -27.649  25.990 0.0000000000
60169  -8.116  -27.801  25.395 0.0000000000
60170  -8.370  -28.413  25.174 0.0000000000
60177  -8.061  -27.534  24.776 0.0000000000
60178  -8.372  -28.224  24.924 0.0000000000
60183  -6.055  -27.335  23.440 0.0000000000
60184  -6.847  -27.556  23.815 0.0000000000
60185  -7.568  -27.840  24.294 0.0000000000
60186  -8.052  -28.233  24.590 0.0000000000
61037  -4.588  -26.451  35.534 0.0000000000
61038  -5.220  -26.443  35.702 0.0000000000
61039  -5.893  -26.378  35.403 0.0000000000
61054  -3.739  -27.002  34.233 0.0000000000
61055  -4.078  -26.586  34.809 0.0000000000
61056  -6.553  -26.313  34.904 0.0000000000
61057  -7.222  -26.350  34.436 0.0000000000
61072  -3.704  -26.928  33.507 0.0000000000
61073  -3.914  -26.266  33.917 0.0000000000
61074  -7.972  -26.490  33.933 0.0000000000
61075  -8.764  -26.542  33.405 0.0000000000
61076  -9.440  -26.530  32.866 0.0000000000
61091  -3.735  -26.814  32.664 0.0000000000
61092  -3.885  -26.169  32.977 0.0000000000
61093  -9.927  -26.428  32.427 0.0000000000
61094  -10.425  -26.625  32.033 0.0000000000
61103  -3.737  -26.521  31.751 0.0000000000
61104  -3.814  -26.212  32.354 0.0000000000
61105  -10.919  -26.691  31.614 0.0000000000
61106  -11.466  -26.410  31.224 0.0000000000
61107  -12.420  -26.455  30.991 0.0000000000
61108  -13.458  -26.492  31.219 0.0000000000
61109  -14.427  -26.520  31.685 0.0000000000
61118  -3.678  -26.515  30.646 0.0000000000
61119  -11.893  -25.861  30.803 0.0000000000
61120  -12.339  -25.648  30.794 0.0000000000
61125  -3.654  -26.360  29.568 0.0000000000
61130  -3.727  -26.224  28.561 0.0000000000
61134  -3.871  -26.168  27.670 0.0000000000
61135  -4.060  -26.504  27.153 0.0000000000
61145  -3.986  -25.898  27.021 0.0000000000
61146  -4.511  -26.273  26.673 0.0000000000
61147  -5.524  -26.404  26.296 0.0000000000
61148  -6.436  -26.160  26.250 0.0000000000
61160  -6.268  -26.861  26.248 0.0000000000
61161  -7.071  -26.659  26.178 0.0000000000
61162  -7.645  -26.734  25.683 0.0000000000
61175  -8.008  -26.639  25.133 0.0000000000
61189  -5.756  -26.475  23.537 0.0000000000
61190  -6.529  -26.603  23.843 0.0000000000
61191  -7.380  -26.711  24.450 0.0000000000
62114  -4.737  -25.603  35.614 0.0000000000
62115  -4.947  -25.571  35.895 0.0000000000
62116  -5.577  -25.454  35.803 0.0000000000
62125  -4.530  -25.618  35.203 0.0000000000
62126  -6.316  -25.390  35.403 0.0000000000
62127  -6.982  -25.409  34.734 0.0000000000
62132  -4.305  -25.548  34.378 0.0000000000
62133  -7.705  -25.483  34.141 0.0000000000
62134  -8.472  -25.566  33.603 0.0000000000
62135  -9.117  -25.676  33.068 0.0000000000
62143  -4.236  -25.434  33.341 0.0000000000
62144  -9.635  -25.659  32.519 0.0000000000
62145  -10.138  -25.941  32.127 0.0000000000
62155  -3.779  -25.781  31.104 0.0000000000
62156  -4.110  -25.386  32.007 0.0000000000
62157  -10.044  -25.296  32.052 0.0000000000
62158  -10.674  -25.703  31.571 0.0000000000
62159  -11.426  -25.409  30.982 0.0000000000
62160  -12.925  -25.492  31.002 0.0000000000
62161  -13.801  -25.443  31.414 0.0000000000
62162  -14.539  -25.316  32.045 0.0000000000
62173  -3.801  -25.430  30.176 0.0000000000
62174  -3.979  -25.120  30.923 0.0000000000
62175  -11.997  -25.239  30.689 0.0000000000
62176  -12.446  -25.176  30.793 0.0000000000
62183  -3.716  -25.312  29.069 0.0000000000
62186  -3.723  -25.279  28.096 0.0000000000
62195  -3.909  -25.232  27.330 0.0000000000
62207  -4.338  -25.264  26.777 0.0000000000
62208  -5.097  -25.364  26.388 0.0000000000
62209  -6.099  -25.392  26.307 0.0000000000
62210  -7.118  -25.502  26.219 0.0000000000
62211  -7.498  -25.043  25.960 0.0000000000
62220  -7.464  -26.120  25.978 0.0000000000
62221  -7.668  -25.623  25.628 0.0000000000
62229  -7.164  -25.306  24.586 0.0000000000
62230  -7.621  -25.790  24.888 0.0000000000
62237  -5.282  -25.673  23.512 0.0000000000
62238  -6.167  -25.727  23.868 0.0000000000
62239  -6.863  -25.900  24.257 0.0000000000
62240  -7.287  -25.914  24.540 0.0000000000
63095  -4.843  -23.818  36.244 0.0000000000
63096  -5.387  -23.762  36.372 0.0000000000
63097  -5.775  -23.589  36.333 0.0000000000
63110  -4.745  -24.668  35.717 0.0000000000
63111  -5.219  -24.625  36.146 0.0000000000
63112  -6.046  -24.274  36.040 0.0000000000
63125  -4.587  -24.665  34.875 0.0000000000
63126  -6.783  -24.419  35.170 0.0000000000
63127  -7.425  -24.498  34.398 0.0000000000
63137  -4.484  -24.605  33.898 0.0000000000
63138  -8.130  -24.576  33.733 0.0000000000
63139  -8.930  -24.639  33.070 0.0000000000
63140  -9.300  -25.143  32.752 0.0000000000
63145  -4.464  -24.499  32.819 0.0000000000
63146  -9.201  -24.153  32.672 0.0000000000
63147  -9.563  -24.593  32.365 0.0000000000
63148  -13.963  -24.095  32.410 0.0000000000
63156  -4.440  -24.253  31.887 0.0000000000
63157  -10.288  -24.586  31.705 0.0000000000
63158  -11.027  -24.603  31.178 0.0000000000
63159  -11.712  -24.614  30.776 0.0000000000
63160  -13.169  -24.468  31.226 0.0000000000
63161  -13.941  -24.506  31.767 0.0000000000
63162  -14.290  -24.621  32.178 0.0000000000
63172  -4.019  -24.661  30.384 0.0000000000
63173  -4.249  -24.351  30.986 0.0000000000
63174  -12.275  -24.704  30.727 0.0000000000
63175  -12.696  -24.819  30.896 0.0000000000
63182  -3.884  -24.242  29.638 0.0000000000
63183  -4.105  -24.158  30.295 0.0000000000
63185  -3.708  -24.331  28.535 0.0000000000
63196  -3.837  -24.373  27.674 0.0000000000
63206  -4.228  -24.414  27.090 0.0000000000
63207  -4.813  -24.434  26.640 0.0000000000
63208  -5.708  -24.458  26.437 0.0000000000
63209  -6.657  -24.505  26.396 0.0000000000
63210  -7.311  -24.486  26.124 0.0000000000
63218  -7.587  -24.541  25.701 0.0000000000
63219  -7.523  -24.284  25.560 0.0000000000
63227  -6.405  -24.055  24.365 0.0000000000
63228  -6.837  -24.427  24.595 0.0000000000
63229  -7.470  -24.733  25.179 0.0000000000
63230  -7.522  -24.467  25.426 0.0000000000
63238  -5.085  -24.495  23.580 0.0000000000
63239  -6.011  -24.580  23.987 0.0000000000
63240  -6.610  -25.180  24.246 0.0000000000
64137  -4.507  -23.036  36.263 0.0000000000
64138  -4.961  -23.089  36.503 0.0000000000
64139  -5.543  -23.067  36.447 0.0000000000
64152  -4.495  -23.621  35.975 0.0000000000
64153  -6.108  -23.187  36.176 0.0000000000
64167  -4.477  -23.721  35.377 0.0000000000
64168  -6.614  -23.387  35.501 0.0000000000
64169  -7.206  -23.498  34.705 0.0000000000
64179  -4.511  -23.728  34.451 0.0000000000
64180  -7.786  -23.586  33.918 0.0000000000
64181  -8.493  -23.674  33.299 0.0000000000
64191  -4.519  -23.674  33.425 0.0000000000
64192  -8.970  -23.779  32.833 0.0000000000
64193  -9.360  -23.614  32.410 0.0000000000
64194  -13.583  -23.298  32.853 0.0000000000
64196  -4.494  -23.544  32.389 0.0000000000
64197  -9.957  -23.651  31.882 0.0000000000
64198  -10.682  -23.664  31.371 0.0000000000
64199  -11.561  -23.655  30.913 0.0000000000
64200  -12.555  -23.520  31.139 0.0000000000
64201  -13.397  -23.356  31.844 0.0000000000
64208  -4.366  -23.416  31.343 0.0000000000
64209  -12.162  -24.122  30.744 0.0000000000
64210  -12.592  -24.309  30.903 0.0000000000
64217  -3.849  -23.331  29.622 0.0000000000
64218  -4.075  -23.365  30.289 0.0000000000
64220  -3.709  -23.351  28.954 0.0000000000
64233  -3.744  -23.419  27.994 0.0000000000
64241  -4.167  -23.576  27.388 0.0000000000
64242  -4.606  -23.625  26.984 0.0000000000
64243  -5.356  -23.553  26.683 0.0000000000
64244  -6.313  -23.571  26.527 0.0000000000
64245  -7.094  -23.634  26.348 0.0000000000
64252  -7.553  -23.723  25.945 0.0000000000
64253  -7.501  -24.049  25.617 0.0000000000
64260  -6.127  -23.692  24.293 0.0000000000
64261  -6.619  -23.578  24.735 0.0000000000
64262  -7.264  -23.701  25.375 0.0000000000
64263  -7.436  -24.189  25.351 0.0000000000
64271  -4.786  -23.575  23.622 0.0000000000
64272  -5.533  -23.518  23.941 0.0000000000
65140  -4.250  -22.485  36.274 0.0000000000
65141  -4.557  -22.356  36.446 0.0000000000
65142  -5.168  -22.333  36.510 0.0000000000
65156  -4.108  -22.816  35.908 0.0000000000
65157  -5.829  -22.332  36.289 0.0000000000
65175  -4.239  -22.854  34.980 0.0000000000
65176  -6.357  -22.384  35.655 0.0000000000
65177  -6.862  -22.504  34.863 0.0000000000
65191  -4.340  -22.876  33.981 0.0000000000
65192  -7.502  -22.579  34.133 0.0000000000
65193  -8.175  -22.661  33.434 0.0000000000
65194  -13.194  -22.518  33.440 0.0000000000
65210  -4.371  -22.808  32.989 0.0000000000
65211  -8.906  -22.825  32.725 0.0000000000
65212  -9.651  -22.700  32.030 0.0000000000
65213  -12.915  -22.131  32.106 0.0000000000
65214  -13.145  -22.374  32.415 0.0000000000
65226  -4.287  -22.648  31.955 0.0000000000
65227  -10.374  -22.771  31.567 0.0000000000
65228  -11.080  -22.762  31.257 0.0000000000
65229  -11.932  -22.604  31.212 0.0000000000
65230  -12.768  -22.403  31.751 0.0000000000
65231  -13.167  -22.664  31.945 0.0000000000
65241  -3.756  -22.085  30.310 0.0000000000
65242  -3.995  -22.392  30.762 0.0000000000
65249  -3.700  -22.377  29.734 0.0000000000
65250  -3.931  -22.710  30.235 0.0000000000
65255  -3.634  -22.409  28.418 0.0000000000
65271  -4.234  -22.524  27.525 0.0000000000
65272  -4.705  -22.183  27.296 0.0000000000
65280  -4.449  -23.105  27.217 0.0000000000
65281  -4.929  -22.681  27.042 0.0000000000
65282  -6.001  -22.636  26.782 0.0000000000
65283  -6.885  -22.730  26.559 0.0000000000
65284  -7.353  -22.882  26.233 0.0000000000
65290  -7.468  -22.922  25.849 0.0000000000
65295  -5.411  -22.282  24.380 0.0000000000
65296  -6.084  -22.796  24.625 0.0000000000
65297  -6.880  -22.880  25.283 0.0000000000
65298  -7.272  -22.935  25.593 0.0000000000
65304  -4.550  -22.767  23.742 0.0000000000
65305  -5.088  -22.828  23.925 0.0000000000
65306  -5.511  -22.842  24.179 0.0000000000
66161  -3.739  -21.156  36.125 0.0000000000
66162  -3.975  -21.647  36.269 0.0000000000
66163  -4.749  -21.396  36.459 0.0000000000
66164  -5.423  -21.663  36.341 0.0000000000
66179  -3.678  -21.200  35.804 0.0000000000
66180  -3.799  -21.994  35.445 0.0000000000
66181  -5.308  -20.869  36.178 0.0000000000
66182  -5.934  -21.373  35.798 0.0000000000
66196  -3.671  -21.119  34.864 0.0000000000
66197  -3.935  -22.088  34.416 0.0000000000
66198  -6.468  -21.522  34.958 0.0000000000
66199  -7.149  -21.581  34.278 0.0000000000
66200  -12.699  -20.870  33.793 0.0000000000
66201  -12.815  -21.540  34.033 0.0000000000
66212  -3.718  -21.368  33.559 0.0000000000
66213  -4.065  -22.236  33.526 0.0000000000
66214  -7.822  -21.629  33.594 0.0000000000
66215  -8.555  -21.675  32.950 0.0000000000
66216  -12.792  -21.229  33.094 0.0000000000
66217  -12.988  -21.878  33.128 0.0000000000
66230  -3.690  -21.229  32.369 0.0000000000
66231  -4.006  -22.026  32.675 0.0000000000
66232  -9.332  -21.687  32.300 0.0000000000
66233  -10.310  -21.683  31.695 0.0000000000
66234  -10.889  -21.244  31.599 0.0000000000
66235  -12.743  -21.691  32.257 0.0000000000
66236  -12.912  -21.788  32.713 0.0000000000
66252  -3.657  -21.207  31.420 0.0000000000
66253  -3.939  -21.859  31.694 0.0000000000
66254  -10.742  -22.229  31.435 0.0000000000
66255  -11.279  -21.770  31.423 0.0000000000
66256  -12.165  -21.796  31.548 0.0000000000
66257  -12.535  -21.788  31.831 0.0000000000
66273  -3.627  -21.487  30.493 0.0000000000
66274  -3.830  -21.724  31.071 0.0000000000
66285  -3.419  -21.214  29.655 0.0000000000
66297  -3.451  -21.377  28.825 0.0000000000
66311  -3.930  -21.426  27.965 0.0000000000
66312  -4.820  -21.451  27.384 0.0000000000
66313  -5.912  -20.962  27.209 0.0000000000
66314  -6.502  -20.655  27.080 0.0000000000
66317  -4.970  -22.053  27.214 0.0000000000
66318  -5.592  -21.877  27.104 0.0000000000
66319  -6.750  -21.485  26.687 0.0000000000
66320  -7.213  -22.294  26.437 0.0000000000
66323  -6.460  -20.983  25.481 0.0000000000
66324  -7.126  -21.444  25.911 0.0000000000
66325  -7.468  -22.164  26.189 0.0000000000
66328  -4.633  -21.390  24.324 0.0000000000
66329  -5.212  -21.452  24.557 0.0000000000
66330  -5.934  -21.670  24.897 0.0000000000
66331  -6.705  -21.987  25.318 0.0000000000
66332  -7.288  -22.342  25.681 0.0000000000
66338  -4.378  -22.042  23.963 0.0000000000
66339  -4.831  -22.126  24.141 0.0000000000
67303  -3.732  -20.590  36.129 0.0000000000
67304  -4.194  -20.473  36.490 0.0000000000
67305  -4.797  -20.294  36.381 0.0000000000
67319  -3.581  -20.562  35.535 0.0000000000
67320  -5.252  -20.080  36.102 0.0000000000
67321  -5.665  -20.325  35.688 0.0000000000
67322  -12.703  -20.208  34.601 0.0000000000
67323  -12.823  -20.573  34.905 0.0000000000
67336  -3.492  -20.225  34.973 0.0000000000
67337  -6.191  -20.518  35.088 0.0000000000
67338  -6.786  -20.599  34.399 0.0000000000
67339  -12.657  -20.346  34.204 0.0000000000
67340  -12.711  -20.830  34.246 0.0000000000
67352  -3.514  -20.347  34.079 0.0000000000
67353  -7.474  -20.622  33.765 0.0000000000
67354  -8.220  -20.626  33.180 0.0000000000
67355  -12.569  -20.453  33.396 0.0000000000
67365  -3.557  -20.405  32.963 0.0000000000
67366  -8.962  -20.639  32.567 0.0000000000
67367  -9.856  -20.658  32.166 0.0000000000
67368  -10.763  -20.623  31.877 0.0000000000
67369  -11.571  -20.459  31.974 0.0000000000
67370  -12.327  -20.629  32.452 0.0000000000
67385  -3.503  -20.445  31.936 0.0000000000
67386  -11.271  -21.017  31.678 0.0000000000
67387  -11.870  -21.111  31.724 0.0000000000
67388  -12.368  -21.364  31.908 0.0000000000
67404  -3.462  -20.481  31.019 0.0000000000
67415  -3.337  -20.431  30.122 0.0000000000
67428  -3.378  -20.372  29.205 0.0000000000
67436  -3.701  -20.436  28.378 0.0000000000
67437  -4.349  -20.433  27.790 0.0000000000
67438  -5.284  -20.274  27.504 0.0000000000
67439  -6.175  -20.096  27.300 0.0000000000
67442  -6.731  -20.135  26.928 0.0000000000
67444  -6.174  -20.060  25.567 0.0000000000
67445  -6.722  -20.298  26.177 0.0000000000
67450  -4.236  -20.242  24.489 0.0000000000
67451  -4.450  -20.614  24.452 0.0000000000
67452  -4.975  -20.678  24.646 0.0000000000
67453  -5.651  -20.617  25.022 0.0000000000
67458  -4.127  -21.196  24.194 0.0000000000
67459  -4.278  -21.431  24.169 0.0000000000
68508  -12.734  -19.078  36.570 0.0000000000
68517  -3.880  -19.317  36.454 0.0000000000
68518  -4.433  -19.419  36.522 0.0000000000
68519  -5.020  -19.403  36.314 0.0000000000
68520  -12.663  -19.320  35.570 0.0000000000
68521  -13.047  -20.011  35.977 0.0000000000
68530  -3.511  -19.586  35.645 0.0000000000
68531  -5.514  -19.439  35.829 0.0000000000
68532  -6.030  -19.574  35.280 0.0000000000
68533  -12.623  -19.738  34.666 0.0000000000
68534  -12.814  -19.899  35.284 0.0000000000
68545  -3.411  -19.436  34.580 0.0000000000
68546  -6.540  -19.634  34.625 0.0000000000
68547  -7.191  -19.655  34.016 0.0000000000
68548  -12.449  -19.828  33.797 0.0000000000
68561  -3.482  -19.463  33.468 0.0000000000
68562  -7.886  -19.616  33.415 0.0000000000
68563  -8.661  -19.602  32.883 0.0000000000
68564  -12.011  -19.568  32.897 0.0000000000
68565  -12.341  -19.943  33.083 0.0000000000
68575  -3.468  -19.556  32.363 0.0000000000
68576  -9.509  -19.680  32.503 0.0000000000
68577  -10.386  -19.750  32.303 0.0000000000
68578  -11.187  -19.838  32.267 0.0000000000
68579  -11.829  -19.946  32.460 0.0000000000
68580  -12.156  -19.987  32.701 0.0000000000
68596  -3.416  -19.753  31.503 0.0000000000
68611  -3.383  -19.556  30.698 0.0000000000
68622  -3.396  -19.440  29.731 0.0000000000
68632  -3.646  -19.371  28.760 0.0000000000
68633  -4.167  -19.013  28.245 0.0000000000
68635  -4.041  -19.713  28.131 0.0000000000
68636  -4.756  -19.389  27.823 0.0000000000
68637  -5.703  -19.339  27.541 0.0000000000
68638  -6.421  -19.227  27.218 0.0000000000
68640  -6.601  -19.160  26.663 0.0000000000
68642  -4.482  -19.185  24.964 0.0000000000
68643  -4.736  -19.234  25.044 0.0000000000
68644  -5.456  -19.467  25.295 0.0000000000
68645  -6.216  -19.082  25.996 0.0000000000
68650  -4.213  -19.679  24.659 0.0000000000
68651  -4.390  -19.540  24.759 0.0000000000
68652  -4.858  -19.917  24.773 0.0000000000
68653  -5.233  -20.148  24.881 0.0000000000
69588  -11.687  -17.651  36.940 0.0000000000
69589  -12.172  -18.185  37.017 0.0000000000
69598  -3.853  -18.172  36.837 0.0000000000
69599  -4.227  -18.421  36.855 0.0000000000
69600  -4.776  -18.539  36.609 0.0000000000
69601  -10.841  -17.665  36.216 0.0000000000
69602  -11.385  -17.876  36.348 0.0000000000
69603  -12.159  -18.554  35.971 0.0000000000
69612  -3.573  -18.361  36.212 0.0000000000
69613  -5.397  -18.598  36.177 0.0000000000
69614  -5.956  -18.676  35.571 0.0000000000
69615  -10.812  -17.732  35.663 0.0000000000
69616  -11.523  -18.139  35.289 0.0000000000
69617  -12.271  -18.772  34.937 0.0000000000
69626  -3.419  -18.445  35.163 0.0000000000
69627  -6.377  -18.872  34.960 0.0000000000
69628  -7.027  -18.635  34.414 0.0000000000
69629  -7.844  -18.187  34.148 0.0000000000
69630  -10.035  -17.854  34.244 0.0000000000
69631  -10.555  -17.869  34.543 0.0000000000
69632  -11.553  -18.498  34.252 0.0000000000
69633  -12.172  -19.172  34.050 0.0000000000
69644  -3.460  -18.464  33.988 0.0000000000
69645  -7.640  -18.864  33.798 0.0000000000
69646  -8.559  -18.466  33.518 0.0000000000
69647  -9.778  -18.118  33.730 0.0000000000
69648  -10.803  -18.484  33.496 0.0000000000
69649  -11.652  -19.030  33.316 0.0000000000
69650  -12.159  -19.470  33.416 0.0000000000
69660  -3.509  -18.534  32.790 0.0000000000
69661  -9.275  -18.834  32.925 0.0000000000
69662  -10.115  -18.839  32.754 0.0000000000
69663  -10.976  -19.123  32.693 0.0000000000
69664  -11.550  -19.454  32.691 0.0000000000
69677  -3.455  -18.711  31.524 0.0000000000
69692  -3.458  -18.519  30.348 0.0000000000
69699  -3.614  -18.423  29.394 0.0000000000
69701  -4.059  -18.347  28.683 0.0000000000
69702  -4.728  -18.346  28.148 0.0000000000
69703  -5.421  -18.049  27.914 0.0000000000
69705  -5.325  -18.691  27.773 0.0000000000
69706  -6.015  -18.370  27.558 0.0000000000
69707  -6.668  -18.274  27.155 0.0000000000
69709  -5.923  -17.683  26.088 0.0000000000
69710  -6.307  -18.003  26.414 0.0000000000
69715  -4.233  -18.868  25.082 0.0000000000
69716  -4.463  -18.828  25.162 0.0000000000
69717  -5.005  -18.542  25.424 0.0000000000
69718  -5.765  -18.253  25.811 0.0000000000
69719  -6.151  -18.435  26.050 0.0000000000
69724  -4.208  -19.296  24.826 0.0000000000
69725  -4.269  -19.097  24.941 0.0000000000
70557  -3.767  -15.785  38.642 0.0000000000
70558  -3.909  -16.183  38.911 0.0000000000
70559  -4.610  -16.880  39.260 0.0000000000
70560  -5.755  -17.090  39.057 0.0000000000
70561  -6.688  -17.082  38.702 0.0000000000
70570  -3.679  -16.661  37.502 0.0000000000
70571  -3.818  -16.348  38.002 0.0000000000
70572  -4.273  -17.083  38.336 0.0000000000
70573  -5.190  -17.314  38.297 0.0000000000
70574  -6.265  -17.293  38.093 0.0000000000
70575  -7.449  -17.206  37.914 0.0000000000
70576  -8.571  -17.038  37.347 0.0000000000
70577  -9.660  -17.060  36.982 0.0000000000
70578  -10.918  -17.280  36.893 0.0000000000
70579  -12.170  -17.147  37.382 0.0000000000
70580  -12.553  -17.831  37.631 0.0000000000
70586  -3.665  -17.146  36.998 0.0000000000
70587  -3.985  -17.558  37.521 0.0000000000
70588  -4.726  -17.683  37.355 0.0000000000
70589  -5.693  -17.502  37.287 0.0000000000
70590  -6.732  -17.278  37.019 0.0000000000
70591  -7.864  -17.133  36.720 0.0000000000
70592  -9.010  -17.173  36.415 0.0000000000
70593  -10.206  -17.510  36.223 0.0000000000
70594  -10.867  -17.576  36.453 0.0000000000
70603  -3.483  -17.314  35.769 0.0000000000
70604  -5.301  -17.969  36.722 0.0000000000
70605  -6.051  -17.780  36.208 0.0000000000
70606  -7.101  -17.274  35.866 0.0000000000
70607  -8.249  -17.246  35.607 0.0000000000
70608  -9.361  -17.365  35.407 0.0000000000
70609  -10.181  -17.529  35.182 0.0000000000
70618  -3.488  -17.398  34.537 0.0000000000
70619  -6.592  -18.026  35.219 0.0000000000
70620  -7.514  -17.661  34.848 0.0000000000
70621  -8.637  -17.647  34.504 0.0000000000
70622  -9.745  -17.691  34.479 0.0000000000
70623  -10.181  -17.635  34.733 0.0000000000
70629  -3.534  -17.453  33.302 0.0000000000
70630  -9.264  -17.891  34.019 0.0000000000
70631  -9.597  -17.888  34.076 0.0000000000
70639  -3.533  -17.521  32.081 0.0000000000
70646  -3.494  -17.526  30.924 0.0000000000
70657  -3.560  -17.468  29.902 0.0000000000
70660  -4.001  -17.460  29.140 0.0000000000
70663  -4.551  -17.540  28.617 0.0000000000
70664  -5.152  -17.502  28.293 0.0000000000
70665  -5.902  -17.408  27.975 0.0000000000
70666  -6.399  -17.069  27.725 0.0000000000
70669  -6.349  -17.666  27.506 0.0000000000
70670  -6.529  -17.229  27.166 0.0000000000
70673  -5.896  -17.172  26.311 0.0000000000
70674  -6.242  -16.859  26.694 0.0000000000
70679  -4.404  -18.233  25.407 0.0000000000
70680  -4.662  -17.902  25.546 0.0000000000
70681  -5.132  -17.625  25.732 0.0000000000
70682  -5.558  -17.390  26.008 0.0000000000
71604  -3.954  -14.548  39.450 0.0000000000
71605  -4.245  -14.910  39.573 0.0000000000
71606  -4.750  -15.483  39.813 0.0000000000
71618  -3.769  -14.692  38.756 0.0000000000
71619  -4.228  -15.822  39.595 0.0000000000
71620  -5.301  -16.267  39.747 0.0000000000
71621  -6.376  -16.528  39.189 0.0000000000
71622  -7.265  -16.662  38.625 0.0000000000
71634  -3.654  -16.365  37.316 0.0000000000
71635  -3.719  -15.390  37.423 0.0000000000
71636  -8.139  -16.664  38.094 0.0000000000
71637  -9.023  -16.533  37.473 0.0000000000
71638  -10.102  -16.554  37.173 0.0000000000
71639  -11.201  -16.426  37.049 0.0000000000
71640  -12.160  -16.010  37.257 0.0000000000
71647  -3.622  -16.095  36.364 0.0000000000
71648  -3.759  -15.135  36.468 0.0000000000
71658  -3.631  -16.304  35.076 0.0000000000
71668  -3.585  -16.337  33.808 0.0000000000
71675  -3.531  -16.417  32.559 0.0000000000
71684  -3.506  -16.466  31.394 0.0000000000
71693  -3.593  -16.487  30.362 0.0000000000
71705  -3.936  -16.508  29.543 0.0000000000
71712  -4.682  -16.567  28.935 0.0000000000
71713  -5.225  -16.219  28.845 0.0000000000
71716  -4.930  -17.056  28.592 0.0000000000
71717  -5.449  -16.638  28.546 0.0000000000
71718  -6.205  -16.530  28.167 0.0000000000
71719  -6.492  -16.441  27.632 0.0000000000
71722  -6.437  -16.337  27.122 0.0000000000
71725  -4.880  -16.387  26.199 0.0000000000
71726  -5.230  -16.276  26.331 0.0000000000
71727  -5.773  -16.340  26.508 0.0000000000
71728  -6.183  -16.146  26.796 0.0000000000
71733  -4.520  -17.329  25.714 0.0000000000
71734  -4.738  -16.929  25.905 0.0000000000
71735  -5.143  -16.891  26.051 0.0000000000
71736  -5.502  -16.808  26.236 0.0000000000
72567  -4.304  -13.942  39.581 0.0000000000
72568  -4.948  -14.765  39.601 0.0000000000
72569  -5.310  -15.487  39.643 0.0000000000
72580  -5.634  -14.995  39.339 0.0000000000
72581  -6.013  -15.754  39.397 0.0000000000
72582  -6.918  -15.954  38.882 0.0000000000
72583  -7.723  -16.226  38.543 0.0000000000
72595  -7.537  -15.728  38.518 0.0000000000
72596  -8.358  -15.873  38.021 0.0000000000
72597  -9.360  -15.958  37.367 0.0000000000
72598  -10.320  -15.831  36.949 0.0000000000
72599  -11.343  -15.484  36.779 0.0000000000
72606  -3.716  -15.449  36.075 0.0000000000
72607  -3.797  -15.039  35.878 0.0000000000
72608  -8.751  -15.457  37.381 0.0000000000
72609  -9.432  -15.283  36.867 0.0000000000
72610  -10.396  -14.976  36.462 0.0000000000
72611  -11.371  -14.506  36.372 0.0000000000
72621  -3.731  -15.468  35.518 0.0000000000
72622  -3.764  -14.726  35.284 0.0000000000
72631  -3.654  -15.089  34.348 0.0000000000
72632  -3.671  -14.359  34.742 0.0000000000
72640  -3.535  -15.301  32.961 0.0000000000
72647  -3.500  -15.397  31.776 0.0000000000
72655  -3.604  -15.458  30.708 0.0000000000
72666  -3.882  -15.579  29.881 0.0000000000
72677  -4.453  -15.641  29.412 0.0000000000
72678  -5.319  -15.615  29.067 0.0000000000
72679  -5.848  -15.313  28.946 0.0000000000
72684  -5.498  -16.063  28.806 0.0000000000
72685  -5.970  -15.760  28.674 0.0000000000
72686  -6.512  -15.748  28.089 0.0000000000
72691  -6.447  -15.745  27.508 0.0000000000
72696  -4.333  -15.678  26.346 0.0000000000
72697  -4.528  -15.613  26.386 0.0000000000
72698  -4.877  -15.673  26.435 0.0000000000
72699  -5.391  -15.604  26.592 0.0000000000
72700  -5.897  -15.609  26.791 0.0000000000
72701  -6.283  -15.670  27.080 0.0000000000
72707  -4.480  -16.348  26.133 0.0000000000
72708  -4.641  -16.189  26.238 0.0000000000
73580  -6.278  -15.149  38.934 0.0000000000
73581  -6.948  -15.405  38.590 0.0000000000
73592  -6.548  -14.824  38.510 0.0000000000
73593  -7.412  -15.100  38.133 0.0000000000
73594  -8.161  -15.194  37.641 0.0000000000
73599  -3.780  -14.338  35.981 0.0000000000
73600  -7.690  -14.734  37.508 0.0000000000
73601  -8.418  -14.726  36.971 0.0000000000
73602  -9.403  -14.330  36.361 0.0000000000
73603  -10.430  -13.970  36.027 0.0000000000
73604  -11.350  -13.530  36.051 0.0000000000
73612  -3.595  -13.619  34.675 0.0000000000
73613  -3.664  -13.987  35.186 0.0000000000
73622  -3.604  -13.937  34.148 0.0000000000
73623  -3.629  -13.992  34.697 0.0000000000
73633  -3.550  -14.199  33.168 0.0000000000
73644  -3.527  -14.338  32.060 0.0000000000
73654  -3.594  -14.411  30.993 0.0000000000
73664  -4.081  -14.493  30.030 0.0000000000
73665  -4.640  -14.072  29.787 0.0000000000
73678  -4.259  -15.055  29.646 0.0000000000
73679  -4.915  -14.615  29.512 0.0000000000
73680  -5.901  -14.692  29.053 0.0000000000
73681  -6.264  -14.336  28.718 0.0000000000
73690  -6.079  -15.164  28.829 0.0000000000
73691  -6.373  -14.880  28.472 0.0000000000
73696  -5.799  -14.385  27.252 0.0000000000
73697  -6.212  -14.651  27.498 0.0000000000
73698  -6.459  -15.078  27.793 0.0000000000
73703  -4.484  -15.016  26.527 0.0000000000
73704  -4.698  -14.854  26.608 0.0000000000
73705  -5.095  -14.870  26.715 0.0000000000
73706  -5.583  -14.939  26.890 0.0000000000
73707  -6.035  -15.067  27.123 0.0000000000
73708  -6.312  -15.234  27.387 0.0000000000
74576  -6.603  -14.484  38.165 0.0000000000
74577  -7.102  -14.503  37.716 0.0000000000
74582  -3.576  -12.601  35.821 0.0000000000
74583  -3.654  -13.313  36.335 0.0000000000
74584  -6.548  -14.014  37.797 0.0000000000
74585  -7.344  -13.992  37.112 0.0000000000
74586  -8.390  -13.569  36.464 0.0000000000
74587  -9.445  -13.114  35.918 0.0000000000
74588  -10.512  -13.012  35.785 0.0000000000
74594  -3.563  -13.065  35.174 0.0000000000
74595  -3.665  -13.694  35.681 0.0000000000
74596  -9.418  -12.517  35.736 0.0000000000
74597  -9.867  -12.469  35.655 0.0000000000
74598  -10.534  -12.320  35.614 0.0000000000
74607  -3.578  -13.038  34.129 0.0000000000
74616  -3.558  -13.182  33.214 0.0000000000
74625  -3.539  -13.316  32.226 0.0000000000
74632  -3.640  -13.408  31.247 0.0000000000
74640  -4.089  -13.496  30.461 0.0000000000
74641  -4.614  -13.583  29.996 0.0000000000
74654  -5.086  -13.658  29.709 0.0000000000
74655  -5.684  -13.753  29.339 0.0000000000
74656  -6.195  -13.816  28.882 0.0000000000
74671  -6.417  -13.987  28.424 0.0000000000
74686  -4.726  -13.221  27.217 0.0000000000
74687  -5.113  -13.396  27.260 0.0000000000
74688  -5.605  -13.611  27.394 0.0000000000
74689  -6.091  -13.901  27.604 0.0000000000
74690  -6.430  -14.306  27.928 0.0000000000
74697  -4.609  -14.003  26.873 0.0000000000
74698  -4.887  -14.067  26.914 0.0000000000
74699  -5.320  -14.196  27.049 0.0000000000
75569  -5.590  -13.724  38.789 0.0000000000
75574  -3.578  -11.975  36.474 0.0000000000
75575  -3.634  -12.845  36.935 0.0000000000
75576  -6.502  -13.113  37.565 0.0000000000
75577  -7.408  -12.769  36.746 0.0000000000
75578  -8.453  -12.321  36.071 0.0000000000
75579  -9.126  -12.491  35.804 0.0000000000
75587  -3.638  -11.998  35.234 0.0000000000
75588  -8.607  -11.683  35.791 0.0000000000
75589  -9.211  -11.948  35.661 0.0000000000
75590  -10.044  -11.784  35.490 0.0000000000
75591  -10.830  -11.729  35.534 0.0000000000
75605  -3.619  -12.134  34.251 0.0000000000
75618  -3.578  -12.229  33.274 0.0000000000
75627  -3.520  -12.336  32.318 0.0000000000
75635  -3.609  -12.429  31.388 0.0000000000
75648  -4.047  -12.517  30.620 0.0000000000
75649  -4.867  -12.645  30.109 0.0000000000
75650  -5.463  -12.260  29.910 0.0000000000
75663  -5.052  -13.168  29.897 0.0000000000
75664  -5.606  -12.794  29.674 0.0000000000
75665  -6.205  -12.984  29.130 0.0000000000
75677  -6.384  -13.189  28.549 0.0000000000
75695  -4.418  -12.221  27.442 0.0000000000
75696  -4.616  -12.349  27.421 0.0000000000
75697  -4.958  -12.545  27.437 0.0000000000
75698  -5.438  -12.781  27.537 0.0000000000
75699  -5.949  -13.087  27.724 0.0000000000
75700  -6.348  -13.489  28.018 0.0000000000
75716  -4.529  -12.962  27.276 0.0000000000
76578  -4.752  -12.370  39.222 0.0000000000
76585  -3.664  -10.747  36.921 0.0000000000
76586  -5.334  -12.090  38.765 0.0000000000
76587  -5.927  -12.143  38.109 0.0000000000
76591  -3.760  -10.703  36.047 0.0000000000
76592  -6.645  -11.900  37.241 0.0000000000
76593  -7.427  -11.613  36.507 0.0000000000
76594  -8.088  -11.298  35.959 0.0000000000
76603  -3.778  -10.998  35.299 0.0000000000
76604  -8.719  -11.125  35.649 0.0000000000
76605  -9.482  -11.085  35.460 0.0000000000
76606  -10.301  -11.037  35.383 0.0000000000
76618  -3.728  -11.145  34.316 0.0000000000
76628  -3.589  -11.268  33.345 0.0000000000
76639  -3.469  -11.377  32.396 0.0000000000
76652  -3.516  -11.471  31.488 0.0000000000
76664  -3.922  -11.552  30.725 0.0000000000
76665  -4.723  -11.654  30.312 0.0000000000
76666  -5.420  -11.766  30.056 0.0000000000
76675  -5.858  -11.870  29.769 0.0000000000
76676  -6.251  -12.048  29.331 0.0000000000
76686  -6.105  -11.764  28.342 0.0000000000
76687  -6.361  -12.310  28.717 0.0000000000
76701  -4.546  -11.504  27.629 0.0000000000
76702  -4.823  -11.679  27.618 0.0000000000
76703  -5.285  -11.916  27.681 0.0000000000
76704  -5.810  -12.230  27.859 0.0000000000
76705  -6.205  -12.656  28.175 0.0000000000
77535  -3.605  -11.918  38.114 0.0000000000
77536  -4.074  -11.801  39.262 0.0000000000
77551  -3.570  -10.350  37.610 0.0000000000
77552  -4.516  -11.171  39.339 0.0000000000
77553  -5.053  -11.169  39.143 0.0000000000
77565  -3.764  -9.691  36.934 0.0000000000
77566  -3.832  -9.217  36.683 0.0000000000
77567  -5.608  -11.078  38.568 0.0000000000
77568  -6.198  -10.965  37.832 0.0000000000
77573  -3.849  -9.790  36.172 0.0000000000
77574  -3.844  -9.341  36.450 0.0000000000
77575  -6.754  -10.784  37.000 0.0000000000
77576  -7.427  -10.578  36.347 0.0000000000
77577  -8.131  -10.399  35.866 0.0000000000
77586  -3.841  -9.946  35.289 0.0000000000
77587  -8.899  -10.285  35.542 0.0000000000
77588  -9.739  -10.263  35.379 0.0000000000
77589  -10.564  -10.284  35.377 0.0000000000
77597  -3.753  -10.130  34.364 0.0000000000
77606  -3.583  -10.276  33.405 0.0000000000
77618  -3.440  -10.413  32.464 0.0000000000
77630  -3.445  -10.530  31.588 0.0000000000
77638  -3.795  -10.605  30.840 0.0000000000
77639  -4.624  -10.688  30.474 0.0000000000
77640  -5.602  -10.834  30.154 0.0000000000
77641  -6.105  -10.469  29.882 0.0000000000
77649  -5.839  -11.367  29.930 0.0000000000
77650  -6.194  -11.024  29.599 0.0000000000
77660  -4.528  -9.999  28.192 0.0000000000
77661  -4.914  -10.221  28.188 0.0000000000
77662  -5.431  -10.483  28.292 0.0000000000
77663  -5.968  -10.822  28.514 0.0000000000
77664  -6.347  -11.334  28.887 0.0000000000
77676  -4.459  -10.521  27.975 0.0000000000
77677  -4.679  -10.815  27.886 0.0000000000
77678  -5.104  -11.058  27.915 0.0000000000
77679  -5.634  -11.356  28.065 0.0000000000
78585  -3.699  -10.411  39.022 0.0000000000
78586  -4.139  -10.354  39.496 0.0000000000
78598  -3.529  -9.988  38.299 0.0000000000
78599  -4.714  -10.211  39.401 0.0000000000
78600  -5.281  -10.136  38.971 0.0000000000
78611  -3.601  -9.362  37.588 0.0000000000
78612  -3.835  -8.964  36.959 0.0000000000
78613  -5.873  -10.036  38.371 0.0000000000
78614  -6.352  -9.911  37.587 0.0000000000
78624  -3.874  -9.133  36.065 0.0000000000
78625  -3.883  -8.839  36.368 0.0000000000
78626  -6.845  -9.765  36.805 0.0000000000
78627  -7.544  -9.622  36.260 0.0000000000
78628  -8.284  -9.485  35.802 0.0000000000
78641  -3.841  -8.885  35.408 0.0000000000
78642  -3.881  -8.768  35.920 0.0000000000
78643  -9.146  -9.342  35.476 0.0000000000
78644  -10.052  -9.515  35.376 0.0000000000
78654  -3.717  -9.112  34.423 0.0000000000
78665  -3.552  -9.267  33.470 0.0000000000
78678  -3.390  -9.410  32.492 0.0000000000
78688  -3.423  -9.614  31.647 0.0000000000
78696  -3.687  -9.717  30.991 0.0000000000
78697  -4.437  -9.729  30.620 0.0000000000
78698  -5.330  -9.816  30.393 0.0000000000
78699  -5.994  -9.897  30.024 0.0000000000
78706  -6.249  -10.154  29.619 0.0000000000
78714  -4.253  -9.055  28.468 0.0000000000
78715  -4.386  -9.252  28.406 0.0000000000
78716  -4.750  -9.403  28.399 0.0000000000
78717  -5.245  -9.605  28.456 0.0000000000
78718  -5.782  -9.884  28.648 0.0000000000
78719  -6.229  -10.226  29.058 0.0000000000
78727  -4.213  -9.398  28.377 0.0000000000
78728  -4.329  -9.796  28.255 0.0000000000
79581  -3.846  -9.260  39.430 0.0000000000
79582  -4.383  -9.241  39.624 0.0000000000
79595  -3.565  -9.104  38.893 0.0000000000
79596  -4.974  -9.240  39.282 0.0000000000
79597  -5.461  -9.153  38.730 0.0000000000
79609  -3.531  -8.754  38.179 0.0000000000
79610  -3.745  -8.407  37.418 0.0000000000
79611  -5.999  -9.047  38.099 0.0000000000
79612  -6.473  -8.934  37.380 0.0000000000
79619  -3.942  -8.212  36.647 0.0000000000
79620  -7.043  -8.823  36.743 0.0000000000
79621  -7.719  -8.732  36.264 0.0000000000
79622  -8.475  -8.576  35.835 0.0000000000
79632  -3.817  -7.952  35.110 0.0000000000
79633  -3.905  -8.189  35.848 0.0000000000
79634  -9.107  -8.542  35.594 0.0000000000
79635  -9.638  -8.780  35.464 0.0000000000
79636  -10.371  -8.845  35.485 0.0000000000
79645  -3.672  -8.139  34.458 0.0000000000
79655  -3.516  -8.273  33.570 0.0000000000
79664  -3.410  -8.380  32.579 0.0000000000
79673  -3.585  -8.524  31.455 0.0000000000
79674  -4.008  -8.197  30.890 0.0000000000
79682  -3.619  -9.135  31.150 0.0000000000
79683  -4.139  -8.764  30.770 0.0000000000
79684  -5.108  -8.832  30.557 0.0000000000
79685  -5.800  -8.929  30.138 0.0000000000
79692  -6.172  -9.248  29.552 0.0000000000
79701  -4.387  -8.542  28.521 0.0000000000
79702  -4.636  -8.625  28.541 0.0000000000
79703  -5.077  -8.756  28.596 0.0000000000
79704  -5.595  -8.973  28.769 0.0000000000
79705  -6.027  -9.301  28.987 0.0000000000
80542  -4.031  -8.242  39.683 0.0000000000
80543  -4.739  -8.150  39.352 0.0000000000
80544  -5.024  -7.473  39.133 0.0000000000
80560  -3.714  -8.215  39.256 0.0000000000
80561  -5.190  -8.603  39.026 0.0000000000
80562  -5.592  -7.916  38.511 0.0000000000
80563  -6.111  -7.237  38.092 0.0000000000
80574  -3.555  -8.002  38.717 0.0000000000
80575  -3.672  -7.665  37.951 0.0000000000
80576  -6.172  -8.398  37.841 0.0000000000
80577  -6.687  -7.739  37.369 0.0000000000
80578  -7.353  -7.114  36.983 0.0000000000
80585  -3.956  -7.471  37.069 0.0000000000
80586  -7.302  -8.242  36.699 0.0000000000
80587  -7.847  -7.715  36.501 0.0000000000
80588  -8.991  -7.769  35.878 0.0000000000
80589  -9.947  -7.402  35.845 0.0000000000
80590  -10.883  -7.412  35.987 0.0000000000
80599  -3.856  -7.271  35.341 0.0000000000
80600  -3.985  -7.357  36.178 0.0000000000
80601  -9.379  -8.309  35.602 0.0000000000
80602  -9.816  -8.180  35.573 0.0000000000
80603  -10.608  -8.127  35.661 0.0000000000
80610  -3.651  -7.257  34.554 0.0000000000
80613  -3.492  -7.325  33.716 0.0000000000
80616  -3.452  -7.389  32.786 0.0000000000
80620  -3.639  -7.444  31.806 0.0000000000
80621  -4.346  -7.546  30.973 0.0000000000
80622  -5.267  -7.312  30.691 0.0000000000
80623  -5.618  -7.158  30.546 0.0000000000
80628  -4.335  -8.118  30.787 0.0000000000
80629  -4.856  -8.045  30.702 0.0000000000
80630  -5.662  -7.737  30.384 0.0000000000
80635  -6.117  -8.087  29.845 0.0000000000
80640  -4.388  -7.930  28.602 0.0000000000
80641  -4.586  -7.910  28.633 0.0000000000
80642  -4.943  -7.947  28.711 0.0000000000
80643  -5.419  -8.081  28.884 0.0000000000
80644  -5.868  -8.342  29.266 0.0000000000
81524  -4.245  -7.476  39.560 0.0000000000
81525  -4.606  -7.081  39.391 0.0000000000
81526  -5.168  -6.781  39.040 0.0000000000
81538  -3.862  -7.183  39.410 0.0000000000
81539  -3.795  -6.239  39.300 0.0000000000
81540  -5.817  -6.696  38.509 0.0000000000
81541  -6.440  -6.647  37.991 0.0000000000
81546  -3.624  -7.533  39.070 0.0000000000
81547  -3.683  -6.779  38.661 0.0000000000
81548  -7.092  -6.577  37.427 0.0000000000
81549  -7.986  -6.542  36.881 0.0000000000
81550  -8.597  -6.038  36.925 0.0000000000
81555  -3.932  -6.617  37.550 0.0000000000
81556  -8.486  -7.148  36.414 0.0000000000
81557  -9.143  -6.596  36.432 0.0000000000
81558  -10.288  -6.628  36.245 0.0000000000
81565  -3.906  -6.449  35.651 0.0000000000
81566  -4.060  -6.525  36.563 0.0000000000
81568  -3.666  -6.413  34.798 0.0000000000
81571  -3.491  -6.422  33.933 0.0000000000
81575  -3.440  -6.448  33.031 0.0000000000
81578  -3.616  -6.469  32.133 0.0000000000
81579  -4.251  -6.506  31.418 0.0000000000
81580  -5.232  -6.547  30.881 0.0000000000
81581  -5.537  -6.931  30.641 0.0000000000
81584  -5.692  -6.228  30.642 0.0000000000
81585  -5.789  -6.725  30.481 0.0000000000
81590  -5.151  -6.673  29.082 0.0000000000
81591  -5.481  -6.543  29.302 0.0000000000
81592  -5.886  -6.552  29.654 0.0000000000
81593  -6.172  -6.905  30.070 0.0000000000
81600  -4.595  -7.364  28.755 0.0000000000
81601  -4.854  -7.158  28.867 0.0000000000
81602  -5.240  -7.276  28.998 0.0000000000
81603  -5.655  -7.357  29.277 0.0000000000
81604  -5.963  -7.435  29.627 0.0000000000
82493  -4.205  -6.777  39.591 0.0000000000
82494  -4.606  -5.918  39.605 0.0000000000
82495  -5.680  -5.721  39.084 0.0000000000
82496  -6.415  -5.452  38.773 0.0000000000
82501  -3.967  -6.303  39.667 0.0000000000
82502  -4.010  -5.496  39.505 0.0000000000
82503  -6.256  -6.049  38.539 0.0000000000
82504  -6.891  -5.721  38.151 0.0000000000
82505  -7.562  -5.378  37.918 0.0000000000
82511  -3.832  -5.514  38.917 0.0000000000
82512  -7.516  -5.926  37.528 0.0000000000
82513  -8.186  -5.568  37.418 0.0000000000
82514  -9.135  -5.526  37.064 0.0000000000
82515  -10.094  -5.234  37.003 0.0000000000
82521  -4.118  -5.640  38.018 0.0000000000
82522  -9.852  -5.924  36.578 0.0000000000
82523  -10.688  -5.898  36.597 0.0000000000
82529  -4.033  -5.589  36.004 0.0000000000
82530  -4.228  -5.637  36.970 0.0000000000
82534  -3.712  -5.542  35.123 0.0000000000
82537  -3.539  -5.532  34.221 0.0000000000
82541  -3.452  -5.544  33.319 0.0000000000
82545  -3.560  -5.545  32.447 0.0000000000
82546  -4.003  -5.544  31.711 0.0000000000
82547  -4.823  -5.560  31.236 0.0000000000
82552  -5.581  -5.581  30.716 0.0000000000
82553  -5.884  -6.077  30.439 0.0000000000
82559  -5.062  -5.734  29.235 0.0000000000
82560  -5.255  -5.885  29.270 0.0000000000
82561  -5.685  -5.601  29.642 0.0000000000
82562  -6.036  -5.571  30.142 0.0000000000
82563  -6.025  -6.311  30.261 0.0000000000
82571  -4.751  -6.520  28.991 0.0000000000
82572  -4.962  -6.530  29.026 0.0000000000
83446  -4.311  -4.594  39.827 0.0000000000
83447  -5.264  -4.673  39.750 0.0000000000
83448  -6.511  -4.675  39.283 0.0000000000
83449  -7.614  -4.221  39.232 0.0000000000
83450  -8.151  -4.056  39.207 0.0000000000
83455  -4.002  -4.517  39.226 0.0000000000
83456  -6.779  -5.160  38.698 0.0000000000
83457  -7.356  -4.892  38.565 0.0000000000
83458  -8.264  -4.347  38.636 0.0000000000
83459  -9.111  -4.162  38.114 0.0000000000
83460  -9.780  -4.152  37.866 0.0000000000
83467  -4.232  -4.568  38.405 0.0000000000
83468  -7.980  -4.953  38.033 0.0000000000
83469  -8.653  -4.796  37.733 0.0000000000
83470  -9.506  -4.675  37.509 0.0000000000
83471  -10.371  -4.458  37.536 0.0000000000
83477  -4.384  -4.652  37.364 0.0000000000
83480  -3.844  -4.661  35.494 0.0000000000
83481  -4.199  -4.709  36.371 0.0000000000
83484  -3.626  -4.611  34.561 0.0000000000
83487  -3.529  -4.664  33.634 0.0000000000
83491  -3.528  -4.673  32.778 0.0000000000
83495  -3.757  -4.627  31.987 0.0000000000
83496  -4.443  -4.615  31.476 0.0000000000
83497  -5.212  -4.605  31.066 0.0000000000
83504  -5.696  -4.535  30.547 0.0000000000
83513  -5.352  -4.934  29.517 0.0000000000
83514  -5.554  -4.633  29.643 0.0000000000
83515  -5.819  -4.500  29.907 0.0000000000
83516  -5.893  -4.313  30.193 0.0000000000
84418  -4.057  -3.512  39.538 0.0000000000
84419  -4.752  -3.512  40.047 0.0000000000
84420  -5.900  -3.612  39.910 0.0000000000
84421  -7.050  -3.605  39.604 0.0000000000
84422  -8.203  -3.554  39.383 0.0000000000
84423  -9.190  -3.195  39.049 0.0000000000
84436  -4.099  -3.502  38.734 0.0000000000
84437  -8.406  -3.977  39.124 0.0000000000
84438  -8.862  -3.840  38.857 0.0000000000
84439  -9.838  -3.659  38.380 0.0000000000
84453  -4.339  -3.562  37.734 0.0000000000
84454  -10.135  -4.010  37.917 0.0000000000
84469  -4.285  -3.760  36.682 0.0000000000
84483  -3.694  -3.571  35.034 0.0000000000
84484  -3.969  -3.953  35.906 0.0000000000
84497  -3.602  -3.710  33.912 0.0000000000
84508  -3.565  -3.932  33.120 0.0000000000
84516  -3.650  -3.752  32.387 0.0000000000
84524  -4.120  -3.698  31.717 0.0000000000
84525  -4.863  -3.712  31.324 0.0000000000
84526  -5.487  -3.665  30.925 0.0000000000
84534  -5.815  -3.534  30.452 0.0000000000
84542  -5.593  -3.466  29.699 0.0000000000
84543  -5.771  -3.484  29.829 0.0000000000
84544  -5.931  -3.477  30.069 0.0000000000
85436  -3.738  -1.890  39.259 0.0000000000
85437  -4.233  -2.402  39.646 0.0000000000
85438  -5.303  -2.428  39.678 0.0000000000
85439  -6.464  -2.768  39.614 0.0000000000
85440  -7.559  -2.805  39.521 0.0000000000
85441  -8.566  -2.690  39.330 0.0000000000
85462  -3.628  -1.850  38.720 0.0000000000
85463  -3.818  -2.595  39.073 0.0000000000
85464  -5.447  -1.887  39.324 0.0000000000
85465  -5.985  -2.049  39.204 0.0000000000
85466  -6.957  -2.271  39.010 0.0000000000
85467  -7.955  -2.258  38.937 0.0000000000
85483  -3.641  -1.761  38.290 0.0000000000
85484  -3.890  -2.383  38.098 0.0000000000
85498  -4.120  -2.714  36.962 0.0000000000
85510  -3.600  -2.373  35.240 0.0000000000
85511  -3.876  -3.076  35.998 0.0000000000
85524  -3.542  -2.621  34.187 0.0000000000
85541  -3.566  -2.878  33.042 0.0000000000
85556  -3.825  -2.754  32.018 0.0000000000
85566  -4.564  -2.785  31.504 0.0000000000
85567  -5.208  -2.945  31.190 0.0000000000
85568  -5.670  -2.705  30.822 0.0000000000
85574  -5.978  -2.575  30.328 0.0000000000
85580  -5.650  -1.951  29.640 0.0000000000
85581  -5.771  -2.377  29.720 0.0000000000
85582  -5.982  -2.519  29.930 0.0000000000
86490  -3.973  -1.436  39.425 0.0000000000
86491  -4.637  -1.554  39.410 0.0000000000
86492  -5.172  -1.782  39.373 0.0000000000
86504  -3.631  -1.217  38.952 0.0000000000
86505  -4.726  -1.101  39.141 0.0000000000
86506  -5.341  -1.316  38.855 0.0000000000
86507  -6.410  -1.641  38.497 0.0000000000
86519  -3.622  -1.289  38.368 0.0000000000
86520  -3.677  -1.543  37.894 0.0000000000
86534  -3.681  -1.224  36.394 0.0000000000
86535  -3.790  -1.668  37.173 0.0000000000
86545  -3.570  -1.359  35.530 0.0000000000
86546  -3.719  -2.074  36.213 0.0000000000
86554  -3.482  -1.530  34.524 0.0000000000
86564  -3.487  -1.679  33.467 0.0000000000
86575  -3.688  -1.738  32.460 0.0000000000
86582  -4.274  -1.758  31.723 0.0000000000
86583  -5.190  -1.889  31.257 0.0000000000
86584  -5.832  -1.663  30.678 0.0000000000
86587  -6.109  -1.584  30.135 0.0000000000
86592  -5.526  -0.742  29.595 0.0000000000
86593  -5.716  -1.231  29.662 0.0000000000
86594  -5.939  -1.651  29.808 0.0000000000
87474  -4.189  -1.116  39.389 0.0000000000
87475  -4.385  -0.976  39.249 0.0000000000
87485  -3.960  -0.649  39.089 0.0000000000
87486  -4.593  -0.656  38.839 0.0000000000
87497  -3.723  -0.461  38.271 0.0000000000
87498  -3.665  -1.003  37.862 0.0000000000
87511  -3.679  -0.608  37.148 0.0000000000
87512  -3.700  -1.194  37.524 0.0000000000
87524  -3.607  -0.451  35.950 0.0000000000
87532  -3.533  -0.527  34.906 0.0000000000
87541  -3.478  -0.635  33.884 0.0000000000
87551  -3.568  -0.697  32.886 0.0000000000
87560  -3.934  -0.709  32.011 0.0000000000
87561  -4.754  -0.719  31.512 0.0000000000
87562  -5.555  -0.672  31.056 0.0000000000
87571  -5.260  0.313  29.502 0.0000000000
88410  -3.897  -0.139  38.607 0.0000000000
88411  -4.183  -0.055  38.610 0.0000000000
88420  -3.865  0.479  38.234 0.0000000000
88432  -3.673  0.475  37.464 0.0000000000
88447  -3.585  0.506  36.423 0.0000000000
88460  -3.540  0.451  35.318 0.0000000000
88470  -3.466  0.328  34.297 0.0000000000
88479  -3.495  0.267  33.342 0.0000000000
88488  -3.717  0.290  32.440 0.0000000000
88501  -4.901  1.081  29.349 0.0000000000
88515  -4.739  1.371  29.364 0.0000000000
89405  -3.539  1.473  35.704 0.0000000000
89421  -3.449  1.316  34.632 0.0000000000
89431  -3.405  1.064  33.771 0.0000000000
89485  -4.797  1.736  29.313 0.0000000000
90423  -4.889  2.554  29.272 0.0000000000
132642  -3.709  -14.507  37.718 0.0000000000
132643  -3.791  -14.377  36.940 0.0000000000
132644  -4.765  -13.184  39.309 0.0000000000
132645  -3.880  -13.041  39.158 0.0000000000
132646  -3.686  -13.476  37.500 0.0000000000
132647  -3.606  -12.566  37.304 0.0000000000
132648  -4.338  -12.326  39.350 0.0000000000
132649  -4.306  -12.780  39.411 0.0000000000
132650  -5.024  -13.091  39.172 0.0000000000
