#!ascii label  , from subject bert vox2ras=TkReg
909
50101  -21.688  -37.295  -7.141 0.0000000000
50102  -22.757  -37.201  -7.135 0.0000000000
50103  -23.756  -37.146  -7.191 0.0000000000
50104  -24.545  -37.016  -7.221 0.0000000000
51101  -14.487  -36.033  -7.053 0.0000000000
51102  -14.757  -36.276  -6.807 0.0000000000
51103  -15.693  -36.092  -6.758 0.0000000000
51104  -16.345  -36.049  -6.565 0.0000000000
51109  -14.525  -36.137  -7.218 0.0000000000
51110  -14.488  -36.455  -7.209 0.0000000000
51113  -20.964  -36.627  -7.743 0.0000000000
51114  -22.136  -36.513  -7.525 0.0000000000
51115  -23.174  -36.476  -7.515 0.0000000000
51116  -24.122  -36.451  -7.516 0.0000000000
51117  -25.011  -36.471  -7.414 0.0000000000
51118  -25.985  -36.587  -7.193 0.0000000000
51119  -27.086  -36.618  -7.073 0.0000000000
51131  -14.613  -36.194  -7.444 0.0000000000
51132  -14.887  -36.535  -7.845 0.0000000000
51133  -15.756  -36.573  -8.607 0.0000000000
51136  -19.047  -36.740  -8.602 0.0000000000
51137  -20.026  -36.273  -8.293 0.0000000000
51138  -20.774  -35.940  -8.307 0.0000000000
51146  -16.370  -36.198  -9.008 0.0000000000
51147  -17.025  -36.460  -9.436 0.0000000000
51149  -18.814  -36.020  -9.148 0.0000000000
52165  -16.630  -35.279  -6.149 0.0000000000
52177  -14.715  -35.696  -7.022 0.0000000000
52178  -15.174  -35.474  -6.940 0.0000000000
52179  -16.102  -35.345  -6.766 0.0000000000
52180  -16.585  -35.784  -6.339 0.0000000000
52188  -14.672  -35.871  -7.309 0.0000000000
52189  -15.215  -35.196  -7.147 0.0000000000
52190  -15.548  -35.074  -7.087 0.0000000000
52191  -21.593  -35.892  -8.057 0.0000000000
52192  -22.580  -35.782  -7.859 0.0000000000
52193  -23.583  -35.755  -7.792 0.0000000000
52194  -24.549  -35.758  -7.715 0.0000000000
52195  -25.500  -35.786  -7.628 0.0000000000
52196  -26.515  -35.737  -7.604 0.0000000000
52197  -27.593  -35.766  -7.559 0.0000000000
52198  -28.618  -35.935  -7.482 0.0000000000
52209  -14.794  -36.032  -7.737 0.0000000000
52210  -15.175  -35.839  -8.196 0.0000000000
52211  -15.847  -35.624  -8.745 0.0000000000
52212  -19.431  -35.938  -8.793 0.0000000000
52213  -20.130  -35.487  -8.746 0.0000000000
52214  -21.066  -35.365  -8.593 0.0000000000
52215  -21.960  -35.161  -8.353 0.0000000000
52216  -22.980  -35.065  -8.196 0.0000000000
52217  -24.011  -35.084  -8.112 0.0000000000
52218  -24.987  -35.094  -7.987 0.0000000000
52219  -25.902  -35.144  -7.949 0.0000000000
52220  -27.561  -35.142  -7.872 0.0000000000
52221  -28.140  -35.197  -7.847 0.0000000000
52222  -29.088  -35.307  -7.788 0.0000000000
52223  -30.244  -35.628  -7.785 0.0000000000
52228  -16.556  -35.578  -9.254 0.0000000000
52229  -17.358  -35.639  -9.607 0.0000000000
52230  -18.246  -35.507  -9.558 0.0000000000
52231  -19.208  -35.297  -9.342 0.0000000000
52232  -19.904  -34.864  -9.208 0.0000000000
53303  -16.170  -34.094  -5.645 0.0000000000
53304  -16.352  -34.604  -5.773 0.0000000000
53319  -14.899  -35.454  -7.019 0.0000000000
53320  -15.045  -35.272  -7.109 0.0000000000
53321  -16.386  -34.709  -6.492 0.0000000000
53332  -14.930  -35.468  -7.196 0.0000000000
53333  -15.383  -35.023  -7.404 0.0000000000
53334  -15.990  -34.533  -7.097 0.0000000000
53335  -26.472  -35.151  -7.914 0.0000000000
53336  -27.014  -35.142  -7.890 0.0000000000
53339  -15.011  -35.518  -7.655 0.0000000000
53340  -15.470  -34.885  -8.203 0.0000000000
53341  -16.080  -34.771  -8.968 0.0000000000
53342  -20.549  -34.930  -8.984 0.0000000000
53343  -21.259  -34.661  -8.905 0.0000000000
53344  -22.275  -34.346  -8.748 0.0000000000
53345  -23.429  -34.399  -8.546 0.0000000000
53346  -24.459  -34.434  -8.424 0.0000000000
53347  -25.451  -34.494  -8.337 0.0000000000
53348  -26.440  -34.651  -8.272 0.0000000000
53349  -27.471  -34.620  -8.321 0.0000000000
53350  -28.470  -34.677  -8.314 0.0000000000
53351  -29.440  -34.739  -8.314 0.0000000000
53352  -30.434  -34.806  -8.472 0.0000000000
53353  -31.186  -34.838  -8.783 0.0000000000
53355  -16.776  -34.798  -9.493 0.0000000000
53356  -17.539  -34.789  -9.848 0.0000000000
53357  -18.432  -34.682  -9.912 0.0000000000
53358  -19.329  -34.443  -9.689 0.0000000000
53359  -20.328  -34.241  -9.408 0.0000000000
53360  -21.317  -33.894  -9.304 0.0000000000
53361  -22.062  -33.623  -9.162 0.0000000000
53362  -27.965  -34.227  -8.782 0.0000000000
53363  -28.709  -34.164  -8.864 0.0000000000
53364  -29.668  -34.116  -8.853 0.0000000000
53365  -30.637  -34.184  -8.977 0.0000000000
54360  -15.391  -33.728  -4.886 0.0000000000
54376  -16.054  -33.508  -5.894 0.0000000000
54377  -16.287  -33.999  -5.934 0.0000000000
54394  -16.002  -33.344  -6.938 0.0000000000
54395  -16.281  -34.020  -6.480 0.0000000000
54412  -15.585  -33.835  -7.693 0.0000000000
54413  -16.027  -33.888  -7.101 0.0000000000
54418  -15.892  -33.916  -8.614 0.0000000000
54419  -16.350  -33.959  -9.276 0.0000000000
54420  -22.891  -33.701  -8.939 0.0000000000
54421  -23.893  -33.748  -8.825 0.0000000000
54422  -24.919  -33.781  -8.732 0.0000000000
54423  -25.948  -33.907  -8.708 0.0000000000
54424  -26.775  -34.109  -8.687 0.0000000000
54425  -27.342  -33.992  -8.880 0.0000000000
54427  -16.935  -34.069  -9.738 0.0000000000
54428  -17.568  -33.901  -10.204 0.0000000000
54429  -18.596  -33.923  -10.251 0.0000000000
54430  -19.498  -33.669  -10.021 0.0000000000
54431  -20.433  -33.249  -9.816 0.0000000000
54432  -21.440  -33.097  -9.521 0.0000000000
54433  -22.351  -33.048  -9.294 0.0000000000
54434  -23.304  -33.077  -9.189 0.0000000000
54435  -24.316  -33.121  -9.187 0.0000000000
54436  -25.399  -33.159  -9.196 0.0000000000
54437  -26.620  -33.407  -9.210 0.0000000000
54438  -27.836  -33.600  -9.311 0.0000000000
54439  -28.919  -33.551  -9.392 0.0000000000
54440  -29.919  -33.464  -9.279 0.0000000000
54441  -30.936  -33.544  -9.380 0.0000000000
54445  -17.961  -33.373  -10.435 0.0000000000
54446  -18.688  -33.175  -10.486 0.0000000000
54447  -19.576  -32.924  -10.373 0.0000000000
54448  -20.177  -32.624  -10.281 0.0000000000
55428  -15.686  -32.691  -7.583 0.0000000000
55441  -15.725  -32.874  -8.648 0.0000000000
55442  -16.022  -33.404  -9.114 0.0000000000
55444  -15.920  -32.399  -9.140 0.0000000000
55445  -16.545  -32.912  -9.744 0.0000000000
55446  -17.397  -33.196  -10.279 0.0000000000
55447  -20.779  -32.361  -10.036 0.0000000000
55448  -21.740  -32.439  -9.692 0.0000000000
55449  -22.690  -32.455  -9.567 0.0000000000
55450  -23.665  -32.480  -9.564 0.0000000000
55451  -24.681  -32.449  -9.582 0.0000000000
55452  -25.852  -32.337  -9.822 0.0000000000
55453  -27.130  -32.712  -9.764 0.0000000000
55454  -28.204  -32.835  -9.795 0.0000000000
55455  -29.222  -32.818  -9.752 0.0000000000
55456  -30.229  -32.770  -9.629 0.0000000000
55457  -31.252  -32.841  -9.740 0.0000000000
55462  -16.907  -32.184  -10.249 0.0000000000
55463  -17.652  -32.575  -10.524 0.0000000000
55464  -18.825  -32.413  -10.747 0.0000000000
55465  -19.755  -32.272  -10.621 0.0000000000
55466  -20.286  -32.224  -10.419 0.0000000000
55467  -26.036  -31.817  -10.290 0.0000000000
55468  -26.653  -31.999  -10.232 0.0000000000
55469  -27.588  -32.138  -10.253 0.0000000000
55470  -28.577  -32.157  -10.263 0.0000000000
55471  -29.566  -32.101  -10.106 0.0000000000
55472  -30.568  -32.125  -10.027 0.0000000000
55473  -31.609  -32.224  -10.195 0.0000000000
56485  -15.717  -31.927  -8.199 0.0000000000
56486  -15.761  -31.624  -8.685 0.0000000000
56496  -15.771  -32.097  -8.786 0.0000000000
56497  -16.008  -31.777  -9.258 0.0000000000
56498  -20.780  -31.946  -10.250 0.0000000000
56499  -21.182  -31.910  -10.106 0.0000000000
56500  -22.066  -31.906  -9.983 0.0000000000
56501  -23.010  -31.881  -9.922 0.0000000000
56502  -23.967  -31.915  -9.993 0.0000000000
56503  -24.841  -31.863  -10.004 0.0000000000
56506  -16.513  -31.660  -9.981 0.0000000000
56507  -17.119  -31.590  -10.619 0.0000000000
56508  -18.107  -31.616  -11.039 0.0000000000
56509  -19.209  -31.755  -11.046 0.0000000000
56510  -20.411  -31.597  -10.680 0.0000000000
56511  -21.440  -31.442  -10.404 0.0000000000
56512  -22.354  -31.389  -10.374 0.0000000000
56513  -23.309  -31.360  -10.370 0.0000000000
56514  -24.282  -31.344  -10.375 0.0000000000
56515  -25.382  -31.418  -10.441 0.0000000000
56516  -26.247  -31.483  -10.605 0.0000000000
56517  -27.041  -31.559  -10.689 0.0000000000
56518  -27.942  -31.561  -10.731 0.0000000000
56519  -28.981  -31.366  -10.746 0.0000000000
56520  -29.947  -31.510  -10.442 0.0000000000
56521  -30.876  -31.524  -10.421 0.0000000000
56522  -31.851  -31.544  -10.566 0.0000000000
56526  -18.698  -31.215  -11.350 0.0000000000
56527  -19.447  -31.164  -11.391 0.0000000000
56528  -20.055  -31.004  -11.350 0.0000000000
56529  -25.854  -31.041  -10.862 0.0000000000
56530  -26.497  -31.054  -11.059 0.0000000000
56531  -27.330  -31.073  -11.172 0.0000000000
56532  -28.170  -30.989  -11.160 0.0000000000
56533  -28.732  -30.841  -11.130 0.0000000000
57530  -15.900  -31.147  -8.004 0.0000000000
57531  -16.048  -30.643  -8.507 0.0000000000
57546  -15.800  -31.411  -8.401 0.0000000000
57547  -15.830  -31.036  -8.796 0.0000000000
57562  -16.128  -30.852  -9.618 0.0000000000
57565  -16.641  -30.738  -10.381 0.0000000000
57566  -17.379  -30.683  -11.107 0.0000000000
57567  -18.133  -30.887  -11.385 0.0000000000
57568  -21.024  -31.062  -10.721 0.0000000000
57569  -21.665  -30.883  -10.759 0.0000000000
57570  -22.632  -30.804  -10.753 0.0000000000
57571  -23.611  -30.748  -10.708 0.0000000000
57572  -24.573  -30.756  -10.742 0.0000000000
57573  -25.304  -30.785  -10.903 0.0000000000
57574  -29.615  -31.094  -10.774 0.0000000000
57575  -30.215  -30.962  -10.760 0.0000000000
57576  -31.127  -30.892  -10.760 0.0000000000
57577  -31.923  -30.895  -10.877 0.0000000000
57585  -17.913  -30.320  -11.597 0.0000000000
57586  -18.674  -30.610  -11.788 0.0000000000
57587  -19.646  -30.596  -11.846 0.0000000000
57588  -20.696  -30.565  -11.365 0.0000000000
57589  -21.915  -30.341  -11.287 0.0000000000
57590  -22.950  -30.236  -11.203 0.0000000000
57591  -23.934  -30.129  -11.056 0.0000000000
57592  -24.871  -30.232  -11.167 0.0000000000
57593  -25.804  -30.491  -11.312 0.0000000000
57594  -26.741  -30.510  -11.494 0.0000000000
57595  -27.617  -30.468  -11.485 0.0000000000
57596  -28.440  -30.425  -11.402 0.0000000000
57597  -29.371  -30.550  -11.182 0.0000000000
57598  -30.462  -30.294  -11.144 0.0000000000
57599  -31.462  -30.296  -11.134 0.0000000000
57600  -32.455  -30.493  -11.322 0.0000000000
57609  -20.041  -30.263  -12.118 0.0000000000
57610  -20.480  -29.958  -12.125 0.0000000000
58573  -16.264  -30.306  -8.238 0.0000000000
58583  -16.211  -30.148  -9.097 0.0000000000
58602  -16.416  -29.922  -9.984 0.0000000000
58615  -16.935  -29.806  -10.695 0.0000000000
58616  -17.489  -29.695  -11.390 0.0000000000
58626  -18.060  -29.705  -12.202 0.0000000000
58627  -19.030  -30.125  -12.358 0.0000000000
58628  -19.599  -30.193  -12.271 0.0000000000
58629  -21.280  -29.844  -11.898 0.0000000000
58630  -22.313  -29.769  -11.824 0.0000000000
58631  -23.311  -29.633  -11.617 0.0000000000
58632  -24.293  -29.593  -11.506 0.0000000000
58633  -25.234  -29.758  -11.661 0.0000000000
58634  -26.162  -29.878  -11.807 0.0000000000
58635  -27.082  -29.874  -11.818 0.0000000000
58636  -27.967  -29.834  -11.731 0.0000000000
58637  -28.821  -29.805  -11.644 0.0000000000
58638  -29.755  -29.485  -11.636 0.0000000000
58639  -30.910  -29.595  -11.418 0.0000000000
58640  -31.867  -29.683  -11.461 0.0000000000
58641  -32.754  -29.544  -11.785 0.0000000000
58649  -18.212  -29.172  -12.574 0.0000000000
58650  -18.696  -29.432  -12.729 0.0000000000
58651  -19.711  -29.692  -12.628 0.0000000000
58652  -20.679  -29.345  -12.503 0.0000000000
58653  -21.672  -29.158  -12.363 0.0000000000
58654  -22.709  -29.079  -12.198 0.0000000000
58655  -23.694  -29.020  -11.969 0.0000000000
58656  -24.666  -29.069  -11.965 0.0000000000
58657  -25.603  -29.205  -12.137 0.0000000000
58658  -26.548  -29.249  -12.194 0.0000000000
58659  -27.490  -29.240  -12.147 0.0000000000
58660  -28.404  -29.258  -12.058 0.0000000000
58661  -29.030  -29.317  -11.922 0.0000000000
58662  -32.962  -28.927  -12.047 0.0000000000
59560  -16.471  -29.265  -9.006 0.0000000000
59576  -16.557  -29.172  -9.658 0.0000000000
59594  -16.809  -29.033  -10.315 0.0000000000
59595  -17.209  -28.891  -10.986 0.0000000000
59605  -17.570  -28.836  -11.780 0.0000000000
59606  -29.870  -28.826  -11.919 0.0000000000
59607  -30.520  -28.901  -11.747 0.0000000000
59608  -31.453  -29.023  -11.657 0.0000000000
59609  -32.094  -29.191  -11.664 0.0000000000
59615  -17.916  -28.869  -12.377 0.0000000000
59616  -18.331  -28.631  -12.846 0.0000000000
59617  -19.124  -28.942  -13.192 0.0000000000
59618  -20.057  -28.896  -13.165 0.0000000000
59619  -20.985  -28.587  -12.912 0.0000000000
59620  -22.134  -28.326  -12.843 0.0000000000
59621  -23.150  -28.470  -12.478 0.0000000000
59622  -24.083  -28.454  -12.349 0.0000000000
59623  -25.050  -28.502  -12.400 0.0000000000
59624  -26.006  -28.585  -12.537 0.0000000000
59625  -26.975  -28.578  -12.523 0.0000000000
59626  -27.974  -28.597  -12.490 0.0000000000
59627  -29.141  -28.675  -12.278 0.0000000000
59628  -30.108  -28.279  -12.140 0.0000000000
59629  -31.087  -28.268  -11.919 0.0000000000
59630  -32.240  -28.544  -11.916 0.0000000000
59631  -33.116  -28.397  -12.341 0.0000000000
59635  -18.756  -28.240  -13.335 0.0000000000
59636  -19.450  -28.252  -13.560 0.0000000000
59637  -20.344  -28.145  -13.579 0.0000000000
59638  -21.258  -27.940  -13.392 0.0000000000
59639  -21.899  -27.787  -13.305 0.0000000000
60540  -16.781  -28.451  -9.544 0.0000000000
60563  -16.846  -28.382  -10.092 0.0000000000
60564  -17.039  -28.186  -10.634 0.0000000000
60580  -17.318  -27.968  -11.371 0.0000000000
60585  -17.727  -27.957  -12.294 0.0000000000
60586  -18.297  -27.658  -13.006 0.0000000000
60587  -22.845  -28.064  -12.845 0.0000000000
60588  -23.495  -27.937  -12.799 0.0000000000
60589  -24.468  -27.864  -12.748 0.0000000000
60590  -25.461  -27.884  -12.806 0.0000000000
60591  -26.436  -27.922  -12.892 0.0000000000
60592  -27.409  -27.907  -12.896 0.0000000000
60593  -28.422  -27.834  -12.847 0.0000000000
60594  -29.518  -27.575  -12.767 0.0000000000
60595  -30.599  -27.526  -12.396 0.0000000000
60596  -31.639  -27.595  -12.268 0.0000000000
60597  -32.593  -27.682  -12.409 0.0000000000
60598  -33.305  -27.711  -12.751 0.0000000000
60603  -18.876  -27.537  -13.602 0.0000000000
60604  -19.673  -27.486  -13.991 0.0000000000
60605  -20.636  -27.370  -13.934 0.0000000000
60606  -21.588  -27.309  -13.640 0.0000000000
60607  -22.638  -27.515  -13.283 0.0000000000
60608  -23.836  -27.305  -13.211 0.0000000000
60609  -24.894  -27.237  -13.170 0.0000000000
60610  -25.895  -27.296  -13.292 0.0000000000
60611  -26.865  -27.325  -13.377 0.0000000000
60612  -27.812  -27.279  -13.404 0.0000000000
60613  -28.724  -27.108  -13.413 0.0000000000
60614  -29.457  -26.827  -13.368 0.0000000000
61593  -16.994  -27.749  -10.076 0.0000000000
61594  -17.189  -26.983  -10.109 0.0000000000
61616  -17.012  -27.858  -10.395 0.0000000000
61617  -17.118  -27.182  -10.830 0.0000000000
61637  -17.444  -26.924  -11.831 0.0000000000
61645  -17.860  -26.838  -12.635 0.0000000000
61646  -18.413  -26.726  -13.276 0.0000000000
61647  -30.218  -26.853  -13.002 0.0000000000
61648  -31.156  -26.802  -12.656 0.0000000000
61649  -32.137  -26.890  -12.637 0.0000000000
61650  -33.002  -27.043  -12.799 0.0000000000
61651  -33.439  -27.253  -13.018 0.0000000000
61658  -19.033  -26.660  -13.918 0.0000000000
61659  -19.916  -26.522  -14.518 0.0000000000
61660  -21.067  -26.619  -14.169 0.0000000000
61661  -22.128  -26.658  -13.886 0.0000000000
61662  -23.228  -26.662  -13.698 0.0000000000
61663  -24.324  -26.625  -13.627 0.0000000000
61664  -25.366  -26.627  -13.636 0.0000000000
61665  -26.357  -26.666  -13.711 0.0000000000
61666  -27.297  -26.677  -13.771 0.0000000000
61667  -28.142  -26.586  -13.777 0.0000000000
61668  -28.928  -26.226  -13.846 0.0000000000
61669  -29.842  -26.193  -13.525 0.0000000000
61670  -30.737  -26.142  -13.197 0.0000000000
61671  -31.690  -26.131  -12.994 0.0000000000
61672  -32.674  -26.251  -13.021 0.0000000000
61673  -33.603  -26.679  -13.373 0.0000000000
61683  -20.053  -25.860  -14.868 0.0000000000
61684  -20.670  -25.975  -14.739 0.0000000000
61685  -21.630  -25.958  -14.459 0.0000000000
61686  -22.702  -25.956  -14.245 0.0000000000
61687  -23.785  -25.941  -14.045 0.0000000000
61688  -24.843  -26.016  -14.092 0.0000000000
61689  -25.861  -26.030  -14.087 0.0000000000
61690  -26.837  -26.059  -14.129 0.0000000000
61691  -27.755  -26.073  -14.118 0.0000000000
61692  -28.341  -26.108  -14.039 0.0000000000
62654  -17.380  -26.132  -10.776 0.0000000000
62672  -17.493  -25.948  -11.477 0.0000000000
62685  -17.716  -25.743  -12.356 0.0000000000
62686  -17.996  -26.038  -12.997 0.0000000000
62694  -17.912  -25.239  -13.046 0.0000000000
62695  -18.467  -25.622  -13.608 0.0000000000
62696  -19.115  -25.920  -14.219 0.0000000000
62697  -28.960  -25.780  -14.087 0.0000000000
62698  -29.409  -25.577  -14.000 0.0000000000
62699  -30.318  -25.486  -13.642 0.0000000000
62700  -31.235  -25.419  -13.389 0.0000000000
62701  -32.208  -25.432  -13.291 0.0000000000
62702  -33.240  -25.515  -13.427 0.0000000000
62708  -18.843  -25.267  -14.190 0.0000000000
62709  -19.456  -25.442  -14.742 0.0000000000
62710  -20.260  -25.321  -15.161 0.0000000000
62711  -21.142  -25.393  -15.022 0.0000000000
62712  -22.168  -25.227  -14.855 0.0000000000
62713  -23.293  -25.261  -14.535 0.0000000000
62714  -24.349  -25.296  -14.410 0.0000000000
62715  -25.375  -25.368  -14.450 0.0000000000
62716  -26.370  -25.389  -14.449 0.0000000000
62717  -27.367  -25.386  -14.433 0.0000000000
62718  -28.526  -25.467  -14.292 0.0000000000
62719  -29.275  -24.914  -14.320 0.0000000000
62723  -20.734  -24.920  -15.338 0.0000000000
62724  -21.407  -24.800  -15.383 0.0000000000
62725  -22.139  -24.614  -15.354 0.0000000000
63649  -17.783  -25.005  -11.287 0.0000000000
63664  -17.651  -24.722  -11.953 0.0000000000
63683  -17.611  -24.532  -12.739 0.0000000000
63693  -17.820  -24.332  -13.691 0.0000000000
63694  -18.461  -24.901  -13.956 0.0000000000
63695  -29.974  -24.849  -14.066 0.0000000000
63696  -30.790  -24.759  -13.753 0.0000000000
63697  -31.728  -24.624  -13.604 0.0000000000
63698  -32.661  -24.730  -13.516 0.0000000000
63699  -33.365  -24.607  -13.718 0.0000000000
63702  -18.056  -23.909  -14.335 0.0000000000
63703  -18.676  -24.469  -14.510 0.0000000000
63704  -19.636  -24.477  -15.272 0.0000000000
63705  -20.297  -24.767  -15.395 0.0000000000
63706  -22.910  -24.641  -15.068 0.0000000000
63707  -23.879  -24.596  -14.785 0.0000000000
63708  -24.903  -24.643  -14.723 0.0000000000
63709  -25.901  -24.705  -14.755 0.0000000000
63710  -26.851  -24.703  -14.733 0.0000000000
63711  -27.834  -24.526  -14.717 0.0000000000
63712  -28.799  -24.394  -14.609 0.0000000000
63713  -29.626  -24.203  -14.473 0.0000000000
63714  -30.460  -24.147  -14.212 0.0000000000
63715  -31.148  -24.163  -13.925 0.0000000000
63720  -19.911  -23.876  -15.606 0.0000000000
63721  -20.596  -24.272  -15.704 0.0000000000
63722  -21.642  -24.157  -15.734 0.0000000000
63723  -22.535  -24.097  -15.561 0.0000000000
63724  -23.458  -24.060  -15.361 0.0000000000
63725  -24.428  -23.980  -15.123 0.0000000000
63726  -25.442  -24.001  -15.062 0.0000000000
63727  -26.417  -24.065  -15.071 0.0000000000
63728  -27.187  -24.116  -14.994 0.0000000000
64675  -17.686  -23.489  -11.509 0.0000000000
64690  -17.432  -23.664  -12.355 0.0000000000
64710  -17.086  -23.014  -13.205 0.0000000000
64711  -17.173  -23.647  -13.068 0.0000000000
64722  -17.037  -23.203  -13.383 0.0000000000
64723  -17.181  -23.245  -13.625 0.0000000000
64724  -31.693  -23.917  -13.891 0.0000000000
64725  -32.398  -24.069  -13.745 0.0000000000
64726  -32.932  -24.243  -13.687 0.0000000000
64728  -17.598  -23.379  -14.244 0.0000000000
64729  -18.374  -23.402  -14.821 0.0000000000
64730  -18.970  -23.949  -15.017 0.0000000000
64731  -27.716  -23.833  -15.074 0.0000000000
64732  -28.373  -23.805  -14.976 0.0000000000
64733  -29.171  -23.491  -14.995 0.0000000000
64734  -30.084  -23.416  -14.621 0.0000000000
64735  -31.101  -23.437  -14.293 0.0000000000
64736  -32.108  -23.356  -14.062 0.0000000000
64737  -33.213  -23.636  -13.978 0.0000000000
64741  -18.679  -22.950  -15.238 0.0000000000
64742  -19.259  -23.407  -15.422 0.0000000000
64743  -20.165  -23.305  -15.975 0.0000000000
64744  -21.089  -23.444  -16.180 0.0000000000
64745  -22.029  -23.489  -15.880 0.0000000000
64746  -22.969  -23.467  -15.782 0.0000000000
64747  -23.935  -23.396  -15.628 0.0000000000
64748  -24.939  -23.309  -15.434 0.0000000000
64749  -25.980  -23.387  -15.483 0.0000000000
64750  -27.087  -23.448  -15.416 0.0000000000
64751  -28.073  -23.307  -15.364 0.0000000000
64752  -28.639  -23.350  -15.237 0.0000000000
64756  -20.407  -22.916  -16.278 0.0000000000
64757  -20.638  -23.110  -16.253 0.0000000000
65694  -17.565  -22.720  -12.108 0.0000000000
65714  -17.216  -22.460  -13.019 0.0000000000
65715  -17.265  -22.900  -12.757 0.0000000000
65730  -17.127  -22.647  -13.370 0.0000000000
65731  -17.085  -22.805  -13.630 0.0000000000
65739  -17.133  -22.439  -13.599 0.0000000000
65740  -17.250  -22.599  -14.023 0.0000000000
65741  -17.731  -22.591  -14.600 0.0000000000
65742  -29.256  -23.068  -15.261 0.0000000000
65743  -29.659  -22.921  -15.172 0.0000000000
65744  -30.646  -22.539  -14.977 0.0000000000
65745  -31.622  -22.641  -14.531 0.0000000000
65746  -32.601  -22.637  -14.360 0.0000000000
65747  -33.572  -22.636  -14.552 0.0000000000
65749  -18.267  -22.502  -15.116 0.0000000000
65750  -18.856  -22.485  -15.585 0.0000000000
65751  -19.514  -22.779  -15.841 0.0000000000
65752  -21.175  -23.063  -16.331 0.0000000000
65753  -21.563  -22.998  -16.253 0.0000000000
65754  -22.415  -22.876  -16.136 0.0000000000
65755  -23.384  -22.819  -16.115 0.0000000000
65756  -24.395  -22.741  -16.016 0.0000000000
65757  -25.425  -22.663  -15.852 0.0000000000
65758  -26.491  -22.659  -15.806 0.0000000000
65759  -27.645  -22.564  -15.792 0.0000000000
65760  -28.893  -22.742  -15.526 0.0000000000
65761  -29.872  -22.255  -15.558 0.0000000000
65762  -30.472  -22.015  -15.475 0.0000000000
65766  -19.294  -22.238  -15.988 0.0000000000
65767  -19.941  -22.497  -16.304 0.0000000000
65768  -20.875  -22.722  -16.522 0.0000000000
65769  -21.805  -22.449  -16.631 0.0000000000
65770  -22.750  -22.259  -16.572 0.0000000000
65771  -23.776  -22.144  -16.572 0.0000000000
65772  -24.821  -22.013  -16.382 0.0000000000
65773  -25.863  -21.988  -16.245 0.0000000000
65774  -26.863  -21.920  -16.146 0.0000000000
65775  -27.660  -21.784  -16.136 0.0000000000
66761  -17.309  -22.160  -12.981 0.0000000000
66762  -17.442  -21.915  -12.723 0.0000000000
66777  -17.252  -22.175  -13.285 0.0000000000
66778  -17.436  -21.482  -13.514 0.0000000000
66789  -17.309  -21.781  -13.828 0.0000000000
66790  -17.527  -21.678  -14.289 0.0000000000
66791  -17.872  -21.946  -14.892 0.0000000000
66792  -31.345  -22.178  -14.948 0.0000000000
66793  -32.002  -21.902  -14.837 0.0000000000
66794  -32.965  -21.872  -14.686 0.0000000000
66795  -33.783  -21.758  -14.876 0.0000000000
66798  -17.812  -21.352  -14.925 0.0000000000
66799  -18.232  -21.637  -15.502 0.0000000000
66800  -18.842  -21.864  -15.906 0.0000000000
66801  -28.338  -21.980  -15.979 0.0000000000
66802  -29.205  -21.512  -15.937 0.0000000000
66803  -30.163  -21.542  -15.715 0.0000000000
66804  -31.065  -21.597  -15.347 0.0000000000
66805  -31.891  -21.183  -15.194 0.0000000000
66810  -18.615  -21.350  -16.053 0.0000000000
66811  -19.264  -21.628  -16.372 0.0000000000
66812  -20.153  -21.766  -16.901 0.0000000000
66813  -21.126  -21.996  -17.150 0.0000000000
66814  -22.062  -21.818  -17.147 0.0000000000
66815  -23.032  -21.554  -17.025 0.0000000000
66816  -24.158  -21.251  -17.022 0.0000000000
66817  -25.254  -21.351  -16.715 0.0000000000
66818  -26.231  -21.290  -16.563 0.0000000000
66819  -27.189  -21.206  -16.401 0.0000000000
66820  -28.174  -21.158  -16.212 0.0000000000
66821  -28.829  -20.866  -16.253 0.0000000000
66825  -20.595  -21.393  -17.394 0.0000000000
66826  -21.312  -21.300  -17.600 0.0000000000
66827  -22.261  -21.110  -17.603 0.0000000000
66828  -23.192  -20.878  -17.448 0.0000000000
66829  -23.806  -20.706  -17.416 0.0000000000
67905  -17.834  -20.482  -13.066 0.0000000000
67929  -17.664  -20.666  -14.028 0.0000000000
67949  -17.699  -20.846  -14.665 0.0000000000
67950  -32.504  -21.312  -14.965 0.0000000000
67951  -33.190  -21.110  -14.925 0.0000000000
67952  -33.889  -21.020  -15.069 0.0000000000
67958  -17.827  -20.729  -15.331 0.0000000000
67959  -18.137  -20.829  -16.008 0.0000000000
67960  -29.807  -21.045  -15.890 0.0000000000
67961  -30.420  -20.715  -15.765 0.0000000000
67962  -31.386  -20.560  -15.458 0.0000000000
67963  -32.420  -20.497  -15.227 0.0000000000
67964  -33.444  -20.358  -15.212 0.0000000000
67971  -18.675  -20.824  -16.448 0.0000000000
67972  -19.361  -20.876  -16.959 0.0000000000
67973  -20.036  -21.069  -17.312 0.0000000000
67974  -24.858  -20.919  -17.085 0.0000000000
67975  -25.515  -20.611  -16.989 0.0000000000
67976  -26.577  -20.547  -16.721 0.0000000000
67977  -27.521  -20.458  -16.537 0.0000000000
67978  -28.411  -20.316  -16.443 0.0000000000
67979  -29.438  -20.402  -16.236 0.0000000000
67980  -30.219  -19.956  -16.067 0.0000000000
67983  -19.714  -20.552  -17.379 0.0000000000
67984  -20.409  -20.676  -17.761 0.0000000000
67985  -21.423  -20.508  -18.075 0.0000000000
67986  -22.444  -20.351  -17.950 0.0000000000
67987  -23.415  -20.294  -17.709 0.0000000000
67988  -24.413  -20.358  -17.450 0.0000000000
67989  -25.197  -19.902  -17.396 0.0000000000
67993  -21.742  -20.029  -18.284 0.0000000000
67994  -22.164  -19.783  -18.316 0.0000000000
69080  -17.934  -19.645  -13.850 0.0000000000
69102  -17.655  -19.883  -14.819 0.0000000000
69119  -17.804  -19.888  -15.992 0.0000000000
69120  -18.246  -20.366  -16.355 0.0000000000
69121  -30.853  -19.895  -15.738 0.0000000000
69122  -31.664  -19.485  -15.598 0.0000000000
69123  -32.838  -19.528  -15.416 0.0000000000
69137  -17.981  -19.457  -16.440 0.0000000000
69138  -18.586  -19.886  -16.804 0.0000000000
69139  -19.287  -20.281  -17.187 0.0000000000
69140  -25.999  -19.865  -17.047 0.0000000000
69141  -26.935  -19.829  -16.890 0.0000000000
69142  -27.781  -19.697  -16.720 0.0000000000
69143  -28.640  -19.282  -16.675 0.0000000000
69144  -29.782  -19.377  -16.439 0.0000000000
69145  -30.556  -19.369  -16.132 0.0000000000
69146  -31.015  -19.391  -15.836 0.0000000000
69153  -18.917  -19.308  -17.150 0.0000000000
69154  -19.526  -19.788  -17.528 0.0000000000
69155  -20.543  -19.708  -18.281 0.0000000000
69156  -21.268  -19.965  -18.380 0.0000000000
69157  -22.887  -19.766  -18.129 0.0000000000
69158  -23.722  -19.702  -17.933 0.0000000000
69159  -24.501  -19.349  -17.883 0.0000000000
69160  -25.470  -19.267  -17.543 0.0000000000
69161  -26.386  -19.224  -17.294 0.0000000000
69162  -27.273  -19.184  -17.112 0.0000000000
69163  -27.887  -19.184  -16.935 0.0000000000
69167  -20.729  -19.146  -18.573 0.0000000000
69168  -21.407  -19.435  -18.548 0.0000000000
69169  -22.338  -19.252  -18.562 0.0000000000
69170  -23.243  -19.220  -18.384 0.0000000000
69171  -23.865  -19.268  -18.179 0.0000000000
70151  -17.912  -18.650  -14.418 0.0000000000
70161  -17.612  -18.854  -15.417 0.0000000000
70162  -31.580  -18.580  -15.985 0.0000000000
70163  -32.285  -18.725  -15.683 0.0000000000
70164  -33.341  -18.598  -15.575 0.0000000000
70175  -17.754  -18.924  -16.181 0.0000000000
70176  -18.044  -19.114  -16.644 0.0000000000
70177  -28.629  -18.322  -17.050 0.0000000000
70178  -29.386  -18.518  -16.760 0.0000000000
70179  -30.323  -18.652  -16.515 0.0000000000
70180  -31.042  -18.898  -16.064 0.0000000000
70194  -18.403  -18.885  -16.982 0.0000000000
70195  -19.110  -18.701  -17.405 0.0000000000
70196  -19.792  -19.050  -17.952 0.0000000000
70197  -24.460  -18.928  -18.153 0.0000000000
70198  -24.915  -18.697  -18.146 0.0000000000
70199  -25.829  -18.660  -17.719 0.0000000000
70200  -26.742  -18.555  -17.526 0.0000000000
70201  -27.813  -18.581  -17.269 0.0000000000
70207  -19.567  -18.359  -17.967 0.0000000000
70208  -20.132  -18.656  -18.571 0.0000000000
70209  -20.877  -18.747  -18.850 0.0000000000
70210  -21.661  -18.731  -18.965 0.0000000000
70211  -22.686  -18.554  -19.044 0.0000000000
70212  -23.954  -18.763  -18.497 0.0000000000
70213  -24.492  -18.381  -18.604 0.0000000000
70218  -20.452  -18.220  -19.013 0.0000000000
70219  -20.988  -18.207  -19.278 0.0000000000
70220  -21.737  -18.170  -19.452 0.0000000000
70221  -22.279  -18.065  -19.555 0.0000000000
71211  -17.625  -17.889  -15.045 0.0000000000
71217  -31.533  -18.258  -16.180 0.0000000000
71218  -31.832  -18.191  -16.045 0.0000000000
71219  -32.484  -18.104  -15.843 0.0000000000
71225  -17.430  -17.939  -15.924 0.0000000000
71226  -17.828  -18.390  -16.590 0.0000000000
71227  -28.644  -17.984  -17.202 0.0000000000
71228  -28.982  -17.893  -17.104 0.0000000000
71229  -29.927  -17.695  -17.053 0.0000000000
71230  -31.143  -18.009  -16.482 0.0000000000
71231  -31.996  -17.572  -16.275 0.0000000000
71232  -32.996  -17.576  -15.943 0.0000000000
71243  -17.603  -17.622  -16.535 0.0000000000
71244  -18.245  -17.887  -17.052 0.0000000000
71245  -19.008  -17.755  -17.647 0.0000000000
71246  -25.474  -18.336  -18.146 0.0000000000
71247  -26.027  -18.057  -18.003 0.0000000000
71248  -27.074  -17.675  -17.874 0.0000000000
71249  -28.285  -17.740  -17.454 0.0000000000
71250  -29.048  -17.295  -17.462 0.0000000000
71251  -29.589  -17.067  -17.478 0.0000000000
71256  -19.499  -17.715  -18.412 0.0000000000
71257  -19.983  -17.949  -18.946 0.0000000000
71258  -23.385  -18.310  -19.072 0.0000000000
71259  -23.975  -18.095  -18.994 0.0000000000
71260  -25.072  -17.923  -18.737 0.0000000000
71261  -26.064  -17.431  -18.411 0.0000000000
71262  -26.645  -17.149  -18.353 0.0000000000
71267  -19.590  -17.447  -19.084 0.0000000000
71268  -20.185  -17.742  -19.603 0.0000000000
71269  -21.055  -17.774  -19.872 0.0000000000
71270  -21.829  -17.742  -19.976 0.0000000000
71271  -22.914  -17.767  -19.693 0.0000000000
71272  -24.053  -17.490  -19.458 0.0000000000
71273  -24.804  -17.216  -19.336 0.0000000000
71277  -20.494  -17.540  -20.301 0.0000000000
71278  -21.102  -17.608  -20.717 0.0000000000
71279  -22.007  -17.386  -20.665 0.0000000000
71280  -22.747  -17.170  -20.439 0.0000000000
71285  -21.391  -17.273  -21.271 0.0000000000
71286  -21.846  -17.047  -21.359 0.0000000000
72171  -17.698  -16.936  -15.283 0.0000000000
72189  -17.297  -16.981  -16.192 0.0000000000
72190  -30.615  -17.297  -16.941 0.0000000000
72191  -31.228  -16.797  -16.864 0.0000000000
72192  -32.285  -16.802  -16.516 0.0000000000
72193  -33.236  -16.717  -16.299 0.0000000000
72202  -17.707  -16.999  -16.805 0.0000000000
72203  -18.366  -16.914  -17.385 0.0000000000
72204  -18.960  -17.111  -17.990 0.0000000000
72205  -27.734  -17.273  -17.877 0.0000000000
72206  -28.291  -16.969  -17.892 0.0000000000
72207  -29.170  -16.547  -17.931 0.0000000000
72208  -30.174  -16.742  -17.437 0.0000000000
72209  -30.721  -16.272  -17.358 0.0000000000
72216  -18.650  -16.503  -17.933 0.0000000000
72217  -19.035  -16.825  -18.657 0.0000000000
72218  -25.448  -17.165  -18.924 0.0000000000
72219  -26.144  -16.748  -18.789 0.0000000000
72220  -27.270  -16.778  -18.384 0.0000000000
72221  -28.221  -16.334  -18.431 0.0000000000
72222  -28.795  -16.072  -18.437 0.0000000000
72227  -19.411  -16.870  -19.588 0.0000000000
72228  -19.936  -17.241  -20.220 0.0000000000
72229  -23.409  -17.188  -20.083 0.0000000000
72230  -24.199  -16.870  -20.024 0.0000000000
72231  -25.193  -16.614  -19.494 0.0000000000
72232  -25.895  -16.163  -19.346 0.0000000000
72236  -19.653  -16.545  -20.373 0.0000000000
72237  -20.251  -17.119  -20.888 0.0000000000
72238  -20.826  -17.213  -21.395 0.0000000000
72239  -22.385  -16.975  -21.003 0.0000000000
72240  -23.202  -16.705  -20.832 0.0000000000
72241  -24.057  -16.464  -20.680 0.0000000000
72246  -19.876  -16.364  -21.006 0.0000000000
72247  -20.392  -16.541  -21.518 0.0000000000
72248  -21.241  -16.769  -21.890 0.0000000000
72249  -22.228  -16.469  -21.581 0.0000000000
72250  -22.981  -16.098  -21.451 0.0000000000
73147  -17.614  -16.278  -15.905 0.0000000000
73172  -17.617  -16.392  -16.461 0.0000000000
73184  -31.790  -16.263  -16.868 0.0000000000
73185  -32.450  -15.902  -16.798 0.0000000000
73186  -33.474  -16.004  -16.552 0.0000000000
73195  -17.855  -16.288  -16.969 0.0000000000
73196  -18.178  -16.033  -17.498 0.0000000000
73197  -29.764  -16.247  -17.908 0.0000000000
73198  -30.270  -15.980  -17.788 0.0000000000
73199  -31.234  -15.618  -17.379 0.0000000000
73200  -32.022  -15.374  -17.155 0.0000000000
73207  -18.518  -15.829  -18.252 0.0000000000
73208  -18.990  -16.139  -19.016 0.0000000000
73209  -26.620  -16.239  -19.040 0.0000000000
73210  -27.395  -15.991  -19.014 0.0000000000
73211  -28.326  -15.650  -18.888 0.0000000000
73212  -29.385  -15.708  -18.385 0.0000000000
73213  -30.302  -15.290  -18.166 0.0000000000
73214  -30.813  -15.025  -17.990 0.0000000000
73219  -18.727  -15.425  -18.887 0.0000000000
73220  -19.148  -15.770  -19.693 0.0000000000
73221  -24.663  -16.386  -20.247 0.0000000000
73222  -25.295  -15.934  -20.021 0.0000000000
73223  -26.373  -15.546  -19.708 0.0000000000
73224  -27.465  -15.326  -19.523 0.0000000000
73225  -28.156  -15.024  -19.391 0.0000000000
73230  -19.515  -15.687  -20.562 0.0000000000
73231  -23.658  -16.209  -21.178 0.0000000000
73232  -24.507  -15.977  -20.969 0.0000000000
73233  -25.465  -15.389  -20.786 0.0000000000
73234  -26.261  -15.020  -20.477 0.0000000000
73238  -19.917  -15.654  -21.318 0.0000000000
73239  -20.590  -15.721  -22.058 0.0000000000
73240  -21.566  -15.875  -22.173 0.0000000000
73241  -22.427  -15.528  -21.937 0.0000000000
73242  -23.489  -15.519  -21.605 0.0000000000
73243  -24.493  -15.193  -21.520 0.0000000000
73244  -25.242  -14.858  -21.449 0.0000000000
73249  -21.141  -15.249  -22.444 0.0000000000
73250  -21.812  -15.132  -22.490 0.0000000000
73251  -22.415  -14.909  -22.499 0.0000000000
74138  -17.692  -16.034  -16.252 0.0000000000
74139  -17.843  -15.689  -16.029 0.0000000000
74159  -17.792  -15.850  -16.562 0.0000000000
74160  -18.040  -15.139  -16.580 0.0000000000
74173  -33.014  -15.559  -16.761 0.0000000000
74174  -33.537  -15.361  -16.728 0.0000000000
74182  -17.905  -15.668  -17.022 0.0000000000
74183  -17.976  -15.160  -17.467 0.0000000000
74189  -31.801  -14.988  -17.379 0.0000000000
74190  -32.623  -15.016  -17.061 0.0000000000
74191  -33.561  -14.637  -16.928 0.0000000000
74196  -18.231  -14.826  -18.313 0.0000000000
74197  -28.780  -15.071  -18.965 0.0000000000
74198  -29.524  -14.705  -18.739 0.0000000000
74199  -30.425  -14.575  -18.376 0.0000000000
74200  -31.201  -14.554  -17.839 0.0000000000
74205  -18.681  -14.659  -19.255 0.0000000000
74206  -19.161  -15.010  -20.054 0.0000000000
74207  -26.879  -14.981  -20.072 0.0000000000
74208  -27.577  -14.676  -19.931 0.0000000000
74209  -28.548  -14.319  -19.525 0.0000000000
74210  -29.373  -13.989  -19.172 0.0000000000
74215  -18.919  -14.294  -20.013 0.0000000000
74216  -19.369  -14.692  -20.816 0.0000000000
74217  -25.928  -14.856  -21.106 0.0000000000
74218  -26.760  -14.466  -20.801 0.0000000000
74219  -27.717  -14.029  -20.372 0.0000000000
74220  -28.367  -13.632  -20.137 0.0000000000
74225  -19.952  -14.750  -21.695 0.0000000000
74226  -20.610  -14.671  -22.263 0.0000000000
74227  -22.924  -14.961  -22.153 0.0000000000
74228  -23.670  -14.728  -22.089 0.0000000000
74229  -24.587  -14.454  -21.941 0.0000000000
74230  -25.707  -14.188  -21.677 0.0000000000
74231  -26.597  -13.856  -21.427 0.0000000000
74236  -21.321  -14.525  -22.606 0.0000000000
74237  -22.074  -14.387  -22.832 0.0000000000
74238  -22.959  -14.394  -22.842 0.0000000000
74239  -23.924  -14.138  -22.720 0.0000000000
74240  -24.778  -13.774  -22.384 0.0000000000
74241  -25.537  -13.450  -22.173 0.0000000000
75166  -17.977  -14.663  -17.053 0.0000000000
75184  -17.951  -14.166  -17.493 0.0000000000
75195  -31.967  -14.407  -17.462 0.0000000000
75196  -32.689  -13.958  -17.329 0.0000000000
75202  -18.161  -13.815  -18.468 0.0000000000
75203  -29.961  -14.070  -18.792 0.0000000000
75204  -30.665  -13.729  -18.516 0.0000000000
75205  -31.664  -13.601  -17.894 0.0000000000
75206  -32.373  -13.178  -17.688 0.0000000000
75211  -18.509  -13.568  -19.457 0.0000000000
75212  -29.021  -13.505  -19.667 0.0000000000
75213  -29.881  -13.379  -19.220 0.0000000000
75214  -30.512  -13.006  -18.963 0.0000000000
75217  -18.912  -13.573  -20.499 0.0000000000
75218  -19.465  -13.783  -21.382 0.0000000000
75219  -27.200  -13.775  -21.017 0.0000000000
75220  -27.860  -13.257  -20.790 0.0000000000
75221  -28.661  -12.969  -20.249 0.0000000000
75225  -20.067  -13.825  -22.036 0.0000000000
75226  -20.790  -13.774  -22.455 0.0000000000
75227  -26.193  -13.493  -21.830 0.0000000000
75228  -27.033  -13.148  -21.603 0.0000000000
75229  -27.741  -12.673  -21.283 0.0000000000
75234  -21.535  -13.687  -22.841 0.0000000000
75235  -22.391  -13.457  -23.496 0.0000000000
75236  -23.421  -13.725  -23.489 0.0000000000
75237  -24.210  -13.436  -23.138 0.0000000000
75238  -24.975  -12.965  -22.678 0.0000000000
75239  -26.152  -12.761  -22.285 0.0000000000
75240  -26.902  -12.607  -22.006 0.0000000000
75246  -23.161  -13.162  -24.047 0.0000000000
75247  -23.855  -13.054  -23.846 0.0000000000
75248  -24.473  -12.728  -23.373 0.0000000000
75249  -24.920  -12.508  -23.087 0.0000000000
76190  -18.073  -13.159  -17.669 0.0000000000
76202  -33.076  -13.175  -17.442 0.0000000000
76208  -18.149  -12.621  -18.618 0.0000000000
76209  -31.120  -12.949  -18.569 0.0000000000
76210  -31.956  -12.621  -18.246 0.0000000000
76211  -32.664  -12.655  -17.781 0.0000000000
76216  -18.504  -12.493  -19.902 0.0000000000
76217  -29.391  -12.761  -19.770 0.0000000000
76218  -30.148  -12.472  -19.408 0.0000000000
76219  -30.755  -12.475  -19.022 0.0000000000
76222  -19.093  -12.558  -21.283 0.0000000000
76223  -19.682  -13.205  -21.774 0.0000000000
76224  -28.328  -12.488  -20.819 0.0000000000
76225  -29.078  -12.153  -20.334 0.0000000000
76226  -29.671  -12.109  -19.821 0.0000000000
76229  -19.420  -12.006  -21.886 0.0000000000
76230  -20.202  -12.622  -22.338 0.0000000000
76231  -21.008  -13.185  -22.648 0.0000000000
76232  -27.405  -12.397  -21.758 0.0000000000
76233  -28.106  -12.013  -21.417 0.0000000000
76234  -28.658  -11.878  -20.911 0.0000000000
76238  -20.865  -12.025  -22.874 0.0000000000
76239  -21.390  -12.647  -23.140 0.0000000000
76240  -22.049  -12.503  -23.777 0.0000000000
76241  -25.463  -12.340  -22.900 0.0000000000
76242  -26.211  -11.944  -22.765 0.0000000000
76243  -27.004  -12.025  -22.288 0.0000000000
76244  -27.683  -11.839  -21.920 0.0000000000
76249  -22.693  -12.516  -24.186 0.0000000000
76250  -23.513  -12.439  -24.314 0.0000000000
76251  -24.259  -12.292  -23.970 0.0000000000
76252  -25.038  -12.102  -23.503 0.0000000000
76253  -25.712  -11.833  -23.210 0.0000000000
77178  -31.267  -12.295  -18.792 0.0000000000
77179  -31.777  -11.771  -18.734 0.0000000000
77188  -18.186  -11.466  -19.121 0.0000000000
77189  -30.088  -11.887  -19.656 0.0000000000
77190  -30.801  -11.682  -19.401 0.0000000000
77195  -18.426  -11.208  -20.441 0.0000000000
77196  -29.127  -11.524  -20.700 0.0000000000
77197  -29.880  -11.394  -20.175 0.0000000000
77198  -30.600  -11.083  -19.939 0.0000000000
77201  -18.944  -11.371  -21.581 0.0000000000
77202  -19.579  -11.424  -22.260 0.0000000000
77203  -28.158  -11.484  -21.802 0.0000000000
77204  -28.762  -11.241  -21.335 0.0000000000
77205  -29.380  -11.016  -20.814 0.0000000000
77209  -20.394  -11.412  -22.800 0.0000000000
77210  -21.211  -11.505  -23.562 0.0000000000
77211  -21.684  -12.093  -23.686 0.0000000000
77212  -26.178  -11.461  -23.150 0.0000000000
77213  -26.869  -11.249  -22.820 0.0000000000
77214  -27.759  -11.222  -22.292 0.0000000000
77215  -28.410  -11.004  -21.917 0.0000000000
77218  -21.543  -11.099  -24.216 0.0000000000
77219  -22.047  -11.653  -24.253 0.0000000000
77220  -23.091  -11.517  -24.700 0.0000000000
77221  -24.048  -11.689  -24.491 0.0000000000
77222  -24.848  -11.603  -24.126 0.0000000000
77223  -25.732  -11.268  -23.668 0.0000000000
77224  -26.444  -11.003  -23.292 0.0000000000
77233  -23.922  -10.993  -24.884 0.0000000000
77234  -24.689  -11.016  -24.563 0.0000000000
77235  -25.312  -11.000  -24.218 0.0000000000
78209  -17.738  -9.579  -19.806 0.0000000000
78210  -17.913  -10.315  -19.434 0.0000000000
78233  -29.844  -10.678  -20.681 0.0000000000
78243  -28.869  -10.657  -21.791 0.0000000000
78244  -29.494  -10.419  -21.342 0.0000000000
78252  -26.923  -10.631  -23.145 0.0000000000
78253  -27.594  -10.414  -22.781 0.0000000000
78254  -28.476  -10.399  -22.298 0.0000000000
78255  -29.170  -10.202  -22.001 0.0000000000
78263  -25.799  -10.613  -23.999 0.0000000000
78264  -26.519  -10.354  -23.603 0.0000000000
78265  -27.209  -10.133  -23.216 0.0000000000
78276  -25.370  -10.284  -24.359 0.0000000000
78277  -26.077  -10.074  -24.050 0.0000000000
79242  -27.686  -9.774  -23.076 0.0000000000
79243  -28.342  -9.593  -22.794 0.0000000000
79244  -29.092  -9.644  -22.379 0.0000000000
79254  -26.624  -9.529  -23.879 0.0000000000
79255  -27.330  -9.503  -23.469 0.0000000000
79256  -27.983  -9.301  -23.201 0.0000000000
80190  -28.460  -8.966  -23.138 0.0000000000
