#!ascii label  , from subject bert vox2ras=TkReg
905
115164  -38.761  35.193  -2.909 0.0000000000
115165  -38.798  35.178  -3.262 0.0000000000
115183  -37.392  35.325  -3.752 0.0000000000
115184  -38.372  35.493  -4.001 0.0000000000
115185  -39.015  35.894  -3.929 0.0000000000
115186  -39.449  36.549  -4.304 0.0000000000
115204  -38.809  36.174  -4.389 0.0000000000
115205  -39.243  36.489  -4.516 0.0000000000
115206  -39.549  36.742  -4.584 0.0000000000
115828  -38.002  36.072  -2.269 0.0000000000
115846  -35.728  36.363  -3.268 0.0000000000
115847  -38.660  35.927  -2.923 0.0000000000
115848  -38.993  36.268  -3.579 0.0000000000
115864  -36.739  36.312  -3.675 0.0000000000
115865  -37.636  36.251  -4.217 0.0000000000
115866  -38.357  36.458  -4.568 0.0000000000
115867  -39.478  36.616  -3.956 0.0000000000
115868  -39.673  36.914  -4.425 0.0000000000
115883  -38.869  36.700  -4.886 0.0000000000
115884  -39.403  36.898  -4.964 0.0000000000
115885  -39.646  36.986  -4.707 0.0000000000
116484  -36.699  37.242  -1.676 0.0000000000
116485  -37.485  37.031  -2.223 0.0000000000
116495  -33.523  37.657  -2.151 0.0000000000
116496  -34.319  37.539  -2.566 0.0000000000
116497  -35.215  37.334  -3.089 0.0000000000
116498  -38.233  36.951  -2.648 0.0000000000
116499  -38.781  36.968  -3.237 0.0000000000
116509  -36.048  37.261  -3.518 0.0000000000
116510  -37.017  37.319  -4.066 0.0000000000
116511  -37.754  36.953  -4.621 0.0000000000
116512  -39.294  37.122  -3.658 0.0000000000
116513  -39.610  37.395  -4.142 0.0000000000
116524  -37.499  37.642  -4.685 0.0000000000
116525  -38.225  37.395  -5.065 0.0000000000
116526  -39.027  37.318  -5.229 0.0000000000
116527  -39.509  37.564  -4.796 0.0000000000
116538  -38.621  37.885  -5.323 0.0000000000
116539  -39.088  38.000  -5.217 0.0000000000
116540  -39.384  38.251  -5.048 0.0000000000
117131  -32.764  38.686  -1.892 0.0000000000
117132  -33.244  38.183  -2.058 0.0000000000
117133  -36.286  38.260  -1.483 0.0000000000
117134  -37.220  38.169  -2.167 0.0000000000
117135  -37.799  37.570  -2.519 0.0000000000
117145  -33.221  39.208  -2.253 0.0000000000
117146  -33.734  38.649  -2.409 0.0000000000
117147  -34.959  38.524  -3.068 0.0000000000
117148  -35.545  37.877  -3.344 0.0000000000
117149  -37.557  38.699  -2.560 0.0000000000
117150  -38.295  38.136  -2.963 0.0000000000
117151  -38.933  37.572  -3.416 0.0000000000
117160  -35.412  39.056  -3.496 0.0000000000
117161  -36.014  38.402  -3.713 0.0000000000
117162  -36.893  38.363  -4.434 0.0000000000
117163  -38.757  38.698  -3.441 0.0000000000
117164  -39.202  38.176  -3.707 0.0000000000
117165  -39.506  38.282  -4.376 0.0000000000
117176  -37.509  38.327  -5.015 0.0000000000
117177  -38.047  38.358  -5.446 0.0000000000
117178  -39.552  38.516  -4.839 0.0000000000
117188  -38.630  38.570  -5.493 0.0000000000
117189  -39.183  38.676  -5.292 0.0000000000
117190  -39.438  38.673  -5.078 0.0000000000
117755  -32.131  39.607  -1.623 0.0000000000
117763  -32.916  39.748  -2.072 0.0000000000
117764  -33.544  39.764  -2.567 0.0000000000
117765  -34.320  39.604  -2.940 0.0000000000
117766  -37.060  39.197  -2.311 0.0000000000
117767  -37.695  39.285  -2.776 0.0000000000
117776  -34.976  39.631  -3.446 0.0000000000
117777  -35.624  39.567  -3.964 0.0000000000
117778  -36.302  39.111  -4.281 0.0000000000
117779  -38.413  39.281  -3.285 0.0000000000
117780  -39.032  39.243  -3.733 0.0000000000
117781  -39.440  39.088  -4.153 0.0000000000
117790  -36.042  39.754  -4.519 0.0000000000
117791  -36.786  39.348  -4.894 0.0000000000
117792  -37.500  38.982  -5.313 0.0000000000
117793  -39.612  39.160  -4.586 0.0000000000
117801  -37.206  39.622  -5.362 0.0000000000
117802  -37.912  39.343  -5.685 0.0000000000
117803  -38.824  39.394  -5.577 0.0000000000
117804  -39.492  39.366  -5.110 0.0000000000
118377  -31.626  40.467  -1.554 0.0000000000
118378  -32.451  40.549  -1.907 0.0000000000
118386  -33.134  40.646  -2.544 0.0000000000
118387  -34.028  40.703  -3.184 0.0000000000
118388  -34.567  40.182  -3.379 0.0000000000
118390  -36.894  40.190  -2.501 0.0000000000
118391  -37.922  40.189  -3.067 0.0000000000
118399  -34.304  41.228  -3.720 0.0000000000
118400  -34.895  40.651  -4.089 0.0000000000
118401  -35.613  40.148  -4.395 0.0000000000
118402  -38.728  40.171  -3.614 0.0000000000
118403  -39.479  40.113  -4.140 0.0000000000
118404  -39.636  39.626  -4.389 0.0000000000
118408  -35.205  41.086  -4.725 0.0000000000
118409  -35.934  40.549  -4.979 0.0000000000
118410  -36.743  39.999  -5.227 0.0000000000
118411  -39.861  40.608  -4.395 0.0000000000
118412  -39.897  40.162  -4.697 0.0000000000
118418  -36.328  41.054  -5.414 0.0000000000
118419  -37.076  40.468  -5.543 0.0000000000
118420  -38.263  40.308  -5.873 0.0000000000
118421  -39.224  40.269  -5.502 0.0000000000
118422  -39.722  40.231  -5.159 0.0000000000
119003  -31.257  41.419  -1.491 0.0000000000
119004  -31.984  41.179  -1.799 0.0000000000
119014  -31.880  41.854  -1.909 0.0000000000
119015  -32.573  41.557  -2.400 0.0000000000
119016  -33.351  41.550  -3.079 0.0000000000
119018  -36.609  41.216  -2.471 0.0000000000
119019  -37.443  41.117  -2.858 0.0000000000
119028  -33.887  41.684  -3.616 0.0000000000
119029  -34.318  41.697  -4.135 0.0000000000
119030  -38.324  41.096  -3.345 0.0000000000
119031  -39.173  41.131  -3.914 0.0000000000
119032  -39.770  41.531  -4.184 0.0000000000
119040  -34.757  41.656  -4.704 0.0000000000
119041  -35.307  41.387  -5.033 0.0000000000
119042  -39.734  40.920  -4.218 0.0000000000
119043  -40.048  41.283  -4.568 0.0000000000
119044  -40.362  41.743  -4.813 0.0000000000
119050  -35.034  41.933  -5.193 0.0000000000
119051  -35.751  41.618  -5.376 0.0000000000
119052  -36.629  41.520  -5.623 0.0000000000
119053  -37.630  41.313  -5.904 0.0000000000
119054  -38.772  41.231  -5.705 0.0000000000
119055  -39.932  41.220  -5.225 0.0000000000
119056  -40.398  42.026  -4.987 0.0000000000
119679  -30.509  42.509  -0.844 0.0000000000
119680  -31.035  43.029  -1.140 0.0000000000
119689  -30.839  41.982  -1.301 0.0000000000
119690  -31.388  42.546  -1.546 0.0000000000
119705  -32.198  42.563  -2.321 0.0000000000
119706  -33.032  42.568  -3.168 0.0000000000
119707  -33.514  42.117  -3.512 0.0000000000
119709  -36.975  42.008  -2.765 0.0000000000
119710  -37.838  41.988  -3.161 0.0000000000
119723  -33.283  43.099  -3.739 0.0000000000
119724  -33.733  42.592  -4.204 0.0000000000
119725  -34.318  42.161  -4.517 0.0000000000
119726  -38.728  41.991  -3.517 0.0000000000
119727  -39.522  42.100  -3.876 0.0000000000
119728  -40.163  42.302  -4.320 0.0000000000
119729  -40.613  42.834  -4.369 0.0000000000
119739  -33.907  42.982  -4.932 0.0000000000
119740  -34.442  42.549  -5.025 0.0000000000
119741  -40.291  41.941  -4.619 0.0000000000
119742  -40.537  42.478  -4.678 0.0000000000
119750  -35.224  42.461  -5.431 0.0000000000
119751  -36.052  42.334  -5.604 0.0000000000
119752  -37.007  42.240  -5.812 0.0000000000
119753  -38.120  42.184  -5.846 0.0000000000
119754  -39.266  42.189  -5.516 0.0000000000
119755  -40.213  42.363  -5.203 0.0000000000
119756  -40.524  42.510  -4.933 0.0000000000
120298  -29.812  43.530  0.481 0.0000000000
120310  -30.262  43.275  -0.064 0.0000000000
120311  -30.901  43.448  -0.732 0.0000000000
120320  -31.420  43.568  -1.361 0.0000000000
120334  -31.943  43.436  -2.040 0.0000000000
120335  -32.471  43.417  -2.711 0.0000000000
120338  -37.310  42.890  -3.072 0.0000000000
120349  -32.931  43.583  -3.415 0.0000000000
120350  -33.342  43.614  -4.141 0.0000000000
120351  -38.215  42.853  -3.429 0.0000000000
120352  -39.111  42.844  -3.625 0.0000000000
120353  -39.962  42.922  -3.758 0.0000000000
120354  -40.760  43.222  -3.985 0.0000000000
120355  -41.604  43.669  -3.905 0.0000000000
120356  -42.187  44.007  -3.836 0.0000000000
120364  -33.716  43.510  -4.803 0.0000000000
120365  -34.171  43.408  -5.258 0.0000000000
120366  -40.983  43.283  -4.369 0.0000000000
120367  -41.759  43.753  -4.323 0.0000000000
120368  -42.361  44.186  -4.058 0.0000000000
120375  -34.812  43.219  -5.442 0.0000000000
120376  -35.506  43.057  -5.588 0.0000000000
120377  -36.358  43.033  -5.694 0.0000000000
120378  -37.408  43.041  -5.708 0.0000000000
120379  -38.568  43.093  -5.548 0.0000000000
120380  -39.751  43.186  -5.354 0.0000000000
120381  -40.826  43.277  -4.866 0.0000000000
120382  -41.579  43.929  -4.662 0.0000000000
120817  -29.687  44.571  2.144 0.0000000000
120830  -30.126  44.402  1.446 0.0000000000
120845  -29.699  43.886  0.925 0.0000000000
120846  -30.467  44.138  0.497 0.0000000000
120847  -31.034  44.457  -0.018 0.0000000000
120853  -30.824  43.931  -0.204 0.0000000000
120854  -31.376  44.325  -0.753 0.0000000000
120863  -32.062  44.507  -1.794 0.0000000000
120864  -32.430  44.960  -2.308 0.0000000000
120878  -32.267  43.946  -2.344 0.0000000000
120879  -32.597  44.382  -2.796 0.0000000000
120881  -37.777  43.792  -3.277 0.0000000000
120882  -42.533  44.736  -3.204 0.0000000000
120883  -42.817  44.817  -3.058 0.0000000000
120894  -33.105  44.413  -3.663 0.0000000000
120895  -33.722  44.508  -4.626 0.0000000000
120896  -34.317  44.857  -4.875 0.0000000000
120897  -38.680  43.666  -3.490 0.0000000000
120898  -39.501  43.609  -3.566 0.0000000000
120899  -40.354  43.770  -3.599 0.0000000000
120900  -41.254  43.994  -3.560 0.0000000000
120901  -42.069  44.325  -3.479 0.0000000000
120902  -42.574  44.634  -3.496 0.0000000000
120910  -33.950  43.962  -5.176 0.0000000000
120911  -34.724  44.256  -5.262 0.0000000000
120912  -35.994  44.489  -5.120 0.0000000000
120913  -37.125  44.568  -5.058 0.0000000000
120914  -38.183  44.680  -5.096 0.0000000000
120915  -38.793  44.772  -5.154 0.0000000000
120916  -40.863  44.667  -4.845 0.0000000000
120917  -41.559  44.623  -4.690 0.0000000000
120918  -42.104  44.389  -4.460 0.0000000000
120919  -42.517  44.656  -4.019 0.0000000000
120923  -35.146  43.561  -5.483 0.0000000000
120924  -35.700  43.701  -5.482 0.0000000000
120925  -36.702  43.779  -5.435 0.0000000000
120926  -37.820  43.881  -5.388 0.0000000000
120927  -39.040  44.166  -5.370 0.0000000000
120928  -40.259  44.175  -5.214 0.0000000000
120929  -41.200  44.119  -4.885 0.0000000000
120930  -41.671  44.236  -4.693 0.0000000000
121360  -29.034  45.927  3.949 0.0000000000
121377  -29.328  45.441  3.321 0.0000000000
121378  -30.277  45.739  3.159 0.0000000000
121399  -29.634  44.949  2.606 0.0000000000
121400  -30.598  45.320  2.309 0.0000000000
121401  -31.428  45.865  1.997 0.0000000000
121416  -30.874  44.933  0.960 0.0000000000
121417  -31.641  45.728  1.188 0.0000000000
121418  -32.198  46.087  0.809 0.0000000000
121432  -30.967  44.690  0.357 0.0000000000
121433  -31.555  45.100  0.035 0.0000000000
121434  -32.189  45.838  0.276 0.0000000000
121443  -31.971  45.080  -1.096 0.0000000000
121444  -32.259  45.697  -0.653 0.0000000000
121454  -32.169  45.083  -1.563 0.0000000000
121455  -32.519  45.576  -1.773 0.0000000000
121456  -33.014  46.142  -2.097 0.0000000000
121460  -43.033  45.516  -2.236 0.0000000000
121461  -43.294  45.842  -2.215 0.0000000000
121462  -43.387  46.140  -2.273 0.0000000000
121472  -32.776  45.215  -2.727 0.0000000000
121473  -33.107  45.843  -2.562 0.0000000000
121475  -38.543  44.748  -3.159 0.0000000000
121476  -39.958  45.428  -2.762 0.0000000000
121477  -41.253  45.278  -2.817 0.0000000000
121478  -42.126  45.142  -2.791 0.0000000000
121479  -42.713  45.035  -2.796 0.0000000000
121480  -43.087  45.235  -2.856 0.0000000000
121481  -43.305  45.857  -2.655 0.0000000000
121487  -32.915  44.884  -3.217 0.0000000000
121488  -33.409  45.405  -3.501 0.0000000000
121489  -34.388  45.500  -4.373 0.0000000000
121490  -35.018  45.758  -4.289 0.0000000000
121491  -39.094  44.121  -3.466 0.0000000000
121492  -39.698  44.418  -3.414 0.0000000000
121493  -40.722  44.630  -3.333 0.0000000000
121494  -41.661  44.688  -3.220 0.0000000000
121495  -42.268  44.785  -3.056 0.0000000000
121496  -42.829  45.350  -3.500 0.0000000000
121497  -43.219  45.552  -3.035 0.0000000000
121501  -34.661  44.994  -4.835 0.0000000000
121502  -35.347  45.317  -4.652 0.0000000000
121503  -36.556  45.326  -4.686 0.0000000000
121504  -37.637  45.366  -4.758 0.0000000000
121505  -38.739  45.363  -4.924 0.0000000000
121506  -39.974  45.226  -4.857 0.0000000000
121507  -41.143  45.346  -4.536 0.0000000000
121508  -42.009  45.169  -4.448 0.0000000000
121509  -42.494  45.001  -4.150 0.0000000000
121518  -39.237  44.837  -5.138 0.0000000000
121519  -39.642  44.604  -5.196 0.0000000000
121957  -28.783  46.495  4.293 0.0000000000
121958  -29.596  46.745  4.272 0.0000000000
121969  -29.428  46.150  3.988 0.0000000000
121970  -30.243  46.346  3.736 0.0000000000
121971  -31.059  46.563  3.362 0.0000000000
121989  -30.766  46.036  3.060 0.0000000000
121990  -31.477  46.330  2.585 0.0000000000
121991  -32.160  46.558  2.067 0.0000000000
122011  -31.824  46.186  1.826 0.0000000000
122012  -32.380  46.430  1.292 0.0000000000
122013  -32.926  46.626  0.803 0.0000000000
122021  -43.844  46.694  0.706 0.0000000000
122029  -32.598  46.284  0.508 0.0000000000
122030  -33.126  46.622  0.129 0.0000000000
122037  -43.312  46.427  -0.051 0.0000000000
122038  -43.603  46.657  -0.319 0.0000000000
122044  -32.690  46.202  -0.264 0.0000000000
122045  -33.153  46.646  -0.754 0.0000000000
122051  -42.617  46.312  -0.763 0.0000000000
122052  -43.301  46.251  -0.930 0.0000000000
122053  -43.485  46.425  -1.066 0.0000000000
122063  -32.704  46.198  -1.039 0.0000000000
122064  -33.180  46.556  -1.660 0.0000000000
122065  -33.684  46.897  -2.109 0.0000000000
122070  -41.791  46.216  -1.514 0.0000000000
122071  -42.751  45.892  -1.684 0.0000000000
122072  -43.276  46.041  -1.636 0.0000000000
122073  -43.446  46.401  -1.723 0.0000000000
122082  -33.386  46.432  -2.347 0.0000000000
122083  -33.967  46.730  -2.648 0.0000000000
122085  -40.975  45.911  -2.194 0.0000000000
122086  -41.969  45.718  -2.305 0.0000000000
122087  -42.595  45.462  -2.400 0.0000000000
122088  -42.859  46.783  -2.784 0.0000000000
122089  -43.231  46.585  -2.509 0.0000000000
122093  -33.550  46.206  -2.947 0.0000000000
122094  -34.194  46.302  -3.459 0.0000000000
122095  -34.978  46.203  -3.849 0.0000000000
122096  -35.690  46.537  -3.882 0.0000000000
122097  -40.870  46.893  -3.774 0.0000000000
122098  -41.349  46.753  -3.657 0.0000000000
122099  -42.496  46.489  -3.269 0.0000000000
122100  -43.207  45.964  -3.078 0.0000000000
122109  -35.432  46.010  -4.209 0.0000000000
122110  -36.203  46.210  -4.273 0.0000000000
122111  -37.141  46.110  -4.427 0.0000000000
122112  -38.135  46.207  -4.568 0.0000000000
122113  -39.265  46.309  -4.617 0.0000000000
122114  -40.549  46.502  -4.172 0.0000000000
122115  -41.703  45.980  -4.045 0.0000000000
122116  -42.374  45.578  -3.910 0.0000000000
122558  -29.159  47.449  4.600 0.0000000000
122559  -30.227  47.437  4.297 0.0000000000
122560  -31.121  47.694  4.036 0.0000000000
122573  -30.904  47.029  3.820 0.0000000000
122574  -31.704  47.236  3.383 0.0000000000
122575  -32.546  47.416  2.959 0.0000000000
122576  -33.277  47.727  2.737 0.0000000000
122591  -32.173  46.886  2.616 0.0000000000
122592  -32.910  47.007  2.001 0.0000000000
122593  -33.974  47.709  2.023 0.0000000000
122594  -34.689  48.155  1.762 0.0000000000
122607  -32.949  46.768  1.239 0.0000000000
122608  -33.492  47.210  0.833 0.0000000000
122609  -34.432  47.944  0.979 0.0000000000
122610  -44.241  47.098  1.462 0.0000000000
122618  -33.672  47.103  -0.351 0.0000000000
122619  -34.335  47.624  -0.017 0.0000000000
122622  -44.000  47.090  0.305 0.0000000000
122632  -33.700  47.082  -1.263 0.0000000000
122633  -34.312  47.473  -0.963 0.0000000000
122636  -43.725  46.959  -0.801 0.0000000000
122646  -33.710  47.037  -1.772 0.0000000000
122647  -34.438  47.435  -2.000 0.0000000000
122648  -35.203  47.852  -2.190 0.0000000000
122649  -43.031  47.494  -1.993 0.0000000000
122650  -43.404  47.159  -1.705 0.0000000000
122657  -34.678  46.966  -2.980 0.0000000000
122658  -35.499  47.628  -2.751 0.0000000000
122659  -36.240  47.874  -2.911 0.0000000000
122660  -41.220  47.767  -2.897 0.0000000000
122661  -41.862  47.555  -2.664 0.0000000000
122662  -42.654  47.251  -2.515 0.0000000000
122663  -43.173  47.157  -2.221 0.0000000000
122667  -34.790  46.593  -3.432 0.0000000000
122668  -35.346  46.900  -3.438 0.0000000000
122669  -36.542  47.322  -3.584 0.0000000000
122670  -37.973  47.615  -3.724 0.0000000000
122671  -39.026  47.748  -3.833 0.0000000000
122672  -39.849  47.608  -3.655 0.0000000000
122673  -40.704  47.395  -3.493 0.0000000000
122674  -41.674  47.226  -3.178 0.0000000000
122675  -42.208  47.150  -2.915 0.0000000000
122685  -36.845  46.644  -4.127 0.0000000000
122686  -37.521  46.873  -4.180 0.0000000000
122687  -38.569  47.069  -4.310 0.0000000000
122688  -39.582  47.139  -4.170 0.0000000000
122689  -40.168  47.185  -3.889 0.0000000000
123108  -39.786  48.737  5.360 0.0000000000
123109  -40.722  48.638  5.611 0.0000000000
123110  -41.750  48.676  5.857 0.0000000000
123111  -42.665  48.704  6.089 0.0000000000
123117  -39.290  48.925  4.531 0.0000000000
123118  -40.244  48.556  4.510 0.0000000000
123119  -41.356  48.423  4.744 0.0000000000
123120  -42.410  48.447  5.036 0.0000000000
123131  -28.538  48.383  4.696 0.0000000000
123132  -29.635  48.446  4.607 0.0000000000
123133  -30.702  48.495  4.343 0.0000000000
123134  -31.888  48.393  3.941 0.0000000000
123135  -32.999  48.854  3.954 0.0000000000
123136  -33.568  49.125  3.892 0.0000000000
123137  -39.026  49.301  3.905 0.0000000000
123138  -39.707  49.204  3.396 0.0000000000
123139  -40.963  48.636  3.531 0.0000000000
123140  -42.147  48.414  3.861 0.0000000000
123141  -43.208  48.217  4.224 0.0000000000
123156  -32.254  47.768  3.445 0.0000000000
123157  -32.840  48.107  3.389 0.0000000000
123158  -34.049  48.619  3.202 0.0000000000
123159  -35.186  49.331  3.055 0.0000000000
123160  -35.636  49.764  2.910 0.0000000000
123161  -39.821  49.730  2.545 0.0000000000
123162  -40.679  49.396  2.339 0.0000000000
123163  -41.908  48.715  2.659 0.0000000000
123164  -43.032  48.198  3.021 0.0000000000
123176  -34.494  48.231  2.336 0.0000000000
123177  -35.176  48.690  2.264 0.0000000000
123178  -35.770  49.521  2.446 0.0000000000
123179  -40.935  49.611  1.629 0.0000000000
123180  -41.734  49.291  1.490 0.0000000000
123181  -42.856  48.368  1.810 0.0000000000
123182  -43.836  47.668  2.219 0.0000000000
123192  -35.299  48.463  1.186 0.0000000000
123193  -36.141  49.369  1.482 0.0000000000
123194  -36.606  49.978  1.110 0.0000000000
123195  -41.974  49.317  0.802 0.0000000000
123196  -42.659  48.693  0.594 0.0000000000
123197  -43.747  47.829  1.021 0.0000000000
123206  -35.105  48.261  0.185 0.0000000000
123207  -35.983  48.878  0.413 0.0000000000
123208  -36.564  49.722  0.562 0.0000000000
123209  -42.859  48.412  -0.444 0.0000000000
123210  -43.525  47.779  -0.066 0.0000000000
123220  -34.949  47.974  -0.746 0.0000000000
123221  -35.816  48.568  -0.598 0.0000000000
123222  -36.528  49.412  -0.340 0.0000000000
123223  -41.991  48.488  -1.307 0.0000000000
123224  -42.724  48.219  -1.163 0.0000000000
123225  -43.316  47.726  -0.968 0.0000000000
123234  -34.771  47.759  -1.350 0.0000000000
123235  -35.445  48.125  -1.629 0.0000000000
123236  -36.696  49.060  -1.409 0.0000000000
123237  -37.412  49.399  -1.806 0.0000000000
123238  -41.035  48.699  -2.065 0.0000000000
123239  -41.720  48.333  -1.891 0.0000000000
123240  -42.483  47.925  -1.807 0.0000000000
123241  -43.060  47.740  -1.547 0.0000000000
123248  -35.565  48.011  -2.253 0.0000000000
123249  -36.199  48.270  -2.336 0.0000000000
123250  -37.260  48.848  -2.363 0.0000000000
123251  -38.293  48.931  -2.659 0.0000000000
123252  -39.325  48.857  -2.794 0.0000000000
123253  -40.446  48.408  -2.763 0.0000000000
123254  -41.396  48.138  -2.426 0.0000000000
123255  -42.023  47.837  -2.236 0.0000000000
123260  -36.754  48.144  -2.883 0.0000000000
123261  -37.567  48.236  -3.109 0.0000000000
123262  -38.620  48.322  -3.281 0.0000000000
123263  -39.571  48.202  -3.311 0.0000000000
123264  -40.135  47.925  -3.300 0.0000000000
123671  -37.176  50.062  6.768 0.0000000000
123672  -38.219  49.645  6.893 0.0000000000
123673  -39.494  49.591  7.050 0.0000000000
123674  -40.689  49.677  7.250 0.0000000000
123675  -41.680  49.663  7.397 0.0000000000
123681  -37.013  50.219  6.182 0.0000000000
123682  -37.483  49.780  5.873 0.0000000000
123683  -38.754  49.101  5.706 0.0000000000
123684  -40.098  49.053  6.320 0.0000000000
123685  -41.204  49.177  6.550 0.0000000000
123686  -42.159  49.248  6.715 0.0000000000
123691  -37.918  49.805  4.881 0.0000000000
123692  -38.578  49.428  4.404 0.0000000000
123699  -27.926  49.344  4.636 0.0000000000
123700  -29.001  49.432  4.625 0.0000000000
123701  -30.081  49.496  4.497 0.0000000000
123702  -31.155  49.517  4.339 0.0000000000
123703  -32.231  49.586  4.340 0.0000000000
123704  -33.279  49.717  4.339 0.0000000000
123705  -34.028  50.051  4.304 0.0000000000
123706  -38.255  50.117  4.175 0.0000000000
123707  -38.730  49.962  3.434 0.0000000000
123708  -39.322  49.913  2.842 0.0000000000
123722  -33.930  49.425  3.949 0.0000000000
123723  -34.681  49.782  3.801 0.0000000000
123724  -35.483  50.093  3.320 0.0000000000
123725  -39.132  50.501  2.859 0.0000000000
123726  -39.538  50.376  2.350 0.0000000000
123727  -40.012  49.947  2.069 0.0000000000
123739  -36.007  50.268  2.722 0.0000000000
123740  -36.413  50.599  2.214 0.0000000000
123741  -39.855  50.393  1.868 0.0000000000
123742  -40.361  50.024  1.557 0.0000000000
123743  -40.998  49.743  1.245 0.0000000000
123753  -36.273  49.990  2.117 0.0000000000
123754  -36.623  50.428  1.584 0.0000000000
123755  -40.624  50.103  0.907 0.0000000000
123756  -41.360  49.671  0.730 0.0000000000
123757  -41.931  49.299  0.382 0.0000000000
123769  -36.882  50.502  0.817 0.0000000000
123770  -40.738  50.061  0.281 0.0000000000
123771  -41.379  49.574  -0.024 0.0000000000
123772  -42.135  49.014  -0.187 0.0000000000
123782  -37.075  50.325  -0.043 0.0000000000
123783  -37.393  50.556  -0.690 0.0000000000
123784  -39.834  50.315  -0.707 0.0000000000
123785  -40.456  49.950  -0.522 0.0000000000
123786  -41.460  49.110  -0.821 0.0000000000
123787  -42.238  48.639  -0.765 0.0000000000
123793  -37.011  49.950  -0.823 0.0000000000
123794  -37.657  50.110  -1.344 0.0000000000
123795  -38.633  50.133  -1.591 0.0000000000
123796  -39.658  49.945  -1.315 0.0000000000
123797  -40.652  49.276  -1.520 0.0000000000
123798  -41.365  48.789  -1.514 0.0000000000
123802  -38.029  49.526  -2.026 0.0000000000
123803  -38.990  49.523  -2.165 0.0000000000
123804  -39.972  49.265  -2.190 0.0000000000
123805  -40.539  48.956  -2.154 0.0000000000
124179  -40.448  51.529  11.078 0.0000000000
124186  -40.321  50.816  10.797 0.0000000000
124187  -41.021  51.231  10.494 0.0000000000
124188  -41.422  50.886  9.919 0.0000000000
124192  -41.125  51.293  9.764 0.0000000000
124196  -35.891  51.424  8.274 0.0000000000
124197  -36.391  51.125  8.329 0.0000000000
124198  -37.342  50.876  8.356 0.0000000000
124199  -38.487  50.885  8.405 0.0000000000
124200  -39.685  50.992  8.532 0.0000000000
124201  -40.928  50.987  8.885 0.0000000000
124205  -35.891  51.225  7.747 0.0000000000
124206  -36.613  50.591  7.505 0.0000000000
124207  -37.779  50.294  7.667 0.0000000000
124208  -38.991  50.271  7.766 0.0000000000
124209  -40.221  50.342  7.915 0.0000000000
124210  -41.272  50.157  8.094 0.0000000000
124214  -35.989  51.149  6.986 0.0000000000
124215  -36.512  50.768  6.294 0.0000000000
124216  -37.014  50.447  5.783 0.0000000000
124220  -36.874  51.035  5.533 0.0000000000
124221  -37.363  50.658  5.073 0.0000000000
124229  -27.313  50.279  4.597 0.0000000000
124230  -28.376  50.418  4.672 0.0000000000
124231  -29.440  50.524  4.490 0.0000000000
124232  -30.489  50.548  4.338 0.0000000000
124233  -31.519  50.578  4.476 0.0000000000
124234  -32.563  50.593  4.680 0.0000000000
124235  -33.574  50.699  4.715 0.0000000000
124236  -34.561  50.826  4.378 0.0000000000
124237  -35.246  51.277  3.954 0.0000000000
124238  -37.860  50.587  4.406 0.0000000000
124239  -38.252  50.872  3.774 0.0000000000
124251  -35.206  50.587  3.800 0.0000000000
124252  -35.850  51.110  3.263 0.0000000000
124253  -36.322  51.579  2.634 0.0000000000
124254  -38.817  51.065  3.165 0.0000000000
124255  -39.278  51.124  2.612 0.0000000000
124266  -36.295  50.982  2.585 0.0000000000
124267  -36.641  51.340  2.044 0.0000000000
124268  -39.603  51.019  2.004 0.0000000000
124269  -39.882  50.606  1.570 0.0000000000
124285  -36.959  51.311  1.263 0.0000000000
124286  -39.692  51.097  1.444 0.0000000000
124287  -40.090  50.577  1.131 0.0000000000
124300  -37.296  51.274  0.438 0.0000000000
124301  -37.646  51.550  -0.116 0.0000000000
124302  -39.749  51.101  0.801 0.0000000000
124303  -40.190  50.521  0.503 0.0000000000
124312  -37.473  50.999  -0.254 0.0000000000
124313  -37.884  51.210  -0.804 0.0000000000
124314  -38.702  51.192  -0.800 0.0000000000
124315  -39.607  50.913  -0.227 0.0000000000
124316  -40.279  50.386  0.022 0.0000000000
124323  -38.381  50.720  -1.211 0.0000000000
124324  -39.113  50.604  -1.039 0.0000000000
124325  -39.570  50.453  -0.821 0.0000000000
124750  -40.604  52.142  11.005 0.0000000000
124755  -36.100  52.066  9.222 0.0000000000
124756  -36.527  51.998  9.311 0.0000000000
124757  -37.487  51.994  9.401 0.0000000000
124758  -38.534  52.126  9.428 0.0000000000
124759  -39.566  52.209  9.620 0.0000000000
124760  -40.442  52.049  10.180 0.0000000000
124765  -35.993  51.766  8.835 0.0000000000
124766  -36.928  51.454  8.930 0.0000000000
124767  -37.982  51.456  8.948 0.0000000000
124768  -39.094  51.553  9.046 0.0000000000
124769  -40.144  51.603  9.298 0.0000000000
124770  -40.723  51.506  9.559 0.0000000000
124776  -35.494  51.822  8.060 0.0000000000
124783  -35.667  51.908  7.197 0.0000000000
124784  -36.106  51.842  6.377 0.0000000000
124791  -26.340  51.881  5.101 0.0000000000
124792  -27.150  51.970  5.178 0.0000000000
124793  -28.000  52.153  5.139 0.0000000000
124794  -28.491  52.369  5.034 0.0000000000
124795  -32.552  52.165  5.327 0.0000000000
124796  -33.298  52.228  5.302 0.0000000000
124797  -33.736  52.319  5.193 0.0000000000
124798  -36.688  51.795  5.702 0.0000000000
124799  -37.281  51.742  5.128 0.0000000000
124809  -26.734  51.148  4.770 0.0000000000
124810  -27.738  51.260  4.911 0.0000000000
124811  -28.824  51.689  4.835 0.0000000000
124812  -29.875  51.581  4.304 0.0000000000
124813  -30.846  51.591  4.428 0.0000000000
124814  -31.850  51.630  4.991 0.0000000000
124815  -32.968  51.456  5.140 0.0000000000
124816  -33.974  51.785  5.003 0.0000000000
124817  -34.848  51.901  4.372 0.0000000000
124818  -35.540  52.027  3.706 0.0000000000
124819  -37.840  51.640  4.346 0.0000000000
124820  -38.580  51.898  3.629 0.0000000000
124827  -36.108  52.151  3.002 0.0000000000
124828  -36.495  52.213  2.296 0.0000000000
124829  -39.166  51.913  2.992 0.0000000000
124830  -39.344  51.749  2.335 0.0000000000
124840  -36.877  52.143  1.656 0.0000000000
124841  -39.426  51.633  1.833 0.0000000000
124859  -37.192  52.087  0.981 0.0000000000
124860  -39.378  51.644  1.286 0.0000000000
124870  -37.564  52.084  0.371 0.0000000000
124871  -38.105  51.981  -0.154 0.0000000000
124872  -38.672  51.895  0.228 0.0000000000
124873  -39.181  51.647  0.590 0.0000000000
124877  -38.340  51.555  -0.588 0.0000000000
124878  -38.754  51.558  -0.283 0.0000000000
124879  -39.069  51.523  0.075 0.0000000000
125325  -36.541  52.961  10.148 0.0000000000
125326  -37.456  53.178  10.108 0.0000000000
125327  -38.474  53.345  10.127 0.0000000000
125328  -39.389  53.318  10.360 0.0000000000
125329  -40.031  53.177  10.633 0.0000000000
125330  -40.345  52.829  10.895 0.0000000000
125335  -34.931  52.837  9.098 0.0000000000
125336  -35.841  52.495  9.504 0.0000000000
125337  -36.963  52.491  9.768 0.0000000000
125338  -37.986  52.706  9.697 0.0000000000
125339  -39.004  52.825  9.808 0.0000000000
125340  -39.826  52.758  10.186 0.0000000000
125341  -40.196  52.731  10.504 0.0000000000
125345  -34.831  53.135  8.360 0.0000000000
125346  -35.258  52.379  8.601 0.0000000000
125349  -34.947  53.441  7.841 0.0000000000
125350  -35.253  52.859  7.562 0.0000000000
125354  -35.959  52.830  6.651 0.0000000000
125355  -36.632  52.795  5.934 0.0000000000
125362  -26.593  52.699  5.366 0.0000000000
125363  -27.467  52.828  5.325 0.0000000000
125364  -28.230  52.908  5.168 0.0000000000
125365  -31.891  52.782  5.312 0.0000000000
125366  -32.807  52.885  5.514 0.0000000000
125367  -33.698  52.879  5.283 0.0000000000
125368  -34.118  53.180  5.108 0.0000000000
125369  -37.238  52.686  5.360 0.0000000000
125370  -37.698  52.706  4.770 0.0000000000
125377  -28.841  52.765  4.888 0.0000000000
125378  -29.508  52.580  4.558 0.0000000000
125379  -30.260  52.574  4.297 0.0000000000
125380  -31.021  52.643  4.790 0.0000000000
125381  -33.971  52.421  5.119 0.0000000000
125382  -34.400  52.741  4.838 0.0000000000
125383  -35.121  52.796  4.078 0.0000000000
125384  -38.308  52.973  4.092 0.0000000000
125385  -38.800  52.828  3.278 0.0000000000
125390  -35.733  52.889  3.358 0.0000000000
125391  -36.199  52.943  2.608 0.0000000000
125392  -39.001  52.591  2.367 0.0000000000
125393  -39.275  52.060  2.090 0.0000000000
125406  -36.642  52.914  1.931 0.0000000000
125407  -38.750  52.776  1.594 0.0000000000
125408  -39.159  52.168  1.746 0.0000000000
125427  -37.057  52.802  1.348 0.0000000000
125428  -38.542  52.721  0.958 0.0000000000
125429  -38.946  52.193  1.170 0.0000000000
125438  -37.415  52.721  0.817 0.0000000000
125439  -37.866  52.628  0.456 0.0000000000
125440  -38.324  52.439  0.457 0.0000000000
125441  -38.721  52.192  0.690 0.0000000000
125834  -34.512  53.818  10.208 0.0000000000
125835  -35.669  53.394  10.439 0.0000000000
125836  -36.885  53.580  10.639 0.0000000000
125837  -37.962  53.814  10.564 0.0000000000
125838  -38.947  53.796  10.710 0.0000000000
125843  -34.507  53.707  9.060 0.0000000000
125844  -34.993  53.139  9.728 0.0000000000
125847  -34.774  53.949  8.092 0.0000000000
125850  -35.242  53.937  7.458 0.0000000000
125851  -35.853  53.823  6.855 0.0000000000
125855  -36.627  53.791  6.249 0.0000000000
125856  -37.391  53.817  5.476 0.0000000000
125857  -37.898  54.360  5.145 0.0000000000
125866  -26.022  53.548  5.477 0.0000000000
125867  -26.955  53.614  5.416 0.0000000000
125868  -27.794  53.698  5.256 0.0000000000
125869  -31.257  53.846  4.968 0.0000000000
125870  -32.237  53.729  5.447 0.0000000000
125871  -33.170  53.694  5.527 0.0000000000
125872  -33.927  53.656  5.259 0.0000000000
125873  -37.595  53.276  5.083 0.0000000000
125874  -37.965  53.838  4.737 0.0000000000
125879  -28.575  53.679  4.898 0.0000000000
125880  -29.201  53.405  4.592 0.0000000000
125881  -29.758  53.506  4.219 0.0000000000
125882  -30.446  53.622  4.409 0.0000000000
125883  -34.366  53.472  4.956 0.0000000000
125884  -34.827  53.547  4.509 0.0000000000
125885  -38.417  53.964  4.225 0.0000000000
125886  -38.539  53.788  3.611 0.0000000000
125894  -35.433  53.638  3.833 0.0000000000
125895  -36.018  53.696  3.110 0.0000000000
125896  -38.576  53.553  2.785 0.0000000000
125912  -36.565  53.648  2.395 0.0000000000
125913  -38.550  53.400  2.000 0.0000000000
125925  -37.063  53.544  1.683 0.0000000000
125926  -37.617  53.692  1.294 0.0000000000
125927  -38.255  53.426  1.284 0.0000000000
125935  -37.330  53.235  1.149 0.0000000000
125936  -37.747  53.201  0.864 0.0000000000
125937  -38.154  52.974  0.718 0.0000000000
126353  -34.657  54.796  8.442 0.0000000000
126357  -35.247  54.813  7.695 0.0000000000
126358  -35.854  54.784  7.058 0.0000000000
126363  -36.580  54.712  6.579 0.0000000000
126364  -37.326  54.741  6.053 0.0000000000
126365  -37.884  54.841  5.472 0.0000000000
126375  -26.471  54.575  5.302 0.0000000000
126376  -27.295  54.342  5.244 0.0000000000
126377  -31.190  54.870  4.828 0.0000000000
126378  -31.795  54.658  5.276 0.0000000000
126379  -32.663  54.572  5.511 0.0000000000
126380  -33.586  54.494  5.409 0.0000000000
126381  -38.302  54.783  4.998 0.0000000000
126382  -38.449  54.946  4.610 0.0000000000
126387  -27.140  54.998  5.024 0.0000000000
126388  -28.006  54.761  4.865 0.0000000000
126389  -29.096  54.495  4.298 0.0000000000
126390  -29.989  54.522  3.759 0.0000000000
126391  -30.618  54.713  4.369 0.0000000000
126392  -34.465  54.252  5.029 0.0000000000
126393  -35.185  54.368  4.433 0.0000000000
126394  -38.363  54.454  4.539 0.0000000000
126395  -38.439  54.658  4.077 0.0000000000
126406  -35.811  54.462  3.742 0.0000000000
126407  -36.565  54.478  3.071 0.0000000000
126408  -37.409  54.699  3.036 0.0000000000
126409  -38.137  54.495  3.220 0.0000000000
126423  -37.119  54.187  2.309 0.0000000000
126424  -37.774  54.347  2.315 0.0000000000
126425  -38.249  53.986  2.266 0.0000000000
126434  -37.491  54.051  1.779 0.0000000000
126435  -37.994  54.024  1.692 0.0000000000
126436  -38.281  53.761  1.779 0.0000000000
126860  -35.548  56.293  8.009 0.0000000000
126863  -35.191  55.556  7.971 0.0000000000
126864  -36.047  55.853  7.397 0.0000000000
126865  -36.828  56.074  6.879 0.0000000000
126870  -36.508  55.434  6.842 0.0000000000
126871  -37.227  55.665  6.466 0.0000000000
126872  -37.842  55.636  5.861 0.0000000000
126882  -25.778  55.574  5.142 0.0000000000
126883  -26.612  55.408  4.967 0.0000000000
126884  -31.526  55.533  5.011 0.0000000000
126885  -32.195  55.401  5.344 0.0000000000
126886  -33.059  55.434  5.451 0.0000000000
126887  -34.105  55.354  5.273 0.0000000000
126888  -34.845  55.617  5.113 0.0000000000
126889  -38.305  55.546  5.353 0.0000000000
126890  -38.509  55.488  4.875 0.0000000000
126896  -26.382  56.027  4.723 0.0000000000
126897  -27.233  55.825  4.504 0.0000000000
126898  -28.370  55.854  3.881 0.0000000000
126899  -29.373  55.582  3.563 0.0000000000
126900  -30.265  55.835  3.700 0.0000000000
126901  -30.927  55.640  4.468 0.0000000000
126902  -34.912  54.959  4.984 0.0000000000
126903  -35.592  55.338  4.564 0.0000000000
126904  -36.456  55.734  4.271 0.0000000000
126905  -37.156  55.874  4.135 0.0000000000
126906  -38.431  55.391  4.418 0.0000000000
126917  -28.866  56.378  2.928 0.0000000000
126918  -29.575  56.413  3.009 0.0000000000
126919  -30.085  56.799  3.114 0.0000000000
126920  -36.251  55.103  3.782 0.0000000000
126921  -36.945  55.286  3.596 0.0000000000
126922  -37.743  55.472  3.739 0.0000000000
126923  -38.297  55.330  3.948 0.0000000000
126935  -29.231  56.875  2.444 0.0000000000
126936  -29.716  57.092  2.647 0.0000000000
126937  -30.017  57.237  2.830 0.0000000000
127334  -36.292  56.919  7.820 0.0000000000
127335  -36.999  56.809  7.201 0.0000000000
127336  -37.605  56.951  6.795 0.0000000000
127345  -37.334  56.432  6.713 0.0000000000
127346  -37.829  56.540  6.279 0.0000000000
127356  -31.874  55.954  5.119 0.0000000000
127357  -32.406  56.169  5.201 0.0000000000
127358  -33.387  56.452  5.195 0.0000000000
127359  -34.314  56.232  5.202 0.0000000000
127360  -35.090  56.226  5.112 0.0000000000
127361  -38.223  56.313  5.632 0.0000000000
127362  -38.505  56.106  5.149 0.0000000000
127365  -26.535  56.758  4.281 0.0000000000
127366  -27.415  56.799  3.556 0.0000000000
127367  -28.197  56.688  3.044 0.0000000000
127368  -30.810  56.260  4.136 0.0000000000
127369  -31.571  56.567  4.554 0.0000000000
127370  -32.538  56.886  4.849 0.0000000000
127371  -33.078  57.109  4.886 0.0000000000
127372  -35.857  56.354  4.855 0.0000000000
127373  -36.714  56.513  4.660 0.0000000000
127374  -37.677  56.301  4.481 0.0000000000
127375  -38.379  56.065  4.642 0.0000000000
127386  -27.896  57.333  2.894 0.0000000000
127387  -28.561  57.280  2.361 0.0000000000
127388  -30.729  56.938  3.722 0.0000000000
127389  -31.332  57.184  3.990 0.0000000000
127390  -38.146  55.858  4.179 0.0000000000
127391  -38.354  55.701  4.292 0.0000000000
127403  -29.417  57.701  2.346 0.0000000000
127404  -29.990  57.761  2.701 0.0000000000
127405  -30.332  57.408  3.080 0.0000000000
127773  -36.759  58.356  8.264 0.0000000000
127781  -36.402  57.647  8.219 0.0000000000
127782  -37.037  57.801  7.687 0.0000000000
127783  -37.519  57.566  7.045 0.0000000000
127795  -37.830  57.395  6.488 0.0000000000
127802  -26.076  57.609  4.750 0.0000000000
127803  -33.958  56.759  5.124 0.0000000000
127804  -34.474  56.895  5.109 0.0000000000
127805  -35.180  56.940  5.064 0.0000000000
127806  -37.351  57.890  5.594 0.0000000000
127807  -37.942  57.307  5.728 0.0000000000
127808  -38.315  56.602  5.312 0.0000000000
127811  -26.738  57.843  3.841 0.0000000000
127812  -27.452  57.712  3.210 0.0000000000
127813  -32.187  57.161  4.469 0.0000000000
127814  -32.772  57.562  4.456 0.0000000000
127815  -33.672  57.362  4.870 0.0000000000
127816  -34.613  57.635  4.877 0.0000000000
127817  -35.750  57.447  4.987 0.0000000000
127818  -37.061  57.373  5.160 0.0000000000
127819  -38.086  56.758  4.999 0.0000000000
127820  -38.417  56.420  5.019 0.0000000000
127829  -27.362  58.338  3.347 0.0000000000
127830  -28.000  58.317  2.658 0.0000000000
127831  -28.932  58.298  2.151 0.0000000000
127832  -31.218  57.626  3.649 0.0000000000
127833  -31.918  57.567  4.055 0.0000000000
127834  -32.484  57.960  4.076 0.0000000000
127845  -28.787  59.120  2.351 0.0000000000
127846  -30.051  59.107  2.629 0.0000000000
127847  -30.543  58.151  2.957 0.0000000000
127848  -30.758  57.663  3.319 0.0000000000
128203  -37.205  58.993  7.746 0.0000000000
128204  -37.485  58.290  7.228 0.0000000000
128221  -37.366  58.808  6.823 0.0000000000
128222  -37.685  58.079  6.670 0.0000000000
128233  -37.416  58.359  6.052 0.0000000000
128234  -37.795  57.813  6.247 0.0000000000
128237  -27.159  58.941  3.972 0.0000000000
128238  -27.722  59.423  3.660 0.0000000000
128239  -33.325  57.911  4.475 0.0000000000
128240  -33.849  58.215  4.541 0.0000000000
128241  -34.729  58.663  4.595 0.0000000000
128242  -35.942  58.437  5.008 0.0000000000
128243  -36.772  58.400  5.464 0.0000000000
128253  -27.636  58.918  3.270 0.0000000000
128254  -28.220  59.561  3.019 0.0000000000
128255  -31.644  58.138  3.596 0.0000000000
128256  -32.245  58.253  3.803 0.0000000000
128257  -33.009  58.401  4.121 0.0000000000
128258  -33.822  58.949  4.158 0.0000000000
128259  -34.233  59.250  4.180 0.0000000000
128269  -29.117  60.123  2.562 0.0000000000
128271  -31.079  58.238  3.262 0.0000000000
128590  -36.025  59.993  7.041 0.0000000000
128591  -36.791  59.590  6.961 0.0000000000
128602  -35.398  59.767  6.473 0.0000000000
128603  -35.755  59.816  6.527 0.0000000000
128604  -36.947  59.081  6.301 0.0000000000
128610  -35.203  59.303  4.683 0.0000000000
128611  -36.069  59.181  5.148 0.0000000000
128612  -36.676  59.008  5.759 0.0000000000
128624  -31.933  58.580  3.527 0.0000000000
128625  -32.480  58.811  3.665 0.0000000000
128626  -33.167  59.205  3.783 0.0000000000
128627  -33.920  59.558  3.808 0.0000000000
128628  -34.487  59.540  4.246 0.0000000000
128638  -31.551  58.514  3.395 0.0000000000
128936  -35.969  59.836  6.589 0.0000000000
128937  -36.216  59.754  6.581 0.0000000000
128949  -34.755  59.888  5.586 0.0000000000
128950  -35.742  59.718  6.073 0.0000000000
128951  -36.428  59.538  6.251 0.0000000000
128960  -33.851  60.696  4.672 0.0000000000
128961  -35.152  59.904  4.960 0.0000000000
128962  -36.127  59.483  5.675 0.0000000000
128963  -36.560  59.312  5.990 0.0000000000
128975  -31.991  58.946  3.415 0.0000000000
128976  -32.487  59.360  3.496 0.0000000000
128977  -33.164  59.877  3.547 0.0000000000
128978  -34.121  60.345  3.913 0.0000000000
128979  -34.750  59.805  4.417 0.0000000000
128992  -31.447  58.835  3.234 0.0000000000
128993  -31.722  58.732  3.390 0.0000000000
129309  -31.847  59.303  3.300 0.0000000000
129310  -32.163  59.883  3.303 0.0000000000
129311  -32.779  60.678  3.443 0.0000000000
129683  -31.135  59.436  3.016 0.0000000000
129684  -31.400  60.510  3.116 0.0000000000
129700  -30.744  59.744  2.855 0.0000000000
133064  -30.836  58.670  2.981 0.0000000000
133065  -30.797  58.343  3.058 0.0000000000
133069  -30.627  59.425  2.816 0.0000000000
133072  -30.561  60.237  2.810 0.0000000000
