#!ascii label  , from subject bert vox2ras=TkReg
2108
32569  -8.449  -53.169  57.813 0.0000000000
32570  -8.692  -53.237  58.096 0.0000000000
32571  -8.928  -53.295  58.262 0.0000000000
32575  -8.455  -53.142  57.356 0.0000000000
32576  -8.686  -53.244  57.595 0.0000000000
32577  -9.135  -53.374  58.163 0.0000000000
32582  -8.338  -53.042  56.749 0.0000000000
32583  -8.692  -53.198  57.121 0.0000000000
32584  -8.945  -53.296  57.331 0.0000000000
33549  -9.730  -53.135  60.008 0.0000000000
33550  -9.986  -53.221  59.674 0.0000000000
33555  -8.376  -52.835  58.919 0.0000000000
33556  -8.616  -53.064  59.127 0.0000000000
33557  -9.274  -53.260  59.405 0.0000000000
33558  -9.929  -53.355  58.923 0.0000000000
33563  -8.359  -53.046  58.388 0.0000000000
33564  -8.833  -53.267  58.631 0.0000000000
33565  -9.264  -53.367  58.396 0.0000000000
33566  -9.842  -53.259  57.978 0.0000000000
33571  -8.150  -52.937  57.630 0.0000000000
33572  -9.243  -53.311  57.541 0.0000000000
33573  -9.761  -53.183  57.001 0.0000000000
33578  -8.273  -52.901  56.961 0.0000000000
33579  -8.630  -52.980  56.717 0.0000000000
33580  -9.075  -53.138  56.651 0.0000000000
33581  -9.632  -52.846  56.089 0.0000000000
33584  -8.390  -52.619  56.359 0.0000000000
33585  -8.750  -52.653  55.958 0.0000000000
33586  -9.254  -52.696  55.567 0.0000000000
33587  -9.607  -52.687  55.526 0.0000000000
33591  -8.904  -52.478  55.334 0.0000000000
33592  -9.048  -52.458  55.117 0.0000000000
34593  -8.678  -52.428  59.989 0.0000000000
34594  -9.305  -52.732  60.245 0.0000000000
34595  -10.383  -52.751  60.292 0.0000000000
34596  -11.218  -52.190  60.400 0.0000000000
34597  -11.568  -51.957  60.449 0.0000000000
34601  -8.271  -52.454  58.663 0.0000000000
34602  -8.449  -52.515  59.370 0.0000000000
34603  -8.761  -52.933  59.739 0.0000000000
34604  -10.582  -53.028  59.386 0.0000000000
34605  -11.248  -52.458  59.743 0.0000000000
34606  -11.645  -52.097  60.171 0.0000000000
34610  -8.110  -52.496  57.965 0.0000000000
34611  -10.515  -52.999  58.457 0.0000000000
34612  -11.121  -52.580  58.920 0.0000000000
34615  -7.585  -51.979  56.674 0.0000000000
34616  -7.964  -52.380  57.233 0.0000000000
34617  -10.423  -52.890  57.468 0.0000000000
34618  -11.063  -52.446  57.992 0.0000000000
34623  -7.374  -52.024  55.959 0.0000000000
34624  -7.968  -52.386  56.444 0.0000000000
34625  -10.282  -52.722  56.486 0.0000000000
34626  -10.949  -52.325  56.959 0.0000000000
34630  -7.362  -51.805  55.119 0.0000000000
34631  -8.136  -52.207  55.583 0.0000000000
34632  -8.621  -52.359  55.406 0.0000000000
34633  -9.569  -52.568  55.219 0.0000000000
34634  -10.097  -52.437  55.468 0.0000000000
34635  -10.701  -52.231  56.108 0.0000000000
34639  -7.364  -51.651  54.588 0.0000000000
34640  -7.837  -51.830  54.701 0.0000000000
34641  -8.646  -52.098  54.740 0.0000000000
34642  -9.272  -52.361  54.913 0.0000000000
34643  -9.686  -52.278  54.820 0.0000000000
34649  -8.842  -51.863  54.168 0.0000000000
34650  -9.149  -52.046  54.370 0.0000000000
34651  -9.421  -52.144  54.570 0.0000000000
35665  -11.808  -51.577  60.403 0.0000000000
35669  -8.250  -51.812  59.072 0.0000000000
35670  -8.378  -51.820  59.834 0.0000000000
35671  -11.517  -52.277  59.211 0.0000000000
35672  -11.948  -51.849  59.506 0.0000000000
35676  -7.771  -51.257  57.757 0.0000000000
35677  -8.106  -51.711  58.131 0.0000000000
35678  -11.580  -52.087  58.613 0.0000000000
35679  -11.874  -51.424  58.470 0.0000000000
35683  -7.594  -51.533  57.327 0.0000000000
35684  -8.017  -52.034  57.645 0.0000000000
35685  -11.629  -51.708  57.520 0.0000000000
35686  -11.869  -51.215  57.887 0.0000000000
35690  -6.963  -51.481  56.523 0.0000000000
35691  -11.336  -51.728  56.298 0.0000000000
35694  -6.729  -51.456  55.590 0.0000000000
35695  -10.373  -52.088  55.204 0.0000000000
35696  -10.750  -51.819  55.417 0.0000000000
35700  -6.780  -51.248  54.528 0.0000000000
35701  -7.433  -51.533  54.138 0.0000000000
35702  -7.998  -51.691  54.119 0.0000000000
35703  -10.248  -51.904  54.823 0.0000000000
35704  -10.809  -51.302  54.795 0.0000000000
35715  -7.041  -51.140  53.760 0.0000000000
35716  -7.638  -51.227  53.371 0.0000000000
35717  -8.463  -51.596  53.728 0.0000000000
35718  -9.043  -51.683  53.802 0.0000000000
35719  -9.621  -51.770  54.160 0.0000000000
35733  -7.785  -50.967  52.765 0.0000000000
35734  -8.217  -51.149  52.882 0.0000000000
35735  -8.896  -51.290  53.022 0.0000000000
35736  -9.379  -51.305  53.389 0.0000000000
36707  -17.849  -50.661  61.553 0.0000000000
36713  -17.779  -50.888  60.545 0.0000000000
36715  -8.105  -51.261  58.712 0.0000000000
36717  -12.197  -50.795  60.049 0.0000000000
36718  -12.473  -50.183  60.688 0.0000000000
36719  -17.542  -51.118  59.551 0.0000000000
36722  -7.452  -50.948  57.592 0.0000000000
36723  -7.810  -50.985  58.065 0.0000000000
36725  -12.121  -50.865  59.130 0.0000000000
36729  -6.101  -50.045  56.717 0.0000000000
36730  -6.842  -50.521  57.108 0.0000000000
36731  -7.440  -50.391  57.536 0.0000000000
36732  -7.955  -50.455  57.890 0.0000000000
36733  -11.922  -51.011  57.449 0.0000000000
36734  -12.159  -50.685  58.114 0.0000000000
36737  -5.852  -50.020  55.969 0.0000000000
36738  -6.299  -50.795  56.249 0.0000000000
36739  -11.816  -51.022  56.646 0.0000000000
36740  -12.210  -50.391  57.134 0.0000000000
36744  -5.743  -49.894  55.087 0.0000000000
36745  -6.095  -50.723  55.282 0.0000000000
36746  -11.516  -50.789  55.402 0.0000000000
36747  -12.077  -50.305  56.212 0.0000000000
36754  -5.705  -49.773  54.563 0.0000000000
36755  -5.977  -50.317  54.337 0.0000000000
36756  -10.335  -51.194  54.158 0.0000000000
36757  -11.087  -50.611  54.302 0.0000000000
36770  -6.554  -50.659  53.788 0.0000000000
36771  -6.925  -50.624  53.236 0.0000000000
36772  -9.858  -51.055  53.510 0.0000000000
36773  -10.506  -50.403  53.335 0.0000000000
36786  -7.373  -50.549  52.603 0.0000000000
36787  -7.945  -50.763  52.241 0.0000000000
36788  -8.654  -50.775  52.216 0.0000000000
36789  -9.673  -50.562  52.433 0.0000000000
36790  -10.378  -50.165  52.612 0.0000000000
36803  -7.600  -50.166  51.745 0.0000000000
36804  -8.240  -50.352  51.520 0.0000000000
36805  -9.025  -50.212  51.294 0.0000000000
36806  -9.566  -50.101  51.577 0.0000000000
36819  -7.913  -49.894  51.033 0.0000000000
36820  -8.418  -49.930  50.769 0.0000000000
36821  -8.825  -49.924  50.621 0.0000000000
37775  -16.788  -49.377  62.371 0.0000000000
37776  -17.391  -49.716  61.859 0.0000000000
37780  -12.969  -49.505  61.151 0.0000000000
37781  -17.081  -49.324  60.328 0.0000000000
37782  -17.405  -49.681  60.676 0.0000000000
37788  -12.470  -50.411  59.555 0.0000000000
37789  -12.938  -49.790  60.029 0.0000000000
37790  -17.035  -49.401  59.882 0.0000000000
37791  -17.340  -50.156  59.731 0.0000000000
37797  -12.631  -50.148  58.902 0.0000000000
37798  -13.308  -49.220  58.731 0.0000000000
37799  -16.960  -49.539  58.956 0.0000000000
37800  -17.255  -50.327  58.770 0.0000000000
37802  -6.370  -49.330  57.110 0.0000000000
37803  -6.946  -49.475  57.318 0.0000000000
37808  -12.721  -49.853  57.811 0.0000000000
37809  -13.246  -49.085  57.421 0.0000000000
37810  -16.993  -49.646  57.983 0.0000000000
37811  -17.247  -50.415  57.852 0.0000000000
37813  -5.905  -49.188  56.583 0.0000000000
37817  -12.645  -49.498  56.630 0.0000000000
37818  -13.135  -48.959  56.786 0.0000000000
37819  -16.986  -49.894  56.923 0.0000000000
37822  -5.669  -49.146  55.702 0.0000000000
37823  -11.697  -50.182  55.150 0.0000000000
37824  -12.073  -49.698  55.376 0.0000000000
37825  -16.860  -49.710  55.849 0.0000000000
37831  -5.554  -49.142  54.744 0.0000000000
37832  -5.701  -49.611  54.154 0.0000000000
37833  -11.602  -50.045  54.696 0.0000000000
37834  -11.865  -49.319  54.339 0.0000000000
37848  -5.489  -48.920  53.921 0.0000000000
37849  -6.181  -49.655  53.277 0.0000000000
37850  -6.837  -50.155  52.804 0.0000000000
37851  -11.452  -49.597  53.673 0.0000000000
37852  -11.740  -49.224  53.885 0.0000000000
37866  -6.347  -49.140  52.589 0.0000000000
37867  -6.934  -49.545  52.237 0.0000000000
37868  -10.375  -49.956  52.135 0.0000000000
37869  -10.956  -49.643  52.586 0.0000000000
37882  -7.480  -49.377  51.164 0.0000000000
37883  -9.557  -49.789  51.089 0.0000000000
37884  -10.046  -49.788  51.510 0.0000000000
37885  -10.729  -49.424  51.643 0.0000000000
37895  -7.922  -49.412  50.127 0.0000000000
37896  -8.634  -49.724  50.098 0.0000000000
37897  -9.252  -49.726  50.410 0.0000000000
37898  -10.082  -49.411  50.533 0.0000000000
37899  -10.447  -49.384  51.107 0.0000000000
37907  -7.978  -49.139  49.420 0.0000000000
37908  -8.428  -49.323  49.327 0.0000000000
37909  -9.058  -49.583  49.602 0.0000000000
37910  -9.612  -49.405  49.713 0.0000000000
37917  -8.658  -49.177  48.852 0.0000000000
37918  -9.027  -49.379  49.022 0.0000000000
37919  -9.351  -49.391  49.293 0.0000000000
37927  -16.930  -49.275  47.524 0.0000000000
37933  -17.073  -49.560  46.151 0.0000000000
37944  -17.082  -49.471  45.089 0.0000000000
37955  -17.311  -49.490  44.022 0.0000000000
37960  -17.343  -49.524  43.009 0.0000000000
37962  -17.361  -49.523  42.390 0.0000000000
37965  -17.432  -49.533  41.802 0.0000000000
38696  -16.182  -48.979  62.341 0.0000000000
38702  -14.423  -48.589  62.018 0.0000000000
38703  -15.542  -48.524  61.793 0.0000000000
38704  -16.575  -48.931  61.563 0.0000000000
38705  -17.123  -49.246  61.071 0.0000000000
38710  -13.560  -48.875  61.009 0.0000000000
38711  -14.596  -48.347  60.925 0.0000000000
38712  -15.776  -48.351  60.707 0.0000000000
38713  -16.788  -48.952  60.415 0.0000000000
38714  -17.120  -49.276  60.718 0.0000000000
38719  -13.780  -48.733  59.925 0.0000000000
38720  -14.840  -48.312  59.802 0.0000000000
38721  -15.858  -48.388  59.542 0.0000000000
38722  -16.556  -48.864  59.223 0.0000000000
38728  -14.158  -48.601  59.020 0.0000000000
38729  -14.956  -48.312  58.702 0.0000000000
38730  -15.872  -48.417  58.414 0.0000000000
38731  -16.538  -48.935  58.192 0.0000000000
38733  -5.988  -48.169  57.329 0.0000000000
38734  -6.469  -48.482  57.442 0.0000000000
38738  -14.040  -48.599  57.992 0.0000000000
38739  -14.997  -48.136  57.481 0.0000000000
38740  -16.085  -48.340  57.364 0.0000000000
38741  -16.646  -49.002  57.242 0.0000000000
38743  -5.638  -48.234  56.389 0.0000000000
38748  -13.044  -48.897  56.485 0.0000000000
38749  -13.723  -48.438  56.628 0.0000000000
38750  -14.771  -47.950  56.475 0.0000000000
38751  -16.348  -48.511  56.727 0.0000000000
38752  -16.635  -48.963  56.284 0.0000000000
38754  -5.365  -48.274  55.425 0.0000000000
38758  -12.851  -48.844  55.879 0.0000000000
38759  -13.430  -48.170  55.393 0.0000000000
38760  -16.660  -49.026  55.458 0.0000000000
38765  -5.200  -48.260  54.498 0.0000000000
38766  -12.546  -48.614  54.746 0.0000000000
38767  -13.263  -47.895  54.583 0.0000000000
38768  -16.591  -48.817  54.809 0.0000000000
38780  -5.215  -48.171  53.759 0.0000000000
38781  -5.543  -48.524  53.235 0.0000000000
38782  -11.603  -49.097  53.452 0.0000000000
38783  -11.933  -48.718  53.653 0.0000000000
38784  -16.651  -48.789  54.002 0.0000000000
38796  -5.921  -48.643  52.700 0.0000000000
38797  -6.439  -48.602  52.218 0.0000000000
38798  -11.498  -48.973  52.997 0.0000000000
38799  -11.892  -48.286  52.649 0.0000000000
38800  -16.661  -48.585  52.969 0.0000000000
38810  -7.086  -48.455  51.584 0.0000000000
38811  -11.461  -48.656  51.874 0.0000000000
38812  -11.924  -48.171  52.068 0.0000000000
38813  -16.648  -48.339  51.897 0.0000000000
38823  -7.428  -48.567  50.414 0.0000000000
38824  -10.537  -49.056  50.141 0.0000000000
38825  -10.957  -48.946  50.749 0.0000000000
38826  -16.715  -48.561  50.853 0.0000000000
38836  -7.646  -48.634  49.259 0.0000000000
38837  -8.031  -49.036  49.115 0.0000000000
38838  -10.207  -49.064  49.630 0.0000000000
38839  -10.823  -48.648  49.716 0.0000000000
38840  -16.631  -48.684  49.847 0.0000000000
38850  -7.617  -48.222  48.352 0.0000000000
38851  -8.233  -48.845  48.624 0.0000000000
38852  -8.975  -49.041  48.516 0.0000000000
38853  -9.666  -49.061  48.914 0.0000000000
38854  -10.420  -48.571  48.861 0.0000000000
38855  -16.680  -48.681  48.747 0.0000000000
38866  -7.617  -48.015  47.891 0.0000000000
38867  -8.011  -48.341  47.902 0.0000000000
38868  -8.740  -48.590  47.936 0.0000000000
38869  -9.532  -48.584  48.135 0.0000000000
38870  -10.016  -48.553  48.403 0.0000000000
38871  -16.768  -48.620  47.564 0.0000000000
38872  -16.929  -49.132  47.245 0.0000000000
38884  -16.727  -48.084  46.598 0.0000000000
38885  -16.896  -48.924  46.731 0.0000000000
38895  -16.682  -47.825  46.059 0.0000000000
38896  -16.808  -48.416  45.689 0.0000000000
38906  -17.037  -48.474  44.460 0.0000000000
38912  -17.240  -48.578  43.387 0.0000000000
38917  -17.324  -48.753  42.335 0.0000000000
38924  -17.445  -48.699  41.320 0.0000000000
38931  -17.591  -48.819  40.548 0.0000000000
38941  -17.759  -48.557  39.845 0.0000000000
39592  -5.511  -47.275  57.085 0.0000000000
39597  -15.589  -48.048  56.652 0.0000000000
39598  -16.072  -48.234  56.698 0.0000000000
39600  -5.266  -47.354  56.119 0.0000000000
39605  -14.338  -47.787  55.722 0.0000000000
39606  -15.304  -47.825  55.846 0.0000000000
39607  -16.163  -48.212  56.055 0.0000000000
39608  -16.467  -48.644  55.767 0.0000000000
39610  -5.119  -47.424  55.119 0.0000000000
39615  -14.030  -47.571  54.823 0.0000000000
39616  -15.005  -47.516  55.009 0.0000000000
39617  -15.831  -47.917  55.165 0.0000000000
39618  -16.359  -48.445  55.292 0.0000000000
39621  -5.085  -47.458  54.159 0.0000000000
39624  -12.808  -47.877  53.903 0.0000000000
39625  -13.704  -47.427  53.988 0.0000000000
39626  -14.700  -47.242  54.118 0.0000000000
39627  -15.630  -47.616  54.279 0.0000000000
39628  -16.294  -48.197  54.534 0.0000000000
39636  -5.306  -47.552  53.187 0.0000000000
39637  -5.544  -48.124  52.791 0.0000000000
39638  -12.530  -47.781  53.013 0.0000000000
39639  -13.342  -47.320  53.220 0.0000000000
39640  -14.268  -46.973  53.201 0.0000000000
39641  -15.483  -47.132  53.233 0.0000000000
39642  -16.305  -47.895  53.640 0.0000000000
39652  -5.544  -47.113  52.788 0.0000000000
39653  -5.903  -47.632  52.332 0.0000000000
39654  -6.542  -48.045  52.005 0.0000000000
39655  -12.401  -47.821  52.185 0.0000000000
39656  -13.287  -47.234  52.327 0.0000000000
39657  -13.743  -47.036  52.787 0.0000000000
39658  -15.943  -47.132  52.462 0.0000000000
39659  -16.323  -47.685  52.697 0.0000000000
39669  -6.245  -47.267  52.073 0.0000000000
39670  -6.689  -47.443  51.825 0.0000000000
39671  -11.679  -48.297  51.512 0.0000000000
39672  -11.994  -48.014  51.561 0.0000000000
39673  -12.770  -47.430  51.501 0.0000000000
39674  -15.923  -46.984  52.059 0.0000000000
39675  -16.281  -47.401  51.891 0.0000000000
39687  -7.337  -47.556  50.895 0.0000000000
39688  -11.617  -48.263  51.081 0.0000000000
39689  -12.237  -47.615  50.640 0.0000000000
39690  -13.000  -47.030  50.781 0.0000000000
39691  -16.500  -47.756  51.189 0.0000000000
39701  -7.540  -47.640  49.757 0.0000000000
39702  -11.489  -48.152  50.095 0.0000000000
39703  -12.003  -47.396  49.519 0.0000000000
39704  -16.485  -47.850  50.334 0.0000000000
39714  -7.501  -47.562  48.739 0.0000000000
39715  -11.288  -47.956  48.872 0.0000000000
39716  -11.877  -47.142  48.632 0.0000000000
39717  -16.447  -47.826  49.355 0.0000000000
39727  -7.454  -47.452  47.920 0.0000000000
39728  -7.823  -47.776  47.573 0.0000000000
39729  -8.471  -48.010  47.422 0.0000000000
39730  -9.331  -48.185  47.366 0.0000000000
39731  -10.486  -48.006  47.670 0.0000000000
39732  -16.459  -47.723  48.298 0.0000000000
39743  -7.612  -47.200  47.355 0.0000000000
39744  -8.109  -47.407  47.049 0.0000000000
39745  -8.903  -47.614  46.732 0.0000000000
39746  -9.802  -47.671  46.698 0.0000000000
39747  -10.624  -47.317  46.453 0.0000000000
39748  -16.513  -47.499  47.269 0.0000000000
39758  -9.362  -47.296  46.260 0.0000000000
39759  -9.979  -47.160  45.997 0.0000000000
39760  -10.644  -46.949  45.757 0.0000000000
39761  -16.520  -47.233  46.297 0.0000000000
39762  -16.632  -47.551  45.679 0.0000000000
39777  -16.487  -46.926  45.561 0.0000000000
39778  -16.679  -47.314  44.820 0.0000000000
39794  -16.992  -47.558  43.740 0.0000000000
39807  -17.167  -47.674  42.742 0.0000000000
39815  -17.264  -47.715  41.713 0.0000000000
39821  -17.542  -47.796  40.614 0.0000000000
39828  -17.881  -47.543  39.591 0.0000000000
39829  -18.174  -47.425  38.659 0.0000000000
40477  -5.409  -46.288  57.708 0.0000000000
40482  -5.039  -46.371  56.780 0.0000000000
40486  -5.101  -46.476  55.765 0.0000000000
40493  -5.154  -46.564  54.768 0.0000000000
40500  -5.283  -46.620  53.849 0.0000000000
40501  -14.400  -46.839  52.796 0.0000000000
40502  -14.746  -46.814  52.803 0.0000000000
40509  -5.516  -46.598  53.156 0.0000000000
40510  -5.811  -46.605  52.649 0.0000000000
40511  -13.741  -46.972  52.058 0.0000000000
40512  -14.222  -46.848  52.366 0.0000000000
40513  -15.321  -46.857  52.289 0.0000000000
40519  -6.277  -46.676  52.084 0.0000000000
40520  -7.066  -46.403  51.386 0.0000000000
40521  -13.766  -46.873  51.441 0.0000000000
40522  -14.920  -46.680  51.499 0.0000000000
40523  -15.865  -46.909  51.528 0.0000000000
40524  -16.277  -47.275  51.365 0.0000000000
40539  -7.679  -46.627  50.295 0.0000000000
40540  -12.791  -46.932  49.901 0.0000000000
40541  -13.661  -46.600  50.254 0.0000000000
40542  -14.649  -46.508  50.541 0.0000000000
40543  -15.588  -46.764  50.684 0.0000000000
40544  -16.228  -47.209  50.840 0.0000000000
40560  -7.718  -46.642  49.130 0.0000000000
40561  -12.597  -46.782  48.883 0.0000000000
40562  -13.468  -46.429  49.197 0.0000000000
40563  -14.441  -46.265  49.480 0.0000000000
40564  -15.399  -46.591  49.693 0.0000000000
40565  -16.102  -47.158  49.975 0.0000000000
40582  -7.432  -46.566  48.184 0.0000000000
40583  -11.560  -47.258  47.833 0.0000000000
40584  -12.305  -46.654  47.959 0.0000000000
40585  -13.299  -46.254  48.053 0.0000000000
40586  -14.148  -46.027  48.525 0.0000000000
40587  -15.238  -46.217  48.463 0.0000000000
40588  -16.075  -46.965  48.961 0.0000000000
40606  -7.420  -46.555  47.443 0.0000000000
40607  -11.377  -47.117  46.828 0.0000000000
40608  -12.058  -46.629  47.103 0.0000000000
40609  -12.769  -46.246  47.197 0.0000000000
40610  -15.600  -46.213  47.386 0.0000000000
40611  -16.105  -46.810  47.899 0.0000000000
40633  -7.629  -46.668  46.780 0.0000000000
40634  -8.420  -47.014  46.419 0.0000000000
40635  -8.950  -47.187  46.263 0.0000000000
40636  -11.275  -46.798  45.910 0.0000000000
40637  -12.057  -46.412  46.175 0.0000000000
40638  -12.457  -46.266  46.662 0.0000000000
40639  -15.767  -46.074  46.670 0.0000000000
40640  -16.196  -46.618  46.934 0.0000000000
40659  -7.413  -46.074  46.402 0.0000000000
40660  -7.944  -46.332  46.018 0.0000000000
40661  -9.127  -46.674  45.714 0.0000000000
40662  -10.176  -46.670  45.388 0.0000000000
40663  -10.979  -46.575  45.194 0.0000000000
40664  -11.786  -46.270  45.175 0.0000000000
40665  -15.598  -45.769  46.243 0.0000000000
40666  -16.142  -46.171  45.978 0.0000000000
40685  -9.733  -46.254  45.099 0.0000000000
40686  -10.446  -46.154  44.749 0.0000000000
40687  -11.291  -46.096  44.521 0.0000000000
40688  -11.887  -45.922  44.470 0.0000000000
40689  -16.353  -46.357  45.037 0.0000000000
40690  -16.568  -46.583  44.533 0.0000000000
40708  -16.481  -46.090  44.358 0.0000000000
40709  -16.751  -46.546  43.928 0.0000000000
40727  -17.018  -46.744  43.115 0.0000000000
40741  -17.131  -46.690  42.185 0.0000000000
40754  -17.345  -46.637  41.168 0.0000000000
40760  -17.725  -46.583  40.181 0.0000000000
40761  -18.066  -46.475  39.230 0.0000000000
40769  -18.353  -46.304  38.250 0.0000000000
41419  -4.946  -44.793  57.078 0.0000000000
41420  -5.039  -45.163  57.320 0.0000000000
41427  -4.931  -44.826  56.809 0.0000000000
41428  -4.959  -45.414  56.299 0.0000000000
41434  -5.172  -45.620  55.370 0.0000000000
41440  -5.408  -45.662  54.447 0.0000000000
41448  -5.619  -45.757  53.643 0.0000000000
41458  -5.866  -45.768  53.081 0.0000000000
41459  -6.182  -45.702  52.582 0.0000000000
41467  -6.569  -45.574  52.009 0.0000000000
41468  -6.987  -45.318  51.522 0.0000000000
41482  -7.539  -45.451  50.769 0.0000000000
41483  -7.971  -45.029  50.148 0.0000000000
41494  -7.942  -45.741  49.679 0.0000000000
41495  -8.203  -44.986  49.390 0.0000000000
41503  -7.792  -45.384  48.430 0.0000000000
41504  -8.180  -44.766  48.798 0.0000000000
41505  -13.599  -46.001  47.695 0.0000000000
41506  -13.918  -45.864  47.814 0.0000000000
41507  -14.572  -45.843  47.963 0.0000000000
41515  -7.012  -44.958  46.962 0.0000000000
41516  -7.326  -45.651  47.529 0.0000000000
41517  -13.588  -45.884  47.250 0.0000000000
41518  -14.417  -45.698  47.321 0.0000000000
41519  -15.039  -45.862  47.593 0.0000000000
41533  -6.797  -44.925  46.387 0.0000000000
41534  -7.166  -45.770  46.797 0.0000000000
41535  -12.403  -45.907  45.460 0.0000000000
41536  -12.986  -45.781  46.235 0.0000000000
41537  -14.183  -45.429  46.487 0.0000000000
41538  -15.149  -45.706  46.760 0.0000000000
41551  -6.684  -44.825  45.941 0.0000000000
41552  -7.206  -45.443  45.913 0.0000000000
41553  -8.421  -45.600  45.213 0.0000000000
41554  -9.236  -46.035  45.164 0.0000000000
41555  -12.309  -45.734  44.738 0.0000000000
41556  -12.921  -45.318  45.051 0.0000000000
41557  -13.779  -45.106  45.577 0.0000000000
41558  -15.219  -45.263  45.507 0.0000000000
41559  -16.026  -45.781  45.329 0.0000000000
41576  -8.853  -45.091  44.648 0.0000000000
41577  -9.609  -45.527  44.635 0.0000000000
41578  -10.776  -45.442  43.951 0.0000000000
41579  -11.685  -45.663  43.951 0.0000000000
41580  -12.235  -45.601  44.100 0.0000000000
41581  -12.673  -45.320  44.253 0.0000000000
41582  -15.697  -44.989  44.194 0.0000000000
41583  -16.065  -45.622  44.677 0.0000000000
41602  -11.095  -44.902  43.434 0.0000000000
41603  -11.572  -45.180  43.383 0.0000000000
41604  -12.219  -45.288  43.572 0.0000000000
41605  -12.531  -45.291  43.827 0.0000000000
41606  -15.973  -44.872  43.625 0.0000000000
41607  -16.442  -45.433  43.547 0.0000000000
41608  -16.839  -46.140  43.339 0.0000000000
41627  -16.741  -45.095  42.342 0.0000000000
41628  -16.971  -45.898  42.725 0.0000000000
41642  -16.848  -44.946  41.830 0.0000000000
41643  -17.122  -45.481  41.702 0.0000000000
41658  -17.509  -45.570  40.705 0.0000000000
41670  -17.864  -45.496  39.742 0.0000000000
41671  -18.232  -45.501  38.907 0.0000000000
41683  -18.439  -45.343  38.351 0.0000000000
41690  -18.691  -45.475  37.656 0.0000000000
41691  -18.925  -45.217  37.023 0.0000000000
42337  -5.440  -43.943  57.582 0.0000000000
42338  -5.470  -44.468  57.908 0.0000000000
42345  -5.143  -44.322  57.044 0.0000000000
42346  -5.214  -44.492  57.488 0.0000000000
42354  -5.161  -44.373  56.131 0.0000000000
42355  -5.099  -44.996  55.742 0.0000000000
42363  -5.430  -43.957  55.583 0.0000000000
42364  -5.467  -44.555  55.129 0.0000000000
42372  -5.719  -44.722  54.054 0.0000000000
42380  -5.904  -44.973  53.442 0.0000000000
42388  -6.132  -44.732  52.978 0.0000000000
42389  -6.417  -44.673  52.474 0.0000000000
42399  -6.704  -44.572  51.955 0.0000000000
42400  -7.122  -44.495  51.396 0.0000000000
42413  -7.523  -44.367  50.668 0.0000000000
42414  -7.967  -44.500  49.969 0.0000000000
42429  -7.729  -43.932  50.166 0.0000000000
42430  -8.198  -44.191  49.379 0.0000000000
42443  -7.693  -44.803  48.005 0.0000000000
42444  -7.907  -44.346  48.308 0.0000000000
42455  -7.046  -44.461  46.926 0.0000000000
42456  -7.423  -44.572  47.483 0.0000000000
42457  -7.652  -43.878  47.714 0.0000000000
42464  -6.744  -44.296  46.586 0.0000000000
42472  -6.424  -44.177  45.940 0.0000000000
42473  -6.734  -44.616  45.468 0.0000000000
42474  -7.426  -44.913  45.154 0.0000000000
42475  -13.120  -45.089  44.779 0.0000000000
42476  -13.435  -44.945  44.859 0.0000000000
42477  -14.184  -44.788  44.958 0.0000000000
42485  -6.406  -43.871  45.226 0.0000000000
42486  -6.969  -44.129  44.745 0.0000000000
42487  -8.150  -44.521  44.573 0.0000000000
42488  -9.210  -44.657  44.181 0.0000000000
42489  -9.995  -44.917  44.003 0.0000000000
42490  -13.130  -45.035  44.436 0.0000000000
42491  -13.761  -44.648  44.263 0.0000000000
42492  -14.797  -44.598  44.327 0.0000000000
42503  -9.736  -44.411  43.735 0.0000000000
42504  -10.518  -44.492  43.513 0.0000000000
42505  -11.433  -44.363  42.976 0.0000000000
42506  -12.203  -44.833  42.941 0.0000000000
42507  -13.029  -44.797  43.476 0.0000000000
42508  -14.280  -44.280  43.399 0.0000000000
42509  -15.512  -44.432  43.346 0.0000000000
42510  -16.082  -44.806  43.333 0.0000000000
42529  -12.133  -44.183  42.625 0.0000000000
42530  -12.785  -44.248  42.491 0.0000000000
42531  -13.835  -43.933  42.328 0.0000000000
42532  -14.922  -43.909  42.500 0.0000000000
42533  -15.780  -44.138  42.362 0.0000000000
42534  -16.228  -44.663  42.742 0.0000000000
42553  -14.175  -43.527  41.683 0.0000000000
42554  -14.646  -43.592  41.735 0.0000000000
42555  -15.486  -43.753  41.694 0.0000000000
42556  -16.528  -44.378  41.430 0.0000000000
42557  -17.230  -44.902  41.065 0.0000000000
42574  -16.747  -43.993  40.473 0.0000000000
42575  -17.279  -44.483  40.232 0.0000000000
42589  -17.931  -44.493  39.035 0.0000000000
42590  -18.325  -44.942  38.656 0.0000000000
42605  -18.056  -44.042  38.485 0.0000000000
42606  -18.403  -44.517  38.177 0.0000000000
42619  -18.816  -44.576  37.366 0.0000000000
42620  -19.100  -44.672  36.676 0.0000000000
43244  -5.660  -43.368  57.614 0.0000000000
43245  -5.820  -43.355  58.087 0.0000000000
43250  -5.626  -43.392  57.160 0.0000000000
43251  -5.765  -43.126  56.799 0.0000000000
43256  -5.545  -43.448  56.486 0.0000000000
43257  -5.721  -43.122  56.538 0.0000000000
43262  -5.494  -43.401  55.802 0.0000000000
43263  -5.569  -43.455  55.169 0.0000000000
43268  -5.767  -43.496  54.369 0.0000000000
43275  -5.970  -43.760  53.454 0.0000000000
43281  -6.155  -43.478  52.599 0.0000000000
43282  -6.497  -43.987  52.269 0.0000000000
43289  -6.040  -42.882  52.172 0.0000000000
43290  -6.533  -43.391  51.739 0.0000000000
43291  -7.143  -43.865  51.251 0.0000000000
43293  -6.675  -42.808  51.288 0.0000000000
43294  -7.229  -43.273  50.857 0.0000000000
43304  -7.841  -43.294  49.907 0.0000000000
43305  -8.322  -43.444  48.972 0.0000000000
43317  -7.983  -43.467  48.113 0.0000000000
43331  -7.038  -43.926  46.817 0.0000000000
43332  -7.441  -43.429  47.208 0.0000000000
43333  -7.729  -43.435  47.647 0.0000000000
43348  -6.652  -43.250  46.259 0.0000000000
43349  -7.056  -43.336  46.711 0.0000000000
43363  -5.860  -42.358  45.039 0.0000000000
43364  -6.164  -43.178  45.465 0.0000000000
43378  -6.091  -42.219  44.686 0.0000000000
43379  -6.413  -42.991  44.666 0.0000000000
43380  -7.578  -43.242  44.206 0.0000000000
43381  -8.718  -43.904  43.931 0.0000000000
43382  -9.311  -44.187  43.757 0.0000000000
43392  -7.923  -42.612  44.010 0.0000000000
43393  -8.559  -42.997  43.839 0.0000000000
43394  -9.662  -43.591  43.560 0.0000000000
43395  -10.872  -43.586  43.234 0.0000000000
43396  -11.436  -43.605  42.886 0.0000000000
43405  -11.853  -43.635  42.657 0.0000000000
43406  -12.452  -43.577  42.440 0.0000000000
43407  -13.163  -43.410  42.110 0.0000000000
43419  -13.887  -43.204  41.720 0.0000000000
43420  -14.483  -43.122  41.222 0.0000000000
43421  -15.121  -43.391  41.086 0.0000000000
43422  -15.811  -43.565  41.003 0.0000000000
43434  -15.031  -42.861  40.788 0.0000000000
43435  -15.565  -43.019  40.501 0.0000000000
43436  -16.310  -43.423  40.266 0.0000000000
43437  -16.890  -43.707  39.999 0.0000000000
43449  -16.746  -43.211  39.632 0.0000000000
43450  -17.263  -43.565  39.314 0.0000000000
43466  -17.756  -43.566  38.611 0.0000000000
43467  -18.151  -43.609  38.105 0.0000000000
43482  -18.563  -43.747  37.563 0.0000000000
43483  -18.986  -43.847  36.922 0.0000000000
43500  -19.339  -44.001  36.143 0.0000000000
43517  -19.624  -43.682  35.120 0.0000000000
43537  -19.621  -43.762  34.063 0.0000000000
44152  -6.131  -42.350  58.561 0.0000000000
44158  -5.771  -42.593  57.442 0.0000000000
44159  -5.877  -42.275  57.996 0.0000000000
44166  -5.730  -42.629  56.780 0.0000000000
44167  -5.790  -42.882  56.636 0.0000000000
44174  -5.488  -42.577  56.118 0.0000000000
44175  -5.692  -42.878  56.390 0.0000000000
44182  -5.389  -42.534  55.297 0.0000000000
44183  -5.540  -42.828  54.754 0.0000000000
44190  -5.254  -42.190  54.588 0.0000000000
44191  -5.521  -42.588  54.269 0.0000000000
44201  -5.129  -42.054  53.977 0.0000000000
44202  -5.593  -42.651  53.724 0.0000000000
44212  -5.126  -41.990  53.460 0.0000000000
44213  -5.550  -42.449  53.017 0.0000000000
44224  -5.721  -42.382  52.418 0.0000000000
44225  -5.941  -42.343  51.962 0.0000000000
44235  -6.319  -42.323  51.495 0.0000000000
44236  -6.769  -42.302  50.977 0.0000000000
44245  -7.347  -42.406  50.300 0.0000000000
44246  -7.963  -42.518  49.492 0.0000000000
44256  -8.270  -42.660  48.563 0.0000000000
44266  -7.649  -42.576  47.275 0.0000000000
44267  -7.936  -42.843  47.714 0.0000000000
44278  -6.728  -42.152  46.243 0.0000000000
44279  -7.204  -42.578  46.759 0.0000000000
44286  -5.872  -41.632  45.163 0.0000000000
44287  -6.288  -42.152  45.601 0.0000000000
44300  -5.937  -41.565  44.743 0.0000000000
44301  -6.429  -41.915  44.298 0.0000000000
44302  -6.874  -42.572  44.239 0.0000000000
44313  -6.758  -41.572  43.989 0.0000000000
44314  -7.305  -42.059  43.999 0.0000000000
44315  -8.284  -42.147  44.001 0.0000000000
44316  -9.266  -42.402  43.827 0.0000000000
44317  -10.424  -42.589  43.561 0.0000000000
44318  -11.652  -42.742  42.947 0.0000000000
44319  -12.310  -42.151  42.808 0.0000000000
44330  -12.134  -43.164  42.536 0.0000000000
44331  -12.687  -42.624  42.431 0.0000000000
44332  -13.591  -42.522  41.912 0.0000000000
44342  -14.232  -42.425  41.393 0.0000000000
44343  -14.809  -42.317  40.912 0.0000000000
44352  -15.342  -42.273  40.396 0.0000000000
44353  -16.023  -42.381  39.742 0.0000000000
44354  -16.472  -42.874  39.647 0.0000000000
44361  -16.410  -41.907  39.277 0.0000000000
44362  -16.892  -42.458  38.992 0.0000000000
44363  -17.413  -43.055  38.729 0.0000000000
44371  -17.354  -42.014  38.359 0.0000000000
44372  -17.833  -42.612  38.029 0.0000000000
44373  -18.312  -43.183  37.696 0.0000000000
44385  -18.269  -42.208  37.396 0.0000000000
44386  -18.726  -42.764  37.029 0.0000000000
44387  -19.113  -43.363  36.548 0.0000000000
44405  -19.030  -42.403  36.357 0.0000000000
44406  -19.300  -42.870  36.009 0.0000000000
44419  -19.614  -42.708  35.112 0.0000000000
44432  -19.734  -43.027  34.469 0.0000000000
44447  -19.608  -42.879  33.685 0.0000000000
44462  -19.124  -42.730  32.770 0.0000000000
45167  -6.200  -41.468  59.005 0.0000000000
45180  -5.640  -41.532  57.522 0.0000000000
45181  -5.901  -41.500  58.278 0.0000000000
45194  -5.384  -41.738  56.621 0.0000000000
45206  -5.100  -41.712  55.650 0.0000000000
45218  -5.097  -41.751  54.946 0.0000000000
45230  -4.847  -41.560  54.320 0.0000000000
45241  -4.749  -41.466  53.692 0.0000000000
45250  -4.904  -41.453  53.060 0.0000000000
45251  -5.282  -41.776  52.646 0.0000000000
45262  -5.002  -41.183  52.612 0.0000000000
45263  -5.453  -41.493  52.257 0.0000000000
45264  -5.941  -41.545  51.779 0.0000000000
45278  -6.392  -41.528  51.261 0.0000000000
45279  -6.920  -41.503  50.629 0.0000000000
45294  -7.529  -41.587  49.863 0.0000000000
45295  -8.122  -41.746  49.068 0.0000000000
45303  -7.965  -41.377  47.986 0.0000000000
45304  -8.173  -41.867  48.097 0.0000000000
45310  -7.759  -41.665  47.409 0.0000000000
45311  -7.921  -42.251  47.561 0.0000000000
45317  -6.643  -41.268  45.976 0.0000000000
45318  -7.178  -41.435  46.628 0.0000000000
45324  -5.753  -40.891  45.005 0.0000000000
45325  -6.166  -41.097  45.412 0.0000000000
45331  -5.970  -40.768  44.659 0.0000000000
45332  -6.177  -41.053  44.382 0.0000000000
45333  -8.215  -40.740  43.999 0.0000000000
45334  -8.548  -40.969  44.101 0.0000000000
45335  -9.100  -41.114  44.113 0.0000000000
45343  -6.476  -41.129  44.050 0.0000000000
45344  -6.965  -41.140  43.766 0.0000000000
45345  -7.883  -41.163  43.995 0.0000000000
45346  -8.806  -41.570  44.062 0.0000000000
45347  -9.822  -41.409  43.982 0.0000000000
45348  -11.122  -41.603  43.639 0.0000000000
45349  -12.075  -41.557  43.159 0.0000000000
45360  -12.771  -41.546  42.708 0.0000000000
45361  -13.460  -41.629  42.239 0.0000000000
45372  -14.092  -41.603  41.672 0.0000000000
45373  -14.643  -41.544  41.124 0.0000000000
45384  -15.128  -41.486  40.554 0.0000000000
45385  -15.590  -41.461  39.929 0.0000000000
45394  -16.129  -41.376  39.402 0.0000000000
45395  -16.622  -41.392  38.933 0.0000000000
45405  -17.127  -41.444  38.465 0.0000000000
45406  -17.590  -41.532  37.913 0.0000000000
45418  -18.049  -41.691  37.453 0.0000000000
45419  -18.472  -41.778  37.018 0.0000000000
45437  -18.874  -41.792  36.276 0.0000000000
45438  -19.143  -42.235  36.041 0.0000000000
45453  -18.981  -41.444  35.723 0.0000000000
45454  -19.309  -41.923  35.473 0.0000000000
45460  -19.595  -42.134  34.370 0.0000000000
45469  -19.502  -42.018  33.400 0.0000000000
45481  -18.615  -41.705  32.210 0.0000000000
45482  -19.241  -41.705  32.822 0.0000000000
45499  -18.486  -40.763  32.023 0.0000000000
46184  -5.923  -39.930  58.735 0.0000000000
46185  -6.222  -40.555  59.344 0.0000000000
46195  -5.636  -40.481  57.895 0.0000000000
46196  -5.947  -40.814  58.662 0.0000000000
46207  -5.194  -40.665  56.897 0.0000000000
46221  -4.856  -40.799  55.929 0.0000000000
46240  -4.740  -40.924  54.859 0.0000000000
46261  -4.460  -40.975  54.052 0.0000000000
46283  -4.368  -40.784  53.422 0.0000000000
46302  -4.540  -40.637  52.760 0.0000000000
46322  -4.920  -40.572  52.305 0.0000000000
46323  -5.519  -40.629  51.890 0.0000000000
46324  -6.080  -40.904  51.573 0.0000000000
46341  -5.890  -40.312  51.483 0.0000000000
46342  -6.465  -40.573  51.045 0.0000000000
46343  -7.181  -40.651  50.288 0.0000000000
46359  -7.817  -40.748  49.370 0.0000000000
46360  -8.082  -41.248  48.616 0.0000000000
46376  -7.994  -40.705  48.225 0.0000000000
46377  -8.024  -41.292  48.236 0.0000000000
46387  -7.708  -40.495  47.185 0.0000000000
46396  -6.618  -40.329  45.706 0.0000000000
46397  -7.187  -40.397  46.354 0.0000000000
46408  -5.885  -40.058  44.758 0.0000000000
46409  -6.139  -40.229  45.216 0.0000000000
46419  -6.055  -40.221  44.268 0.0000000000
46420  -6.271  -40.692  44.138 0.0000000000
46421  -8.503  -40.549  43.959 0.0000000000
46422  -8.973  -40.659  44.013 0.0000000000
46423  -9.380  -40.889  44.055 0.0000000000
46433  -6.065  -39.899  43.926 0.0000000000
46434  -6.448  -40.339  43.819 0.0000000000
46435  -7.251  -40.351  43.679 0.0000000000
46436  -8.047  -40.245  43.830 0.0000000000
46437  -8.786  -40.100  43.801 0.0000000000
46438  -9.596  -40.355  43.905 0.0000000000
46439  -10.661  -40.489  43.856 0.0000000000
46440  -11.712  -40.543  43.506 0.0000000000
46451  -12.599  -40.560  43.029 0.0000000000
46452  -13.325  -40.607  42.487 0.0000000000
46464  -13.953  -40.647  41.923 0.0000000000
46465  -14.459  -40.646  41.322 0.0000000000
46475  -14.928  -40.620  40.742 0.0000000000
46476  -15.376  -40.587  40.152 0.0000000000
46486  -15.852  -40.544  39.571 0.0000000000
46487  -16.398  -40.510  39.010 0.0000000000
46498  -16.903  -40.603  38.494 0.0000000000
46499  -17.348  -40.671  37.966 0.0000000000
46511  -17.921  -40.739  37.210 0.0000000000
46512  -18.237  -41.295  37.099 0.0000000000
46528  -18.201  -40.447  36.608 0.0000000000
46529  -18.427  -41.026  36.621 0.0000000000
46551  -18.722  -40.885  35.811 0.0000000000
46552  -19.044  -41.205  35.340 0.0000000000
46568  -18.915  -40.568  35.011 0.0000000000
46569  -19.280  -41.254  34.682 0.0000000000
46579  -19.099  -40.528  34.095 0.0000000000
46580  -19.381  -41.321  33.765 0.0000000000
46590  -19.059  -40.709  32.895 0.0000000000
46591  -19.353  -41.422  33.199 0.0000000000
46607  -17.992  -40.153  31.660 0.0000000000
46608  -18.577  -40.056  32.169 0.0000000000
47241  -5.880  -38.663  59.850 0.0000000000
47242  -6.163  -39.370  60.501 0.0000000000
47248  -5.763  -38.887  58.956 0.0000000000
47249  -6.077  -39.604  59.619 0.0000000000
47255  -5.530  -39.230  58.079 0.0000000000
47266  -5.270  -39.549  57.151 0.0000000000
47281  -4.935  -39.752  56.145 0.0000000000
47297  -4.496  -39.901  55.187 0.0000000000
47309  -3.739  -39.260  53.321 0.0000000000
47310  -3.952  -40.016  54.106 0.0000000000
47322  -3.838  -39.201  52.543 0.0000000000
47323  -3.957  -40.015  53.017 0.0000000000
47335  -3.970  -39.195  52.064 0.0000000000
47336  -4.245  -39.820  52.261 0.0000000000
47350  -4.865  -39.742  51.815 0.0000000000
47351  -5.489  -39.908  51.609 0.0000000000
47365  -5.275  -39.345  51.495 0.0000000000
47366  -5.939  -39.592  51.228 0.0000000000
47367  -6.736  -39.630  50.534 0.0000000000
47368  -7.425  -39.938  49.948 0.0000000000
47381  -7.269  -39.255  50.008 0.0000000000
47382  -7.837  -39.533  49.193 0.0000000000
47397  -8.172  -39.402  47.847 0.0000000000
47398  -8.037  -38.950  47.241 0.0000000000
47411  -7.759  -39.380  46.856 0.0000000000
47412  -7.920  -38.978  47.009 0.0000000000
47426  -6.538  -39.504  45.483 0.0000000000
47427  -7.184  -39.460  46.026 0.0000000000
47442  -5.930  -39.316  44.759 0.0000000000
47443  -6.133  -39.461  45.084 0.0000000000
47457  -5.790  -39.487  44.413 0.0000000000
47471  -5.848  -39.460  43.987 0.0000000000
47472  -6.226  -39.480  43.707 0.0000000000
47473  -6.808  -39.569  43.551 0.0000000000
47474  -7.509  -39.486  43.560 0.0000000000
47475  -8.342  -39.288  43.522 0.0000000000
47476  -9.282  -39.453  43.559 0.0000000000
47477  -10.217  -39.546  43.631 0.0000000000
47478  -11.214  -39.511  43.540 0.0000000000
47491  -12.198  -39.508  43.171 0.0000000000
47492  -13.014  -39.556  42.582 0.0000000000
47507  -13.696  -39.639  42.022 0.0000000000
47508  -14.196  -39.686  41.436 0.0000000000
47524  -14.664  -39.697  40.872 0.0000000000
47525  -15.126  -39.684  40.321 0.0000000000
47541  -15.566  -39.660  39.746 0.0000000000
47542  -16.078  -39.611  39.181 0.0000000000
47558  -16.719  -39.524  38.333 0.0000000000
47559  -17.101  -40.100  38.096 0.0000000000
47577  -16.980  -39.082  37.716 0.0000000000
47578  -17.325  -39.648  37.476 0.0000000000
47595  -18.019  -39.707  36.365 0.0000000000
47596  -18.389  -40.365  36.196 0.0000000000
47620  -18.191  -39.445  35.748 0.0000000000
47621  -18.460  -39.846  35.511 0.0000000000
47647  -18.693  -39.812  34.577 0.0000000000
47664  -18.770  -39.728  33.641 0.0000000000
47677  -18.594  -39.527  32.722 0.0000000000
47694  -18.238  -39.227  31.932 0.0000000000
48312  -5.983  -37.599  60.828 0.0000000000
48319  -5.730  -37.760  60.044 0.0000000000
48320  -6.032  -38.461  60.668 0.0000000000
48325  -5.521  -37.908  59.188 0.0000000000
48332  -5.323  -38.109  58.301 0.0000000000
48347  -5.158  -38.372  57.449 0.0000000000
48361  -4.963  -38.629  56.468 0.0000000000
48370  -4.078  -38.423  54.815 0.0000000000
48371  -4.500  -38.825  55.451 0.0000000000
48378  -3.769  -38.596  54.017 0.0000000000
48379  -3.973  -39.169  54.775 0.0000000000
48386  -3.725  -38.388  52.936 0.0000000000
48395  -3.991  -38.453  51.957 0.0000000000
48396  -4.257  -39.203  51.819 0.0000000000
48406  -4.465  -38.168  51.662 0.0000000000
48407  -4.751  -38.701  51.549 0.0000000000
48418  -5.502  -38.826  51.321 0.0000000000
48419  -6.251  -38.656  50.907 0.0000000000
48420  -6.905  -38.836  50.386 0.0000000000
48432  -6.895  -38.226  50.522 0.0000000000
48433  -7.433  -38.445  49.826 0.0000000000
48434  -7.991  -38.402  48.739 0.0000000000
48449  -8.002  -38.393  47.567 0.0000000000
48450  -7.891  -38.728  47.058 0.0000000000
48466  -7.645  -38.573  46.667 0.0000000000
48467  -7.775  -38.867  46.852 0.0000000000
48478  -6.415  -39.032  45.307 0.0000000000
48479  -6.961  -38.560  45.666 0.0000000000
48490  -5.818  -38.938  44.599 0.0000000000
48491  -6.189  -38.657  45.004 0.0000000000
48492  -6.670  -37.924  45.243 0.0000000000
48504  -5.662  -38.832  44.189 0.0000000000
48516  -5.954  -38.683  43.672 0.0000000000
48517  -6.510  -38.842  43.448 0.0000000000
48518  -7.068  -38.811  43.320 0.0000000000
48519  -7.680  -38.667  43.283 0.0000000000
48520  -8.245  -38.494  43.199 0.0000000000
48521  -8.938  -38.658  43.258 0.0000000000
48522  -9.814  -38.765  43.299 0.0000000000
48523  -10.641  -38.845  43.316 0.0000000000
48534  -6.312  -38.278  43.309 0.0000000000
48535  -6.719  -38.254  43.072 0.0000000000
48536  -7.235  -38.174  42.875 0.0000000000
48537  -7.857  -38.061  42.843 0.0000000000
48538  -8.579  -38.062  42.840 0.0000000000
48539  -9.420  -38.132  42.853 0.0000000000
48540  -10.350  -38.217  42.877 0.0000000000
48541  -11.472  -38.485  42.826 0.0000000000
48542  -12.475  -38.778  42.517 0.0000000000
48554  -12.208  -38.070  42.091 0.0000000000
48555  -13.255  -38.441  41.754 0.0000000000
48556  -13.925  -39.028  41.566 0.0000000000
48571  -13.620  -37.901  41.127 0.0000000000
48572  -14.288  -38.457  40.871 0.0000000000
48573  -14.859  -39.067  40.496 0.0000000000
48587  -14.631  -37.877  40.199 0.0000000000
48588  -15.206  -38.459  39.833 0.0000000000
48589  -15.713  -39.041  39.393 0.0000000000
48598  -15.484  -37.893  39.137 0.0000000000
48599  -15.981  -38.432  38.811 0.0000000000
48610  -16.674  -38.334  37.595 0.0000000000
48611  -17.089  -38.889  37.371 0.0000000000
48624  -16.793  -37.930  36.875 0.0000000000
48625  -17.287  -38.555  36.644 0.0000000000
48644  -18.030  -38.831  35.341 0.0000000000
48645  -18.438  -39.334  34.934 0.0000000000
48670  -18.096  -38.476  34.534 0.0000000000
48671  -18.409  -38.945  34.264 0.0000000000
48694  -18.453  -38.992  33.324 0.0000000000
48707  -18.014  -38.215  32.160 0.0000000000
48708  -18.189  -38.553  32.497 0.0000000000
48719  -17.870  -38.427  31.711 0.0000000000
48720  -18.146  -38.722  32.018 0.0000000000
49343  -5.708  -36.896  60.247 0.0000000000
49356  -5.372  -37.006  59.402 0.0000000000
49369  -4.924  -37.112  58.528 0.0000000000
49389  -4.711  -37.397  57.768 0.0000000000
49402  -4.708  -37.563  56.918 0.0000000000
49416  -4.431  -38.046  55.135 0.0000000000
49417  -4.654  -37.742  55.865 0.0000000000
49429  -4.147  -37.494  54.548 0.0000000000
49430  -4.557  -37.551  55.179 0.0000000000
49442  -3.799  -37.457  53.487 0.0000000000
49452  -3.876  -37.411  52.468 0.0000000000
49459  -4.647  -37.561  51.891 0.0000000000
49460  -4.795  -38.065  51.651 0.0000000000
49469  -5.278  -37.301  51.931 0.0000000000
49470  -5.538  -37.848  51.542 0.0000000000
49471  -6.589  -37.655  50.985 0.0000000000
49480  -7.261  -37.515  50.317 0.0000000000
49481  -7.729  -37.461  49.416 0.0000000000
49482  -7.855  -37.414  48.313 0.0000000000
49491  -7.911  -37.560  47.187 0.0000000000
49502  -7.566  -37.817  46.313 0.0000000000
49514  -7.347  -37.558  45.655 0.0000000000
49522  -5.823  -38.407  44.537 0.0000000000
49523  -6.186  -37.716  44.686 0.0000000000
49524  -6.945  -37.228  45.046 0.0000000000
49532  -5.611  -37.942  44.031 0.0000000000
49533  -5.928  -37.127  44.174 0.0000000000
49543  -5.993  -37.844  43.356 0.0000000000
49555  -6.384  -37.781  42.932 0.0000000000
49556  -6.815  -37.655  42.617 0.0000000000
49557  -7.434  -37.496  42.421 0.0000000000
49558  -8.187  -37.563  42.461 0.0000000000
49559  -8.994  -37.574  42.433 0.0000000000
49560  -9.891  -37.583  42.453 0.0000000000
49561  -10.819  -37.643  42.433 0.0000000000
49562  -11.535  -37.724  42.204 0.0000000000
49574  -7.885  -37.142  42.135 0.0000000000
49575  -8.552  -37.053  42.054 0.0000000000
49576  -9.443  -36.972  42.060 0.0000000000
49577  -10.356  -36.976  42.065 0.0000000000
49578  -11.223  -37.061  41.948 0.0000000000
49579  -11.891  -37.391  41.757 0.0000000000
49580  -12.531  -37.627  41.576 0.0000000000
49591  -11.631  -36.866  41.550 0.0000000000
49592  -12.182  -36.969  41.298 0.0000000000
49593  -13.041  -37.296  41.021 0.0000000000
49594  -13.732  -37.544  40.744 0.0000000000
49606  -13.464  -36.975  40.472 0.0000000000
49607  -14.113  -37.222  40.163 0.0000000000
49608  -14.729  -37.501  39.797 0.0000000000
49618  -14.460  -36.899  39.535 0.0000000000
49619  -15.068  -37.189  39.160 0.0000000000
49620  -15.577  -37.533  38.714 0.0000000000
49628  -15.371  -36.908  38.471 0.0000000000
49629  -15.909  -37.265  37.985 0.0000000000
49638  -16.422  -37.125  36.907 0.0000000000
49639  -16.890  -37.660  36.419 0.0000000000
49650  -16.742  -37.080  36.105 0.0000000000
49651  -17.230  -37.606  35.591 0.0000000000
49664  -17.791  -37.786  34.362 0.0000000000
49665  -18.142  -38.360  34.172 0.0000000000
49685  -17.896  -37.507  33.264 0.0000000000
49686  -18.179  -38.284  33.534 0.0000000000
49699  -17.891  -37.693  32.309 0.0000000000
49700  -18.045  -38.002  32.898 0.0000000000
49710  -17.563  -37.516  31.417 0.0000000000
50319  -5.836  -36.121  60.609 0.0000000000
50328  -5.078  -35.911  59.276 0.0000000000
50329  -5.221  -36.047  59.648 0.0000000000
50336  -4.860  -35.965  59.004 0.0000000000
50337  -4.854  -36.421  58.877 0.0000000000
50348  -4.289  -36.103  58.688 0.0000000000
50349  -4.352  -36.528  58.501 0.0000000000
50363  -3.958  -36.283  58.281 0.0000000000
50364  -4.222  -36.767  58.075 0.0000000000
50373  -3.909  -36.369  57.805 0.0000000000
50374  -4.161  -36.751  57.328 0.0000000000
50386  -4.371  -36.798  56.434 0.0000000000
50400  -4.303  -36.551  54.539 0.0000000000
50401  -4.594  -36.808  55.365 0.0000000000
50416  -3.936  -36.578  53.959 0.0000000000
50431  -3.986  -36.374  53.040 0.0000000000
50445  -4.534  -36.674  52.354 0.0000000000
50459  -5.179  -36.811  52.164 0.0000000000
50460  -5.779  -36.851  51.911 0.0000000000
50461  -6.372  -36.861  51.408 0.0000000000
50475  -7.016  -36.733  50.786 0.0000000000
50476  -7.565  -36.597  50.035 0.0000000000
50477  -7.954  -36.523  49.101 0.0000000000
50490  -8.153  -36.369  47.915 0.0000000000
50491  -8.550  -35.729  47.756 0.0000000000
50504  -8.059  -36.960  46.461 0.0000000000
50505  -8.587  -36.099  47.013 0.0000000000
50518  -7.778  -36.857  45.394 0.0000000000
50519  -8.380  -36.237  45.915 0.0000000000
50528  -6.522  -36.799  44.520 0.0000000000
50529  -7.302  -36.540  44.732 0.0000000000
50530  -8.090  -36.169  44.910 0.0000000000
50537  -5.925  -37.112  43.511 0.0000000000
50538  -6.424  -36.355  43.772 0.0000000000
50539  -6.940  -36.064  44.231 0.0000000000
50540  -7.522  -35.892  44.427 0.0000000000
50548  -6.146  -37.194  42.832 0.0000000000
50549  -6.356  -36.347  42.994 0.0000000000
50556  -6.523  -37.338  42.631 0.0000000000
50557  -6.865  -36.661  42.251 0.0000000000
50558  -7.484  -36.968  42.115 0.0000000000
50566  -7.343  -36.012  41.794 0.0000000000
50567  -7.934  -36.437  41.803 0.0000000000
50568  -9.001  -36.409  41.650 0.0000000000
50569  -9.934  -36.308  41.521 0.0000000000
50570  -10.810  -36.523  41.609 0.0000000000
50571  -11.296  -36.670  41.575 0.0000000000
50577  -10.109  -35.965  41.239 0.0000000000
50578  -10.525  -36.019  41.186 0.0000000000
50579  -11.475  -36.308  41.146 0.0000000000
50580  -12.398  -36.418  40.716 0.0000000000
50581  -13.013  -36.604  40.486 0.0000000000
50590  -12.726  -36.125  40.268 0.0000000000
50591  -13.350  -36.280  39.957 0.0000000000
50592  -13.993  -36.501  39.579 0.0000000000
50602  -13.686  -35.967  39.330 0.0000000000
50603  -14.336  -36.187  38.964 0.0000000000
50604  -14.954  -36.446  38.568 0.0000000000
50613  -14.631  -35.915  38.284 0.0000000000
50614  -15.251  -36.175  37.882 0.0000000000
50615  -15.866  -36.465  37.386 0.0000000000
50624  -15.540  -35.855  37.219 0.0000000000
50625  -16.006  -36.032  36.797 0.0000000000
50634  -16.428  -36.253  36.093 0.0000000000
50635  -16.776  -36.741  35.554 0.0000000000
50647  -16.602  -36.076  35.331 0.0000000000
50648  -17.043  -36.630  34.733 0.0000000000
50663  -17.523  -36.702  33.742 0.0000000000
50678  -17.665  -36.686  32.774 0.0000000000
50690  -17.519  -36.733  31.832 0.0000000000
51342  -6.318  -35.291  60.965 0.0000000000
51346  -5.716  -35.269  60.127 0.0000000000
51351  -5.103  -35.617  59.166 0.0000000000
51352  -5.386  -35.303  59.614 0.0000000000
51358  -4.559  -35.653  58.694 0.0000000000
51369  -3.990  -35.736  58.353 0.0000000000
51380  -3.843  -35.956  57.925 0.0000000000
51393  -3.858  -35.967  57.353 0.0000000000
51394  -3.983  -36.232  56.784 0.0000000000
51411  -3.940  -35.716  56.765 0.0000000000
51412  -4.173  -35.917  56.094 0.0000000000
51433  -4.218  -36.151  54.275 0.0000000000
51434  -4.606  -35.853  54.899 0.0000000000
51452  -4.382  -35.821  53.877 0.0000000000
51453  -4.779  -35.492  54.380 0.0000000000
51469  -4.514  -35.789  53.251 0.0000000000
51481  -4.809  -35.964  52.764 0.0000000000
51482  -5.366  -35.838  52.542 0.0000000000
51495  -5.131  -36.283  52.418 0.0000000000
51496  -5.660  -36.047  52.129 0.0000000000
51497  -6.206  -36.031  51.607 0.0000000000
51511  -6.748  -35.992  51.102 0.0000000000
51512  -7.290  -35.849  50.560 0.0000000000
51513  -7.824  -35.613  49.819 0.0000000000
51514  -8.300  -35.099  49.422 0.0000000000
51527  -8.307  -35.779  49.002 0.0000000000
51528  -8.618  -35.165  48.542 0.0000000000
51546  -8.939  -35.219  47.474 0.0000000000
51547  -9.275  -34.863  47.181 0.0000000000
51564  -8.860  -35.693  46.383 0.0000000000
51565  -9.203  -35.195  46.566 0.0000000000
51585  -8.678  -35.442  45.270 0.0000000000
51586  -9.048  -35.354  45.924 0.0000000000
51603  -6.852  -35.588  43.737 0.0000000000
51604  -7.307  -35.227  43.941 0.0000000000
51605  -7.973  -35.301  44.419 0.0000000000
51621  -6.611  -35.294  43.232 0.0000000000
51622  -6.970  -34.927  43.546 0.0000000000
51632  -6.649  -35.418  42.472 0.0000000000
51642  -7.007  -35.438  41.773 0.0000000000
51643  -7.809  -35.452  41.530 0.0000000000
51644  -8.830  -35.565  41.254 0.0000000000
51645  -9.405  -35.968  41.360 0.0000000000
51656  -9.324  -35.172  40.849 0.0000000000
51657  -9.879  -35.599  40.960 0.0000000000
51658  -10.945  -35.488  40.572 0.0000000000
51659  -11.867  -35.771  40.480 0.0000000000
51660  -12.370  -35.929  40.331 0.0000000000
51673  -11.119  -35.172  40.269 0.0000000000
51674  -11.477  -35.225  40.149 0.0000000000
51675  -12.409  -35.466  39.846 0.0000000000
51676  -13.202  -35.583  39.447 0.0000000000
51689  -12.890  -35.026  39.251 0.0000000000
51690  -13.573  -35.249  38.818 0.0000000000
51691  -14.188  -35.508  38.379 0.0000000000
51705  -13.908  -34.955  38.154 0.0000000000
51706  -14.527  -35.211  37.732 0.0000000000
51707  -15.126  -35.460  37.324 0.0000000000
51720  -14.852  -34.936  37.070 0.0000000000
51721  -15.415  -35.217  36.670 0.0000000000
51722  -16.006  -35.522  36.279 0.0000000000
51735  -15.706  -35.023  36.057 0.0000000000
51736  -16.200  -35.315  35.617 0.0000000000
51751  -16.559  -35.460  34.672 0.0000000000
51752  -17.049  -35.955  34.024 0.0000000000
51763  -16.724  -35.204  33.712 0.0000000000
51764  -17.279  -35.859  33.234 0.0000000000
51780  -16.888  -35.072  32.790 0.0000000000
51781  -17.298  -35.861  32.281 0.0000000000
52441  -6.659  -34.071  61.138 0.0000000000
52447  -6.194  -34.282  60.338 0.0000000000
52452  -5.411  -35.074  59.263 0.0000000000
52453  -5.741  -34.521  59.695 0.0000000000
52461  -5.062  -35.220  58.711 0.0000000000
52462  -5.591  -34.593  58.976 0.0000000000
52474  -4.416  -35.256  58.254 0.0000000000
52475  -5.127  -34.816  58.197 0.0000000000
52487  -3.935  -35.459  57.788 0.0000000000
52488  -4.467  -34.988  57.613 0.0000000000
52500  -4.006  -35.305  57.139 0.0000000000
52501  -4.531  -34.913  56.853 0.0000000000
52514  -4.165  -35.325  56.545 0.0000000000
52515  -4.585  -35.061  55.928 0.0000000000
52529  -4.955  -35.032  54.917 0.0000000000
52543  -4.732  -35.594  53.567 0.0000000000
52544  -5.128  -35.219  53.957 0.0000000000
52560  -5.011  -35.548  53.263 0.0000000000
52561  -5.585  -35.149  53.229 0.0000000000
52576  -5.340  -35.579  52.876 0.0000000000
52577  -5.841  -35.352  52.582 0.0000000000
52592  -6.205  -35.352  51.956 0.0000000000
52593  -6.701  -35.278  51.432 0.0000000000
52594  -7.139  -34.901  51.092 0.0000000000
52607  -7.073  -35.368  50.963 0.0000000000
52608  -7.445  -34.940  50.564 0.0000000000
52609  -7.904  -34.656  49.984 0.0000000000
52610  -8.302  -34.362  49.419 0.0000000000
52622  -8.570  -34.139  48.823 0.0000000000
52623  -8.842  -33.884  48.388 0.0000000000
52637  -8.822  -34.490  48.198 0.0000000000
52638  -9.298  -34.043  47.655 0.0000000000
52639  -9.696  -33.605  47.319 0.0000000000
52652  -9.526  -34.635  46.730 0.0000000000
52653  -9.833  -33.983  46.896 0.0000000000
52671  -8.847  -34.882  44.951 0.0000000000
52672  -9.305  -34.634  45.553 0.0000000000
52673  -9.713  -34.288  46.288 0.0000000000
52691  -7.634  -34.293  43.847 0.0000000000
52692  -8.419  -34.607  44.491 0.0000000000
52693  -8.868  -34.560  44.841 0.0000000000
52713  -6.857  -34.154  43.303 0.0000000000
52714  -7.154  -34.431  43.617 0.0000000000
52735  -6.603  -34.345  42.745 0.0000000000
52754  -6.789  -34.430  41.998 0.0000000000
52755  -7.586  -34.529  41.550 0.0000000000
52756  -8.393  -34.693  41.197 0.0000000000
52772  -9.047  -34.706  40.900 0.0000000000
52773  -9.676  -34.734  40.616 0.0000000000
52774  -10.324  -34.956  40.441 0.0000000000
52784  -10.962  -34.784  40.165 0.0000000000
52785  -11.609  -34.623  39.741 0.0000000000
52786  -12.272  -34.494  39.293 0.0000000000
52798  -12.859  -34.414  38.768 0.0000000000
52799  -13.427  -34.360  38.256 0.0000000000
52813  -13.925  -34.345  37.699 0.0000000000
52814  -14.417  -34.345  37.137 0.0000000000
52827  -14.902  -34.395  36.581 0.0000000000
52828  -15.334  -34.509  36.113 0.0000000000
52842  -15.704  -34.530  35.677 0.0000000000
52843  -16.104  -34.542  35.079 0.0000000000
52862  -16.346  -34.480  34.258 0.0000000000
52879  -16.522  -34.309  33.364 0.0000000000
52897  -16.559  -34.219  32.378 0.0000000000
53560  -6.532  -32.970  61.418 0.0000000000
53565  -6.320  -33.143  60.696 0.0000000000
53571  -6.065  -33.412  60.063 0.0000000000
53579  -5.964  -33.711  59.423 0.0000000000
53588  -5.799  -34.033  58.526 0.0000000000
53598  -5.261  -34.374  57.465 0.0000000000
53607  -5.027  -34.469  56.520 0.0000000000
53615  -5.293  -34.353  55.700 0.0000000000
53624  -5.640  -34.441  54.673 0.0000000000
53632  -6.030  -34.569  53.769 0.0000000000
53633  -6.535  -34.241  53.369 0.0000000000
53643  -6.228  -34.743  53.032 0.0000000000
53644  -6.755  -34.266  52.808 0.0000000000
53656  -6.435  -34.807  52.380 0.0000000000
53657  -6.979  -34.388  52.114 0.0000000000
53658  -7.268  -34.193  51.664 0.0000000000
53672  -6.640  -34.859  51.862 0.0000000000
53673  -7.027  -34.633  51.538 0.0000000000
53674  -7.326  -34.183  51.048 0.0000000000
53675  -7.591  -33.662  50.570 0.0000000000
53676  -7.763  -33.360  50.166 0.0000000000
53689  -7.634  -34.216  50.455 0.0000000000
53690  -7.885  -33.894  50.039 0.0000000000
53691  -8.225  -33.454  49.469 0.0000000000
53692  -8.700  -33.030  49.046 0.0000000000
53705  -8.661  -33.541  48.841 0.0000000000
53706  -9.118  -33.187  48.451 0.0000000000
53707  -9.460  -32.845  48.123 0.0000000000
53719  -9.376  -33.277  47.954 0.0000000000
53720  -9.637  -33.106  47.664 0.0000000000
53732  -9.970  -33.258  47.038 0.0000000000
53743  -9.418  -33.350  45.086 0.0000000000
53744  -9.885  -33.565  46.105 0.0000000000
53760  -7.463  -33.196  43.625 0.0000000000
53761  -8.154  -33.539  43.980 0.0000000000
53762  -8.828  -33.940  44.626 0.0000000000
53774  -7.019  -33.138  43.353 0.0000000000
53775  -7.151  -33.680  43.532 0.0000000000
53790  -6.756  -33.379  43.017 0.0000000000
53806  -6.844  -33.476  42.487 0.0000000000
53807  -7.432  -33.505  41.888 0.0000000000
53808  -8.530  -33.681  41.367 0.0000000000
53809  -9.232  -33.367  41.199 0.0000000000
53828  -8.834  -34.229  41.054 0.0000000000
53829  -9.418  -33.844  40.848 0.0000000000
53830  -10.305  -34.065  40.312 0.0000000000
53840  -11.067  -33.922  39.957 0.0000000000
53841  -11.676  -33.721  39.479 0.0000000000
53842  -12.289  -33.612  38.916 0.0000000000
53854  -12.892  -33.550  38.370 0.0000000000
53855  -13.511  -33.506  37.879 0.0000000000
53868  -14.077  -33.491  37.336 0.0000000000
53869  -14.588  -33.526  36.686 0.0000000000
53881  -15.137  -33.707  36.023 0.0000000000
53882  -15.399  -34.118  35.794 0.0000000000
53897  -15.329  -33.546  35.741 0.0000000000
53898  -15.562  -33.702  35.413 0.0000000000
53899  -16.074  -33.869  34.732 0.0000000000
53915  -15.904  -33.210  34.787 0.0000000000
53916  -16.298  -33.464  34.032 0.0000000000
53937  -16.390  -33.391  32.991 0.0000000000
54636  -6.385  -32.143  61.781 0.0000000000
54639  -6.242  -32.161  61.102 0.0000000000
54642  -6.150  -32.365  60.474 0.0000000000
54644  -6.056  -32.668  59.879 0.0000000000
54646  -6.155  -33.016  59.098 0.0000000000
54649  -6.111  -33.399  58.042 0.0000000000
54652  -5.812  -33.698  56.781 0.0000000000
54658  -6.237  -33.581  55.472 0.0000000000
54659  -6.857  -33.239  55.200 0.0000000000
54670  -6.350  -33.929  54.247 0.0000000000
54671  -6.762  -33.422  54.480 0.0000000000
54684  -6.496  -34.061  53.717 0.0000000000
54685  -6.914  -33.567  53.419 0.0000000000
54686  -7.301  -33.119  53.115 0.0000000000
54699  -7.176  -33.840  52.449 0.0000000000
54700  -7.415  -33.224  52.489 0.0000000000
54701  -7.734  -32.732  52.116 0.0000000000
54715  -7.250  -34.277  52.022 0.0000000000
54716  -7.407  -33.686  51.713 0.0000000000
54717  -7.542  -33.171  51.520 0.0000000000
54718  -7.955  -32.821  51.115 0.0000000000
54719  -8.559  -32.346  50.861 0.0000000000
54733  -7.462  -33.518  51.053 0.0000000000
54734  -7.595  -33.185  50.714 0.0000000000
54735  -8.092  -32.798  50.215 0.0000000000
54736  -8.893  -32.198  50.102 0.0000000000
54751  -8.585  -32.750  49.561 0.0000000000
54752  -9.204  -32.390  49.146 0.0000000000
54753  -9.595  -32.072  48.758 0.0000000000
54767  -9.432  -32.520  48.506 0.0000000000
54768  -9.693  -32.287  48.188 0.0000000000
54781  -9.803  -32.496  47.475 0.0000000000
54793  -9.934  -32.627  46.675 0.0000000000
54804  -9.305  -32.509  45.026 0.0000000000
54805  -9.700  -32.490  45.719 0.0000000000
54821  -7.248  -31.884  43.717 0.0000000000
54822  -7.373  -32.220  43.668 0.0000000000
54823  -7.878  -32.437  43.827 0.0000000000
54824  -8.725  -32.606  44.446 0.0000000000
54836  -7.154  -32.201  43.538 0.0000000000
54837  -7.203  -32.919  43.486 0.0000000000
54848  -6.902  -32.358  43.225 0.0000000000
54849  -6.840  -32.065  42.902 0.0000000000
54857  -6.828  -32.760  42.841 0.0000000000
54858  -7.277  -32.418  42.506 0.0000000000
54859  -8.198  -32.602  41.942 0.0000000000
54860  -9.375  -32.690  41.511 0.0000000000
54861  -10.098  -32.296  41.397 0.0000000000
54873  -9.610  -33.212  41.102 0.0000000000
54874  -10.386  -32.892  40.864 0.0000000000
54875  -11.089  -32.494  40.625 0.0000000000
54882  -10.770  -33.456  40.317 0.0000000000
54883  -11.302  -32.924  40.155 0.0000000000
54884  -11.941  -32.747  39.377 0.0000000000
54893  -12.492  -32.657  38.705 0.0000000000
54894  -13.087  -32.612  38.121 0.0000000000
54906  -13.738  -32.588  37.626 0.0000000000
54907  -14.352  -32.575  37.036 0.0000000000
54917  -14.999  -32.581  36.225 0.0000000000
54918  -15.322  -32.001  35.862 0.0000000000
54933  -15.292  -33.216  35.745 0.0000000000
54934  -15.551  -32.512  35.336 0.0000000000
54950  -16.089  -32.494  34.413 0.0000000000
54951  -16.322  -32.538  33.524 0.0000000000
54968  -16.221  -32.498  32.614 0.0000000000
55660  -6.299  -31.331  62.096 0.0000000000
55663  -6.054  -31.314  61.479 0.0000000000
55666  -6.042  -31.420  60.896 0.0000000000
55669  -6.076  -31.664  60.310 0.0000000000
55672  -6.186  -31.960  59.617 0.0000000000
55678  -6.400  -32.286  58.738 0.0000000000
55686  -6.475  -32.603  57.692 0.0000000000
55687  -6.793  -32.348  57.216 0.0000000000
55696  -6.454  -32.994  56.671 0.0000000000
55697  -7.099  -32.633  56.158 0.0000000000
55698  -7.650  -32.022  56.229 0.0000000000
55711  -7.228  -33.002  54.730 0.0000000000
55712  -7.865  -32.190  55.045 0.0000000000
55713  -8.425  -31.416  54.479 0.0000000000
55714  -8.765  -31.068  54.322 0.0000000000
55726  -7.068  -33.193  54.026 0.0000000000
55727  -7.404  -32.788  53.650 0.0000000000
55728  -8.052  -31.912  53.618 0.0000000000
55729  -8.895  -31.168  53.583 0.0000000000
55730  -9.409  -30.773  53.145 0.0000000000
55740  -7.452  -32.924  52.958 0.0000000000
55741  -7.771  -32.565  52.599 0.0000000000
55742  -8.624  -31.744  52.544 0.0000000000
55743  -9.312  -31.032  52.530 0.0000000000
55755  -7.848  -32.854  51.813 0.0000000000
55756  -8.365  -32.323  51.701 0.0000000000
55757  -9.423  -31.457  51.218 0.0000000000
55758  -10.002  -30.718  50.820 0.0000000000
55770  -9.521  -31.677  49.748 0.0000000000
55771  -9.947  -31.009  50.082 0.0000000000
55785  -9.581  -31.862  49.126 0.0000000000
55786  -9.849  -31.496  48.953 0.0000000000
55799  -9.854  -31.763  48.026 0.0000000000
55813  -9.800  -31.997  47.295 0.0000000000
55826  -9.272  -31.662  46.164 0.0000000000
55827  -9.659  -31.930  46.515 0.0000000000
55838  -6.889  -30.856  44.697 0.0000000000
55839  -7.147  -30.948  44.795 0.0000000000
55840  -7.686  -31.004  44.947 0.0000000000
55841  -8.277  -31.241  45.192 0.0000000000
55842  -9.038  -31.745  45.409 0.0000000000
55843  -9.466  -31.922  45.915 0.0000000000
55856  -6.723  -30.720  44.627 0.0000000000
55857  -6.957  -31.326  44.157 0.0000000000
55858  -7.502  -31.537  44.191 0.0000000000
55859  -8.121  -31.663  44.390 0.0000000000
55860  -8.572  -31.749  44.754 0.0000000000
55874  -6.811  -31.433  43.655 0.0000000000
55891  -6.655  -31.359  43.209 0.0000000000
55892  -7.021  -31.335  42.732 0.0000000000
55893  -7.598  -31.076  42.587 0.0000000000
55894  -8.228  -31.044  42.517 0.0000000000
55909  -7.411  -31.653  42.557 0.0000000000
55910  -7.911  -31.742  42.392 0.0000000000
55911  -8.919  -31.597  42.263 0.0000000000
55912  -9.955  -31.666  41.808 0.0000000000
55924  -10.583  -31.829  41.340 0.0000000000
55925  -11.140  -31.912  40.941 0.0000000000
55926  -11.596  -31.582  40.602 0.0000000000
55929  -11.424  -32.172  40.483 0.0000000000
55930  -11.876  -31.891  40.053 0.0000000000
55935  -12.353  -31.772  39.283 0.0000000000
55936  -12.830  -31.690  38.580 0.0000000000
55943  -13.404  -31.657  37.983 0.0000000000
55944  -13.980  -31.629  37.387 0.0000000000
55949  -14.595  -31.588  36.792 0.0000000000
55950  -15.141  -31.459  36.219 0.0000000000
55962  -15.498  -31.406  35.569 0.0000000000
55975  -15.892  -31.433  34.682 0.0000000000
55976  -16.259  -31.804  33.943 0.0000000000
55992  -16.243  -30.988  33.848 0.0000000000
55993  -16.333  -31.564  33.099 0.0000000000
56012  -16.096  -31.736  32.292 0.0000000000
56749  -6.256  -30.548  62.381 0.0000000000
56751  -5.854  -30.500  61.818 0.0000000000
56753  -5.753  -30.539  61.252 0.0000000000
56755  -5.874  -30.693  60.674 0.0000000000
56757  -6.107  -30.931  60.039 0.0000000000
56764  -6.351  -31.242  59.287 0.0000000000
56773  -6.584  -31.500  58.468 0.0000000000
56774  -6.743  -31.171  58.124 0.0000000000
56784  -6.725  -31.816  57.828 0.0000000000
56785  -7.071  -31.541  57.568 0.0000000000
56786  -7.480  -31.113  57.432 0.0000000000
56787  -7.886  -30.773  57.186 0.0000000000
56795  -7.402  -31.822  56.914 0.0000000000
56796  -7.763  -31.407  56.754 0.0000000000
56797  -8.145  -30.825  56.396 0.0000000000
56798  -8.503  -30.440  55.751 0.0000000000
56799  -8.936  -30.115  55.394 0.0000000000
56811  -7.929  -31.565  55.986 0.0000000000
56812  -8.265  -31.223  55.435 0.0000000000
56813  -8.798  -30.813  54.953 0.0000000000
56814  -9.370  -30.147  54.708 0.0000000000
56815  -9.802  -29.777  54.121 0.0000000000
56826  -9.093  -30.793  54.283 0.0000000000
56827  -9.551  -30.455  53.732 0.0000000000
56828  -9.971  -29.732  53.390 0.0000000000
56838  -9.787  -30.373  52.711 0.0000000000
56839  -10.098  -29.553  52.559 0.0000000000
56848  -9.657  -30.740  52.000 0.0000000000
56849  -10.067  -30.215  51.574 0.0000000000
56857  -10.117  -30.220  50.420 0.0000000000
56866  -5.134  -29.644  49.704 0.0000000000
56867  -5.695  -29.867  49.659 0.0000000000
56868  -5.998  -30.000  49.493 0.0000000000
56869  -9.989  -30.580  49.381 0.0000000000
56879  -5.044  -29.788  49.282 0.0000000000
56880  -5.516  -29.989  49.392 0.0000000000
56881  -5.795  -30.071  49.385 0.0000000000
56882  -9.963  -31.019  48.444 0.0000000000
56894  -9.457  -31.098  47.506 0.0000000000
56895  -9.772  -31.368  47.766 0.0000000000
56907  -7.914  -31.019  46.631 0.0000000000
56908  -8.614  -31.162  46.728 0.0000000000
56909  -9.225  -31.408  46.806 0.0000000000
56910  -9.594  -31.583  47.203 0.0000000000
56922  -6.680  -30.389  45.212 0.0000000000
56923  -7.250  -30.697  45.624 0.0000000000
56924  -7.771  -30.930  45.843 0.0000000000
56925  -8.399  -31.190  46.014 0.0000000000
56926  -8.910  -31.394  46.218 0.0000000000
56936  -6.376  -30.273  44.437 0.0000000000
56937  -6.597  -30.891  44.016 0.0000000000
56946  -6.085  -29.770  44.140 0.0000000000
56947  -6.391  -30.380  43.726 0.0000000000
56961  -6.712  -30.388  43.060 0.0000000000
56962  -7.254  -30.341  42.693 0.0000000000
56963  -7.959  -30.311  42.608 0.0000000000
56964  -8.759  -30.421  42.441 0.0000000000
56975  -9.688  -30.591  42.145 0.0000000000
56976  -10.667  -30.706  41.569 0.0000000000
56977  -11.119  -30.184  41.242 0.0000000000
56983  -10.996  -31.330  41.238 0.0000000000
56984  -11.399  -30.806  40.962 0.0000000000
56985  -11.915  -31.047  40.448 0.0000000000
56988  -12.364  -30.903  39.930 0.0000000000
56991  -12.748  -30.776  39.170 0.0000000000
56992  -13.222  -30.719  38.480 0.0000000000
56996  -13.710  -30.681  37.816 0.0000000000
56997  -14.287  -30.647  37.229 0.0000000000
57003  -14.871  -30.590  36.657 0.0000000000
57004  -15.351  -30.521  36.009 0.0000000000
57013  -15.679  -30.459  35.222 0.0000000000
57021  -16.040  -30.334  34.417 0.0000000000
57033  -16.260  -30.197  33.692 0.0000000000
57034  -16.325  -30.582  33.121 0.0000000000
57049  -15.724  -30.653  31.817 0.0000000000
57050  -16.111  -30.788  32.393 0.0000000000
57806  -6.242  -29.885  62.708 0.0000000000
57808  -5.706  -29.714  62.185 0.0000000000
57814  -5.411  -29.685  61.597 0.0000000000
57821  -5.467  -29.755  60.940 0.0000000000
57828  -5.818  -29.950  60.353 0.0000000000
57836  -6.264  -30.112  59.671 0.0000000000
57837  -6.488  -29.559  59.363 0.0000000000
57848  -6.506  -30.743  59.006 0.0000000000
57849  -6.646  -30.120  58.981 0.0000000000
57858  -6.646  -30.769  58.558 0.0000000000
57859  -6.938  -30.384  58.315 0.0000000000
57860  -7.272  -30.000  58.101 0.0000000000
57868  -7.235  -30.661  57.874 0.0000000000
57869  -7.582  -30.195  57.674 0.0000000000
57870  -8.139  -30.063  57.110 0.0000000000
57871  -8.448  -29.493  56.643 0.0000000000
57877  -8.378  -30.096  56.380 0.0000000000
57878  -8.744  -29.581  55.973 0.0000000000
57879  -9.264  -29.431  55.378 0.0000000000
57889  -9.709  -29.237  54.685 0.0000000000
57890  -9.990  -29.122  53.914 0.0000000000
57899  -10.162  -29.022  53.190 0.0000000000
57908  -10.218  -28.884  52.567 0.0000000000
57916  -10.182  -29.157  51.879 0.0000000000
57926  -4.861  -28.787  50.376 0.0000000000
57927  -5.218  -28.885  50.471 0.0000000000
57928  -5.913  -29.001  50.387 0.0000000000
57929  -6.540  -29.092  50.251 0.0000000000
57930  -10.045  -29.400  50.954 0.0000000000
57941  -4.837  -29.063  50.068 0.0000000000
57942  -5.419  -29.397  50.127 0.0000000000
57943  -6.067  -29.639  49.869 0.0000000000
57944  -6.842  -29.557  49.766 0.0000000000
57945  -7.593  -29.576  49.482 0.0000000000
57946  -8.497  -29.507  49.481 0.0000000000
57947  -9.523  -29.612  49.851 0.0000000000
57958  -4.818  -29.343  49.460 0.0000000000
57959  -5.645  -29.413  49.541 0.0000000000
57960  -6.049  -30.058  49.188 0.0000000000
57961  -6.958  -30.023  48.945 0.0000000000
57962  -7.911  -30.006  48.815 0.0000000000
57963  -8.915  -29.957  48.730 0.0000000000
57964  -9.626  -30.397  48.699 0.0000000000
57974  -5.680  -29.508  48.689 0.0000000000
57975  -6.298  -29.787  48.229 0.0000000000
57976  -7.159  -30.223  48.094 0.0000000000
57977  -8.169  -30.409  48.041 0.0000000000
57978  -9.145  -30.505  47.862 0.0000000000
57979  -9.706  -30.826  48.024 0.0000000000
57991  -5.428  -28.554  46.306 0.0000000000
57992  -5.826  -29.113  46.549 0.0000000000
57993  -6.519  -29.771  47.138 0.0000000000
57994  -7.368  -30.688  47.234 0.0000000000
57995  -8.365  -30.845  47.338 0.0000000000
57996  -8.970  -30.980  47.260 0.0000000000
58010  -5.424  -28.904  45.717 0.0000000000
58011  -6.254  -29.643  45.996 0.0000000000
58012  -6.904  -30.356  46.306 0.0000000000
58013  -7.371  -30.793  46.391 0.0000000000
58023  -5.272  -28.753  44.954 0.0000000000
58024  -5.890  -29.540  45.119 0.0000000000
58037  -5.258  -28.518  44.635 0.0000000000
58038  -5.670  -29.097  44.455 0.0000000000
58039  -6.068  -29.246  43.949 0.0000000000
58052  -6.480  -29.401  43.423 0.0000000000
58053  -6.958  -29.442  42.904 0.0000000000
58054  -7.617  -29.487  42.657 0.0000000000
58055  -8.380  -29.485  42.514 0.0000000000
58061  -9.276  -29.488  42.265 0.0000000000
58062  -10.187  -29.597  41.881 0.0000000000
58063  -10.876  -29.568  41.426 0.0000000000
58067  -11.372  -29.667  40.965 0.0000000000
58068  -12.000  -29.980  40.463 0.0000000000
58071  -12.602  -29.797  39.732 0.0000000000
58074  -13.057  -29.745  38.978 0.0000000000
58075  -13.531  -29.723  38.289 0.0000000000
58078  -14.028  -29.699  37.649 0.0000000000
58079  -14.605  -29.663  37.080 0.0000000000
58082  -15.120  -29.611  36.446 0.0000000000
58083  -15.466  -29.552  35.692 0.0000000000
58092  -15.806  -29.477  34.893 0.0000000000
58103  -16.132  -29.431  34.024 0.0000000000
58116  -16.201  -29.676  32.986 0.0000000000
58117  -16.229  -30.298  32.750 0.0000000000
58131  -15.748  -29.937  32.120 0.0000000000
58132  -16.117  -30.165  32.541 0.0000000000
58840  -6.393  -29.448  63.030 0.0000000000
58841  -6.218  -28.552  63.085 0.0000000000
58851  -5.716  -28.922  62.630 0.0000000000
58852  -5.657  -28.008  62.844 0.0000000000
58863  -5.128  -28.889  62.040 0.0000000000
58873  -5.022  -28.820  61.240 0.0000000000
58887  -5.386  -28.917  60.453 0.0000000000
58888  -5.559  -28.350  60.129 0.0000000000
58904  -5.847  -29.457  60.092 0.0000000000
58905  -6.081  -28.904  59.781 0.0000000000
58915  -6.813  -29.112  58.837 0.0000000000
58916  -7.172  -28.577  58.524 0.0000000000
58924  -7.122  -29.647  58.351 0.0000000000
58925  -7.460  -29.052  58.006 0.0000000000
58926  -8.136  -28.247  57.280 0.0000000000
58927  -8.563  -27.821  56.814 0.0000000000
58934  -7.816  -29.632  57.571 0.0000000000
58935  -8.141  -29.168  57.225 0.0000000000
58936  -8.819  -28.461  56.396 0.0000000000
58937  -9.166  -27.933  55.844 0.0000000000
58942  -9.106  -28.974  55.830 0.0000000000
58943  -9.453  -28.374  55.349 0.0000000000
58954  -9.854  -28.431  54.328 0.0000000000
58955  -10.013  -28.462  53.639 0.0000000000
58966  -10.139  -28.349  52.958 0.0000000000
58974  -10.110  -28.364  52.199 0.0000000000
58983  -8.511  -27.935  51.019 0.0000000000
58984  -9.212  -28.203  51.228 0.0000000000
58985  -9.847  -28.608  51.461 0.0000000000
58995  -5.094  -28.553  50.153 0.0000000000
58996  -5.773  -28.560  50.191 0.0000000000
58997  -6.651  -28.255  50.106 0.0000000000
58998  -7.349  -28.653  50.297 0.0000000000
58999  -8.231  -28.509  50.446 0.0000000000
59000  -8.938  -28.566  50.637 0.0000000000
59001  -9.511  -28.891  50.754 0.0000000000
59010  -4.968  -28.709  49.567 0.0000000000
59011  -5.855  -28.380  49.664 0.0000000000
59012  -6.225  -28.238  49.932 0.0000000000
59013  -7.419  -29.308  49.975 0.0000000000
59014  -7.966  -29.131  50.017 0.0000000000
59015  -8.752  -29.075  50.165 0.0000000000
59016  -9.219  -29.041  50.377 0.0000000000
59024  -4.923  -29.045  49.059 0.0000000000
59025  -5.507  -28.772  49.021 0.0000000000
59030  -6.079  -28.735  48.188 0.0000000000
59031  -6.177  -29.183  47.521 0.0000000000
59038  -5.362  -28.054  46.352 0.0000000000
59039  -5.717  -28.446  47.050 0.0000000000
59040  -6.043  -29.134  47.060 0.0000000000
59052  -5.114  -28.162  45.888 0.0000000000
59064  -4.953  -28.181  45.270 0.0000000000
59074  -4.978  -28.122  44.735 0.0000000000
59075  -5.257  -28.171  44.431 0.0000000000
59076  -5.697  -28.349  44.131 0.0000000000
59085  -6.161  -28.436  43.712 0.0000000000
59086  -6.640  -28.468  43.164 0.0000000000
59087  -7.308  -28.525  42.685 0.0000000000
59088  -7.968  -28.815  42.543 0.0000000000
59093  -7.888  -28.178  42.451 0.0000000000
59094  -8.661  -28.440  42.308 0.0000000000
59095  -9.760  -28.474  41.894 0.0000000000
59096  -10.492  -28.832  41.572 0.0000000000
59099  -10.316  -28.151  41.370 0.0000000000
59100  -11.026  -28.519  41.043 0.0000000000
59101  -11.627  -29.004  40.612 0.0000000000
59104  -11.471  -28.253  40.428 0.0000000000
59105  -12.084  -28.691  40.053 0.0000000000
59109  -12.668  -28.720  39.296 0.0000000000
59110  -13.174  -28.732  38.595 0.0000000000
59114  -13.683  -28.740  37.947 0.0000000000
59115  -14.276  -28.716  37.407 0.0000000000
59118  -14.803  -28.685  36.808 0.0000000000
59119  -15.201  -28.648  36.108 0.0000000000
59126  -15.487  -28.595  35.347 0.0000000000
59135  -15.759  -28.513  34.500 0.0000000000
59148  -15.885  -28.552  33.515 0.0000000000
59165  -15.544  -28.600  32.453 0.0000000000
59779  -6.776  -28.098  63.461 0.0000000000
59788  -6.034  -27.421  63.155 0.0000000000
59796  -5.250  -28.028  62.380 0.0000000000
59797  -5.521  -27.198  62.689 0.0000000000
59804  -4.950  -28.029  61.714 0.0000000000
59805  -5.184  -27.178  62.039 0.0000000000
59813  -4.945  -28.046  61.117 0.0000000000
59814  -5.034  -27.268  61.299 0.0000000000
59827  -5.060  -28.382  60.824 0.0000000000
59828  -5.298  -27.729  60.518 0.0000000000
59843  -5.817  -27.813  59.835 0.0000000000
59854  -6.448  -27.957  59.422 0.0000000000
59855  -7.124  -27.788  58.812 0.0000000000
59856  -7.362  -27.146  58.469 0.0000000000
59863  -7.329  -28.285  58.362 0.0000000000
59864  -7.676  -27.619  58.016 0.0000000000
59865  -8.411  -27.299  57.190 0.0000000000
59873  -8.870  -27.197  56.292 0.0000000000
59874  -9.038  -27.706  56.023 0.0000000000
59881  -8.919  -26.727  55.670 0.0000000000
59882  -9.175  -27.245  55.419 0.0000000000
59892  -9.513  -27.434  54.220 0.0000000000
59893  -9.850  -28.027  53.926 0.0000000000
59902  -9.298  -27.218  53.118 0.0000000000
59903  -9.824  -27.834  53.432 0.0000000000
59907  -8.576  -26.792  52.007 0.0000000000
59908  -9.155  -27.223  52.297 0.0000000000
59909  -9.784  -27.715  52.636 0.0000000000
59915  -7.704  -26.635  51.111 0.0000000000
59916  -8.151  -26.950  51.280 0.0000000000
59917  -8.871  -27.436  51.584 0.0000000000
59918  -9.576  -27.838  51.854 0.0000000000
59923  -7.017  -27.179  50.316 0.0000000000
59924  -7.475  -27.272  50.636 0.0000000000
59925  -7.946  -27.836  50.680 0.0000000000
59931  -6.307  -28.052  49.477 0.0000000000
59932  -6.582  -27.521  49.707 0.0000000000
59938  -6.212  -27.997  48.959 0.0000000000
59939  -6.360  -26.909  48.819 0.0000000000
59944  -6.090  -27.329  47.744 0.0000000000
59945  -6.295  -26.537  48.150 0.0000000000
59951  -5.252  -27.743  46.048 0.0000000000
59952  -5.613  -27.348  46.461 0.0000000000
59959  -5.108  -27.388  45.568 0.0000000000
59960  -5.495  -26.843  45.884 0.0000000000
59966  -4.753  -27.524  44.886 0.0000000000
59974  -4.929  -27.521  44.457 0.0000000000
59975  -5.282  -27.516  44.081 0.0000000000
59976  -5.751  -27.772  43.842 0.0000000000
59986  -5.520  -27.250  43.672 0.0000000000
59987  -6.060  -27.535  43.357 0.0000000000
59988  -6.785  -27.529  42.776 0.0000000000
59989  -7.467  -27.748  42.514 0.0000000000
59995  -7.321  -27.138  42.450 0.0000000000
59996  -8.055  -27.394  42.207 0.0000000000
59997  -9.099  -27.415  41.789 0.0000000000
59998  -9.851  -27.673  41.452 0.0000000000
60005  -9.617  -27.067  41.280 0.0000000000
60006  -10.338  -27.345  40.899 0.0000000000
60007  -11.066  -27.689  40.536 0.0000000000
60014  -10.823  -27.046  40.303 0.0000000000
60015  -11.501  -27.440  39.899 0.0000000000
60016  -12.182  -27.902  39.455 0.0000000000
60025  -11.957  -27.176  39.219 0.0000000000
60026  -12.629  -27.584  38.703 0.0000000000
60027  -13.284  -27.968  38.158 0.0000000000
60037  -13.039  -27.257  37.902 0.0000000000
60038  -13.763  -27.643  37.485 0.0000000000
60039  -14.423  -27.953  37.058 0.0000000000
60047  -14.167  -27.298  36.867 0.0000000000
60048  -14.707  -27.627  36.339 0.0000000000
60049  -15.167  -27.920  35.726 0.0000000000
60061  -14.931  -27.297  35.666 0.0000000000
60062  -15.315  -27.517  35.037 0.0000000000
60075  -15.570  -27.615  34.070 0.0000000000
60091  -15.585  -27.640  33.133 0.0000000000
60111  -15.073  -27.111  32.131 0.0000000000
60112  -15.364  -27.615  32.494 0.0000000000
60133  -15.166  -27.857  32.113 0.0000000000
60739  -7.062  -27.362  63.507 0.0000000000
60746  -6.538  -26.468  63.393 0.0000000000
60747  -7.136  -26.502  63.450 0.0000000000
60754  -5.931  -26.340  62.977 0.0000000000
60759  -5.580  -26.292  62.345 0.0000000000
60767  -5.323  -26.298  61.607 0.0000000000
60780  -5.379  -26.416  60.765 0.0000000000
60793  -5.821  -26.582  59.783 0.0000000000
60794  -6.184  -26.049  59.173 0.0000000000
60805  -6.063  -27.307  59.509 0.0000000000
60806  -6.432  -26.846  59.154 0.0000000000
60807  -7.092  -26.592  58.679 0.0000000000
60813  -7.627  -26.502  58.223 0.0000000000
60814  -8.203  -26.445  57.625 0.0000000000
60817  -8.636  -26.267  56.744 0.0000000000
60819  -8.684  -26.086  55.715 0.0000000000
60820  -8.856  -26.457  55.196 0.0000000000
60822  -8.485  -25.806  54.736 0.0000000000
60823  -8.896  -26.505  54.452 0.0000000000
60832  -8.316  -25.788  53.712 0.0000000000
60833  -8.819  -26.540  53.410 0.0000000000
60838  -6.527  -25.428  51.979 0.0000000000
60839  -6.871  -25.626  52.033 0.0000000000
60840  -7.961  -25.918  52.322 0.0000000000
60841  -8.747  -26.705  52.637 0.0000000000
60847  -6.604  -25.514  51.664 0.0000000000
60848  -7.272  -26.270  51.349 0.0000000000
60849  -7.778  -26.392  51.493 0.0000000000
60855  -6.753  -26.119  50.710 0.0000000000
60856  -7.193  -26.691  50.725 0.0000000000
60864  -6.559  -26.110  49.656 0.0000000000
60870  -6.434  -25.940  48.613 0.0000000000
60875  -6.047  -26.740  46.942 0.0000000000
60876  -6.374  -26.038  47.409 0.0000000000
60882  -5.980  -26.319  46.268 0.0000000000
60883  -6.314  -25.523  46.525 0.0000000000
60890  -4.807  -26.884  45.004 0.0000000000
60891  -5.353  -26.371  45.412 0.0000000000
60898  -4.756  -26.928  44.517 0.0000000000
60906  -4.944  -26.933  44.147 0.0000000000
60907  -5.173  -26.816  43.766 0.0000000000
60920  -5.529  -26.755  43.332 0.0000000000
60921  -6.088  -26.743  42.896 0.0000000000
60922  -6.794  -26.576  42.572 0.0000000000
60938  -7.537  -26.486  42.209 0.0000000000
60939  -8.391  -26.424  41.723 0.0000000000
60940  -9.131  -26.624  41.382 0.0000000000
60956  -8.906  -25.940  41.255 0.0000000000
60957  -9.596  -26.335  40.898 0.0000000000
60958  -10.293  -26.399  40.357 0.0000000000
60975  -10.870  -26.447  39.825 0.0000000000
60976  -11.451  -26.478  39.281 0.0000000000
60991  -12.028  -26.543  38.720 0.0000000000
60992  -12.563  -26.543  38.097 0.0000000000
61007  -13.208  -26.478  37.246 0.0000000000
61008  -13.806  -26.942  37.002 0.0000000000
61023  -13.327  -25.983  36.658 0.0000000000
61024  -13.969  -26.486  36.279 0.0000000000
61025  -14.583  -26.981  35.885 0.0000000000
61040  -14.148  -26.073  35.599 0.0000000000
61041  -14.733  -26.544  35.234 0.0000000000
61042  -15.133  -26.963  34.965 0.0000000000
61058  -14.984  -26.208  34.290 0.0000000000
61059  -15.237  -26.892  34.560 0.0000000000
61077  -15.072  -26.122  33.804 0.0000000000
61078  -15.329  -26.682  33.638 0.0000000000
61095  -15.010  -26.239  32.367 0.0000000000
61096  -15.342  -26.901  32.761 0.0000000000
61794  -6.548  -25.436  63.431 0.0000000000
61795  -6.853  -25.454  63.519 0.0000000000
61807  -6.267  -25.417  63.220 0.0000000000
61818  -5.897  -25.375  62.696 0.0000000000
61828  -5.637  -25.343  61.969 0.0000000000
61841  -5.549  -25.333  61.142 0.0000000000
61852  -5.779  -25.330  60.246 0.0000000000
61853  -6.340  -25.148  59.355 0.0000000000
61861  -6.772  -25.616  58.789 0.0000000000
61862  -7.407  -25.600  58.316 0.0000000000
61867  -7.923  -25.535  57.802 0.0000000000
61868  -8.346  -25.433  57.143 0.0000000000
61871  -7.559  -24.607  55.749 0.0000000000
61872  -8.303  -25.279  56.197 0.0000000000
61875  -6.503  -23.998  54.533 0.0000000000
61876  -7.296  -24.511  54.807 0.0000000000
61877  -8.116  -25.132  55.215 0.0000000000
61880  -6.295  -24.015  54.047 0.0000000000
61881  -6.889  -24.454  53.824 0.0000000000
61882  -7.918  -25.006  54.211 0.0000000000
61890  -6.153  -24.695  52.802 0.0000000000
61891  -6.897  -24.849  53.027 0.0000000000
61892  -7.613  -25.162  53.266 0.0000000000
61900  -5.343  -24.325  52.391 0.0000000000
61901  -6.202  -25.028  52.204 0.0000000000
61902  -6.890  -25.278  52.530 0.0000000000
61903  -7.354  -25.308  52.771 0.0000000000
61909  -5.232  -24.215  52.244 0.0000000000
61910  -6.028  -24.699  51.749 0.0000000000
61916  -6.499  -24.998  50.627 0.0000000000
61925  -6.541  -25.052  49.434 0.0000000000
61933  -6.568  -25.023  48.217 0.0000000000
61943  -6.494  -24.995  47.061 0.0000000000
61955  -6.024  -25.374  45.804 0.0000000000
61956  -6.326  -25.044  46.372 0.0000000000
61969  -4.930  -26.294  44.710 0.0000000000
61970  -5.401  -25.588  45.038 0.0000000000
61984  -4.887  -26.391  44.173 0.0000000000
61985  -5.085  -25.700  44.356 0.0000000000
62000  -4.980  -26.526  43.905 0.0000000000
62001  -5.223  -25.997  43.614 0.0000000000
62002  -5.671  -25.731  43.162 0.0000000000
62018  -5.643  -26.198  43.079 0.0000000000
62019  -6.162  -25.859  42.777 0.0000000000
62020  -7.006  -25.789  42.443 0.0000000000
62034  -7.738  -25.676  41.999 0.0000000000
62035  -8.435  -25.461  41.592 0.0000000000
62036  -8.812  -25.107  41.391 0.0000000000
62048  -8.860  -25.452  41.315 0.0000000000
62049  -9.208  -25.377  40.996 0.0000000000
62050  -9.844  -25.571  40.480 0.0000000000
62064  -10.409  -25.636  39.961 0.0000000000
62065  -10.936  -25.634  39.385 0.0000000000
62079  -11.500  -25.646  38.709 0.0000000000
62080  -12.082  -25.906  38.292 0.0000000000
62090  -11.850  -25.337  38.171 0.0000000000
62091  -12.345  -25.606  37.642 0.0000000000
62103  -12.801  -25.522  36.815 0.0000000000
62104  -13.282  -25.545  36.238 0.0000000000
62117  -13.699  -25.531  35.651 0.0000000000
62118  -14.193  -25.765  35.225 0.0000000000
62128  -13.880  -25.206  35.017 0.0000000000
62129  -14.448  -25.554  34.581 0.0000000000
62136  -14.824  -25.609  33.827 0.0000000000
62137  -15.080  -26.030  33.448 0.0000000000
62146  -14.899  -25.531  32.972 0.0000000000
62147  -15.200  -26.251  33.020 0.0000000000
62827  -6.631  -24.506  63.449 0.0000000000
62828  -7.177  -24.510  63.601 0.0000000000
62842  -6.192  -24.515  62.991 0.0000000000
62852  -5.909  -24.448  62.347 0.0000000000
62857  -5.800  -24.389  61.546 0.0000000000
62865  -5.951  -24.335  60.668 0.0000000000
62875  -6.204  -24.243  59.809 0.0000000000
62876  -6.511  -24.008  59.085 0.0000000000
62886  -6.850  -24.129  58.279 0.0000000000
62887  -7.197  -24.942  58.295 0.0000000000
62895  -6.524  -23.572  56.859 0.0000000000
62896  -7.483  -24.566  57.535 0.0000000000
62897  -7.974  -24.974  57.338 0.0000000000
62906  -6.048  -23.606  55.801 0.0000000000
62907  -7.077  -24.110  56.302 0.0000000000
62908  -7.879  -24.700  56.703 0.0000000000
62913  -6.003  -23.566  54.990 0.0000000000
62914  -6.749  -24.040  55.360 0.0000000000
62918  -5.643  -23.773  54.227 0.0000000000
62919  -6.076  -24.084  53.692 0.0000000000
62925  -4.509  -24.278  53.422 0.0000000000
62926  -5.250  -24.225  53.388 0.0000000000
62927  -6.265  -24.414  53.289 0.0000000000
62936  -4.664  -24.275  52.931 0.0000000000
62937  -5.561  -24.652  52.863 0.0000000000
62944  -4.785  -24.057  52.485 0.0000000000
62945  -4.984  -23.972  52.071 0.0000000000
62952  -5.930  -24.086  51.604 0.0000000000
62960  -6.377  -24.119  50.406 0.0000000000
62968  -6.590  -24.084  49.120 0.0000000000
62976  -6.725  -24.097  47.782 0.0000000000
62984  -6.126  -24.892  45.774 0.0000000000
62985  -6.391  -24.453  46.292 0.0000000000
62996  -5.939  -24.938  45.432 0.0000000000
62997  -6.243  -24.386  45.319 0.0000000000
63008  -5.551  -25.003  44.750 0.0000000000
63009  -5.986  -24.530  44.421 0.0000000000
63016  -5.397  -25.165  44.055 0.0000000000
63017  -6.001  -25.037  43.410 0.0000000000
63018  -6.837  -24.757  43.076 0.0000000000
63019  -7.494  -24.478  42.892 0.0000000000
63027  -6.634  -25.265  42.816 0.0000000000
63028  -7.358  -25.027  42.472 0.0000000000
63029  -8.099  -24.500  42.372 0.0000000000
63030  -8.752  -24.334  42.067 0.0000000000
63039  -7.997  -25.047  42.000 0.0000000000
63040  -8.516  -24.798  41.780 0.0000000000
63041  -9.172  -24.596  41.480 0.0000000000
63052  -9.693  -24.818  40.804 0.0000000000
63053  -10.184  -24.900  40.322 0.0000000000
63065  -10.682  -24.872  39.813 0.0000000000
63066  -11.194  -24.700  39.182 0.0000000000
63077  -11.547  -24.809  38.417 0.0000000000
63085  -11.815  -24.783  37.817 0.0000000000
63086  -12.169  -24.743  37.076 0.0000000000
63098  -12.735  -24.703  36.196 0.0000000000
63099  -13.220  -25.092  35.852 0.0000000000
63113  -12.790  -24.243  35.764 0.0000000000
63114  -13.257  -24.585  35.380 0.0000000000
63128  -13.886  -24.577  34.306 0.0000000000
63129  -14.466  -25.119  34.083 0.0000000000
63141  -13.961  -24.178  33.264 0.0000000000
63142  -14.485  -24.903  33.538 0.0000000000
63149  -14.434  -24.725  32.709 0.0000000000
63850  -6.490  -23.792  63.148 0.0000000000
63861  -6.257  -23.660  62.649 0.0000000000
63867  -6.087  -23.556  61.927 0.0000000000
63874  -6.149  -23.455  61.066 0.0000000000
63882  -6.259  -23.241  60.012 0.0000000000
63883  -6.384  -23.445  59.299 0.0000000000
63895  -6.320  -22.663  58.971 0.0000000000
63896  -6.442  -23.195  58.493 0.0000000000
63903  -5.969  -22.441  58.088 0.0000000000
63904  -5.975  -22.854  57.321 0.0000000000
63915  -4.283  -23.234  56.302 0.0000000000
63916  -5.006  -23.182  56.314 0.0000000000
63924  -4.062  -23.507  55.879 0.0000000000
63925  -4.980  -23.446  55.113 0.0000000000
63933  -3.959  -23.627  54.776 0.0000000000
63934  -4.662  -23.955  54.151 0.0000000000
63943  -4.089  -23.859  53.621 0.0000000000
63944  -4.507  -24.250  53.686 0.0000000000
63954  -4.324  -23.701  52.681 0.0000000000
63955  -4.566  -23.511  52.455 0.0000000000
63961  -4.652  -23.823  52.445 0.0000000000
63962  -5.043  -23.574  52.288 0.0000000000
63969  -5.972  -23.349  51.503 0.0000000000
63977  -6.357  -23.179  50.165 0.0000000000
63986  -6.624  -23.042  48.809 0.0000000000
63996  -6.761  -23.040  47.404 0.0000000000
64005  -6.683  -23.492  46.143 0.0000000000
64015  -6.794  -23.641  45.137 0.0000000000
64016  -7.757  -23.263  45.098 0.0000000000
64017  -8.253  -23.108  45.019 0.0000000000
64027  -6.624  -24.332  44.033 0.0000000000
64028  -7.497  -23.915  44.271 0.0000000000
64029  -8.521  -23.481  44.448 0.0000000000
64030  -9.247  -23.329  44.188 0.0000000000
64040  -6.617  -24.599  43.498 0.0000000000
64041  -7.196  -24.377  43.511 0.0000000000
64042  -8.254  -24.076  43.237 0.0000000000
64043  -9.206  -23.639  43.546 0.0000000000
64054  -8.642  -24.184  42.499 0.0000000000
64055  -9.524  -23.824  42.385 0.0000000000
64056  -10.352  -23.317  42.259 0.0000000000
64068  -9.936  -24.209  41.226 0.0000000000
64069  -10.593  -23.477  41.591 0.0000000000
64070  -11.137  -23.108  41.390 0.0000000000
64081  -10.108  -24.516  40.706 0.0000000000
64082  -10.634  -24.157  40.491 0.0000000000
64083  -11.155  -23.367  40.807 0.0000000000
64092  -11.014  -24.349  39.809 0.0000000000
64093  -11.457  -23.636  39.713 0.0000000000
64094  -11.971  -23.100  39.368 0.0000000000
64108  -11.538  -24.088  38.632 0.0000000000
64109  -11.889  -23.343  38.765 0.0000000000
64121  -11.647  -24.362  38.130 0.0000000000
64122  -11.847  -23.822  37.742 0.0000000000
64140  -12.251  -23.868  36.679 0.0000000000
64154  -12.565  -23.928  36.046 0.0000000000
64155  -12.749  -23.735  35.529 0.0000000000
64170  -13.120  -23.659  34.767 0.0000000000
64182  -13.423  -23.488  33.827 0.0000000000
64884  -6.384  -22.806  62.260 0.0000000000
64893  -6.297  -22.694  61.487 0.0000000000
64902  -6.317  -22.497  60.574 0.0000000000
64912  -6.294  -22.150  59.531 0.0000000000
64924  -5.883  -21.839  58.481 0.0000000000
64930  -5.070  -21.925  57.414 0.0000000000
64931  -4.892  -22.742  56.810 0.0000000000
64939  -4.079  -22.693  56.556 0.0000000000
64940  -4.572  -22.993  56.625 0.0000000000
64947  -3.676  -22.660  55.332 0.0000000000
64956  -3.688  -22.766  54.182 0.0000000000
64966  -3.896  -22.838  53.115 0.0000000000
64982  -4.560  -22.857  52.455 0.0000000000
64983  -4.696  -23.239  52.408 0.0000000000
64996  -4.828  -22.541  52.296 0.0000000000
64997  -5.133  -22.801  52.167 0.0000000000
65007  -6.032  -21.608  51.053 0.0000000000
65008  -6.052  -22.480  51.323 0.0000000000
65014  -6.114  -21.442  50.364 0.0000000000
65015  -6.246  -21.995  49.933 0.0000000000
65022  -6.446  -22.001  48.525 0.0000000000
65030  -6.611  -21.929  47.637 0.0000000000
65038  -6.923  -22.336  46.775 0.0000000000
65039  -7.181  -22.017  46.587 0.0000000000
65047  -6.967  -23.044  46.034 0.0000000000
65048  -7.373  -22.556  46.001 0.0000000000
65049  -8.274  -22.500  45.397 0.0000000000
65050  -8.827  -22.163  45.327 0.0000000000
65057  -8.559  -22.956  44.922 0.0000000000
65058  -9.308  -22.605  44.731 0.0000000000
65059  -10.152  -22.091  44.506 0.0000000000
65066  -9.823  -23.167  43.799 0.0000000000
65067  -10.356  -22.474  43.999 0.0000000000
65075  -9.812  -23.433  43.149 0.0000000000
65076  -10.571  -22.833  42.887 0.0000000000
65077  -11.191  -22.273  42.562 0.0000000000
65086  -10.676  -23.060  42.156 0.0000000000
65087  -11.259  -22.672  41.936 0.0000000000
65088  -11.742  -22.461  41.435 0.0000000000
65099  -11.468  -22.825  41.152 0.0000000000
65100  -12.007  -22.454  40.892 0.0000000000
65108  -11.642  -22.990  40.498 0.0000000000
65109  -12.185  -22.713  39.959 0.0000000000
65117  -12.356  -22.693  39.069 0.0000000000
65127  -12.355  -22.833  38.167 0.0000000000
65143  -12.405  -22.977  37.182 0.0000000000
65158  -12.523  -23.093  36.178 0.0000000000
65159  -12.740  -22.840  35.320 0.0000000000
65178  -12.980  -22.633  34.425 0.0000000000
65994  -4.315  -21.846  52.697 0.0000000000
66009  -5.013  -21.867  52.100 0.0000000000
66010  -5.028  -22.376  52.177 0.0000000000
66025  -5.604  -21.205  51.329 0.0000000000
66026  -5.436  -22.065  51.857 0.0000000000
66038  -5.912  -20.986  50.371 0.0000000000
66039  -6.084  -21.329  49.991 0.0000000000
66046  -5.778  -20.502  49.862 0.0000000000
66047  -6.012  -21.015  49.329 0.0000000000
66054  -6.250  -21.121  48.187 0.0000000000
66060  -6.581  -21.206  47.415 0.0000000000
66061  -7.010  -21.318  46.883 0.0000000000
66062  -7.380  -21.115  46.601 0.0000000000
66069  -7.361  -21.751  46.508 0.0000000000
66070  -7.838  -21.601  46.180 0.0000000000
66071  -8.628  -21.584  45.775 0.0000000000
66072  -9.354  -21.225  45.610 0.0000000000
66080  -9.223  -21.857  45.323 0.0000000000
66081  -10.014  -21.521  44.973 0.0000000000
66088  -10.768  -21.598  44.203 0.0000000000
66089  -11.155  -21.332  43.631 0.0000000000
66096  -10.924  -22.008  43.547 0.0000000000
66097  -11.287  -21.578  42.967 0.0000000000
66098  -11.869  -21.319  42.466 0.0000000000
66105  -11.555  -21.936  42.344 0.0000000000
66106  -12.165  -21.802  41.686 0.0000000000
66117  -12.649  -21.746  40.507 0.0000000000
66118  -13.050  -21.328  39.903 0.0000000000
66126  -12.760  -21.997  39.542 0.0000000000
66127  -13.205  -21.293  39.152 0.0000000000
66136  -12.805  -22.044  38.623 0.0000000000
66137  -13.260  -21.330  38.168 0.0000000000
66148  -12.821  -22.132  37.670 0.0000000000
66149  -13.217  -21.418  37.181 0.0000000000
66165  -12.774  -22.208  36.727 0.0000000000
66166  -13.025  -21.519  36.258 0.0000000000
66183  -12.731  -22.248  35.942 0.0000000000
66184  -12.824  -21.736  35.250 0.0000000000
67086  -4.802  -20.925  52.129 0.0000000000
67105  -5.367  -20.677  51.402 0.0000000000
67125  -5.632  -20.241  50.425 0.0000000000
67143  -5.538  -19.984  49.320 0.0000000000
67144  -5.838  -20.398  48.586 0.0000000000
67159  -5.495  -19.656  48.414 0.0000000000
67160  -6.062  -20.205  47.847 0.0000000000
67170  -6.605  -20.336  47.288 0.0000000000
67171  -7.082  -20.379  46.873 0.0000000000
67172  -7.820  -20.459  46.516 0.0000000000
67173  -8.309  -19.965  46.486 0.0000000000
67183  -8.238  -21.052  46.180 0.0000000000
67184  -8.862  -20.504  46.189 0.0000000000
67185  -9.973  -20.476  45.502 0.0000000000
67196  -10.913  -20.480  44.520 0.0000000000
67197  -11.388  -19.882  44.011 0.0000000000
67208  -11.141  -20.981  43.974 0.0000000000
67209  -11.422  -20.495  43.573 0.0000000000
67220  -11.799  -20.576  42.871 0.0000000000
67221  -12.376  -20.617  42.201 0.0000000000
67233  -12.884  -20.613  41.035 0.0000000000
67234  -13.291  -20.005  40.573 0.0000000000
67251  -13.018  -21.047  40.350 0.0000000000
67252  -13.344  -20.466  39.918 0.0000000000
67269  -13.520  -20.451  38.731 0.0000000000
67282  -13.465  -20.528  37.667 0.0000000000
67293  -13.341  -20.687  36.647 0.0000000000
67306  -13.108  -20.902  35.800 0.0000000000
68279  -5.417  -19.569  50.668 0.0000000000
68293  -5.173  -19.228  49.797 0.0000000000
68316  -5.016  -19.089  48.899 0.0000000000
68490  -13.616  -19.472  39.276 0.0000000000
68500  -13.426  -19.541  38.209 0.0000000000
68509  -13.259  -19.726  37.120 0.0000000000
