#!ascii label  , from subject bert vox2ras=TkReg
933
104433  -3.381  18.647  -2.542 0.0000000000
105115  -0.940  18.679  4.504 0.0000000000
105116  -1.935  19.183  3.509 0.0000000000
105119  -1.979  20.125  3.535 0.0000000000
105132  -2.760  19.079  0.097 0.0000000000
105800  -0.964  19.066  5.005 0.0000000000
105805  -1.071  21.222  5.018 0.0000000000
105806  -0.914  18.775  4.785 0.0000000000
105809  -1.816  20.693  3.859 0.0000000000
105810  -2.179  20.656  3.177 0.0000000000
105813  -2.500  20.490  2.370 0.0000000000
105829  -2.927  19.902  0.150 0.0000000000
106444  -0.916  21.678  5.186 0.0000000000
106445  -1.214  21.614  4.750 0.0000000000
106448  -1.601  21.592  4.188 0.0000000000
106449  -2.058  21.581  3.475 0.0000000000
106456  -2.512  21.558  2.694 0.0000000000
106457  -2.874  21.913  2.115 0.0000000000
106465  -2.773  21.214  2.008 0.0000000000
107042  -0.796  22.573  5.278 0.0000000000
107043  -1.074  23.084  4.920 0.0000000000
107046  -1.064  22.085  4.921 0.0000000000
107047  -1.325  22.567  4.564 0.0000000000
107052  -1.863  22.543  3.805 0.0000000000
107053  -2.341  22.543  3.127 0.0000000000
107060  -2.785  22.604  2.484 0.0000000000
107061  -3.147  22.610  1.829 0.0000000000
107604  -1.262  23.639  4.671 0.0000000000
107610  -1.685  23.543  4.089 0.0000000000
107611  -2.156  23.522  3.457 0.0000000000
107618  -2.642  23.532  2.846 0.0000000000
107619  -3.124  23.546  2.209 0.0000000000
107622  -3.527  23.504  1.489 0.0000000000
107623  -3.824  23.927  1.077 0.0000000000
107626  -3.691  23.306  0.711 0.0000000000
107630  -3.793  23.452  -0.209 0.0000000000
108155  -1.512  24.538  4.349 0.0000000000
108164  -1.963  24.515  3.754 0.0000000000
108165  -3.247  27.436  2.722 0.0000000000
108168  -3.637  27.371  2.596 0.0000000000
108169  -4.107  27.262  2.379 0.0000000000
108170  -4.503  27.175  2.067 0.0000000000
108759  -1.761  25.507  4.040 0.0000000000
108760  -3.082  27.823  2.793 0.0000000000
108764  -3.382  27.630  2.690 0.0000000000
108765  -3.871  27.490  2.524 0.0000000000
108766  -4.404  27.364  2.189 0.0000000000
109369  -1.552  26.492  4.324 0.0000000000
109381  -2.791  28.352  2.892 0.0000000000
109382  -3.093  28.120  2.787 0.0000000000
109388  -3.570  27.953  2.649 0.0000000000
109389  -4.157  27.817  2.418 0.0000000000
109390  -4.727  27.678  1.883 0.0000000000
109976  -2.431  28.952  3.004 0.0000000000
109977  -2.722  28.723  2.896 0.0000000000
109985  -3.194  28.564  2.752 0.0000000000
109986  -3.796  28.443  2.578 0.0000000000
109987  -4.425  28.335  2.235 0.0000000000
109993  -4.933  28.220  1.593 0.0000000000
110551  -2.258  29.579  3.288 0.0000000000
110556  -2.293  29.352  3.011 0.0000000000
110557  -2.711  29.255  2.814 0.0000000000
110563  -3.344  29.165  2.654 0.0000000000
110564  -4.043  29.088  2.454 0.0000000000
110565  -4.614  28.998  1.949 0.0000000000
110571  -5.074  28.909  1.301 0.0000000000
111162  -2.318  30.219  3.655 0.0000000000
111163  -2.290  30.324  3.466 0.0000000000
111169  -2.248  29.881  3.336 0.0000000000
111170  -2.222  30.047  2.986 0.0000000000
111177  -2.819  29.957  2.637 0.0000000000
111178  -3.557  29.900  2.467 0.0000000000
111179  -4.289  29.844  2.200 0.0000000000
111186  -4.855  29.759  1.633 0.0000000000
111833  -2.336  30.932  3.735 0.0000000000
111834  -2.277  31.345  3.637 0.0000000000
111839  -2.341  30.588  3.674 0.0000000000
111840  -2.271  30.947  3.391 0.0000000000
111846  -2.449  30.841  2.834 0.0000000000
111853  -3.093  30.779  2.557 0.0000000000
111854  -3.896  30.759  2.372 0.0000000000
111855  -4.637  30.695  1.964 0.0000000000
111862  -5.242  30.587  1.318 0.0000000000
112348  -4.821  32.077  23.306 0.0000000000
112356  -5.020  31.807  22.633 0.0000000000
112357  -4.993  32.399  22.607 0.0000000000
112363  -4.981  31.832  22.333 0.0000000000
112364  -4.993  31.971  22.067 0.0000000000
112365  -5.129  32.513  22.154 0.0000000000
112366  -5.213  32.884  22.165 0.0000000000
112496  -2.266  31.727  3.695 0.0000000000
112501  -2.171  31.885  3.477 0.0000000000
112508  -2.101  31.779  2.997 0.0000000000
112514  -2.671  31.703  2.694 0.0000000000
112515  -3.421  31.674  2.505 0.0000000000
112516  -4.308  31.778  2.251 0.0000000000
112523  -5.058  31.574  1.646 0.0000000000
112989  -3.572  32.549  24.123 0.0000000000
113003  -3.682  33.075  23.620 0.0000000000
113004  -4.264  32.716  23.470 0.0000000000
113005  -4.704  33.049  22.968 0.0000000000
113007  -5.118  33.150  22.309 0.0000000000
113013  -5.060  32.497  21.845 0.0000000000
113014  -5.140  32.797  21.729 0.0000000000
113015  -5.253  33.217  21.695 0.0000000000
113016  -5.286  33.250  22.010 0.0000000000
113022  -5.080  33.307  21.249 0.0000000000
113023  -5.191  33.269  21.407 0.0000000000
113152  -2.036  32.838  3.660 0.0000000000
113158  -2.045  32.803  3.328 0.0000000000
113165  -2.359  32.714  2.903 0.0000000000
113172  -3.003  32.562  2.674 0.0000000000
113173  -3.693  32.576  2.513 0.0000000000
113174  -4.341  32.805  2.301 0.0000000000
113182  -4.912  32.528  1.894 0.0000000000
113562  -2.989  34.119  25.368 0.0000000000
113563  -3.171  33.695  25.666 0.0000000000
113575  -2.873  34.048  25.051 0.0000000000
113576  -3.020  33.358  24.672 0.0000000000
113588  -2.824  33.995  24.426 0.0000000000
113589  -3.137  33.574  23.786 0.0000000000
113590  -3.828  33.564  23.201 0.0000000000
113591  -4.413  33.344  22.956 0.0000000000
113604  -4.225  33.842  22.800 0.0000000000
113605  -4.757  33.743  22.452 0.0000000000
113615  -5.288  33.574  21.439 0.0000000000
113616  -5.259  33.824  21.670 0.0000000000
113630  -5.043  33.966  20.597 0.0000000000
113631  -5.340  33.779  21.020 0.0000000000
113632  -5.487  34.394  20.970 0.0000000000
113769  -1.867  33.958  3.993 0.0000000000
113770  -1.915  33.911  3.754 0.0000000000
113776  -2.182  33.791  3.386 0.0000000000
113784  -2.905  33.661  2.983 0.0000000000
113785  -3.385  34.132  2.873 0.0000000000
113793  -3.324  33.099  2.673 0.0000000000
113794  -3.824  33.606  2.577 0.0000000000
113795  -4.874  33.588  1.982 0.0000000000
113796  -5.332  34.105  1.673 0.0000000000
113806  -5.278  33.040  1.613 0.0000000000
114183  -3.666  34.208  26.398 0.0000000000
114184  -4.217  34.699  26.563 0.0000000000
114185  -5.034  34.679  26.673 0.0000000000
114198  -2.914  34.578  25.418 0.0000000000
114199  -3.347  34.655  26.002 0.0000000000
114200  -3.736  34.751  26.348 0.0000000000
114210  -2.708  34.588  24.755 0.0000000000
114222  -2.749  34.505  23.978 0.0000000000
114223  -3.216  34.444  23.036 0.0000000000
114224  -3.844  34.076  22.864 0.0000000000
114241  -3.524  34.954  22.640 0.0000000000
114242  -4.119  34.535  22.540 0.0000000000
114243  -4.892  34.628  21.929 0.0000000000
114254  -5.388  34.859  21.230 0.0000000000
114264  -4.784  34.680  20.041 0.0000000000
114265  -4.890  34.320  20.281 0.0000000000
114266  -5.342  34.607  20.441 0.0000000000
114267  -5.478  35.032  20.518 0.0000000000
114268  -5.464  35.127  20.275 0.0000000000
114280  -4.466  35.276  19.549 0.0000000000
114281  -4.721  35.132  19.751 0.0000000000
114282  -5.053  35.115  19.949 0.0000000000
114283  -5.328  35.150  20.188 0.0000000000
114284  -5.662  34.936  20.130 0.0000000000
114416  -2.001  35.175  4.521 0.0000000000
114422  -1.782  34.972  3.852 0.0000000000
114430  -2.357  34.786  3.426 0.0000000000
114431  -3.148  34.714  3.150 0.0000000000
114442  -3.762  34.576  2.755 0.0000000000
114443  -4.399  34.457  2.428 0.0000000000
114444  -5.068  34.595  2.024 0.0000000000
114457  -5.636  34.629  1.566 0.0000000000
114851  -4.232  35.080  26.417 0.0000000000
114852  -4.618  35.149  26.417 0.0000000000
114853  -5.480  35.224  26.373 0.0000000000
114854  -6.459  35.229  26.320 0.0000000000
114855  -7.481  35.187  26.268 0.0000000000
114856  -8.523  35.117  26.224 0.0000000000
114866  -2.860  35.023  25.456 0.0000000000
114867  -3.088  35.239  25.670 0.0000000000
114868  -3.917  35.328  26.187 0.0000000000
114869  -4.906  35.709  26.056 0.0000000000
114870  -5.931  35.781  25.919 0.0000000000
114871  -6.984  35.793  25.862 0.0000000000
114872  -8.038  35.715  25.770 0.0000000000
114873  -9.096  35.630  25.702 0.0000000000
114883  -2.760  35.196  25.173 0.0000000000
114884  -3.018  35.765  25.289 0.0000000000
114891  -2.680  35.232  24.464 0.0000000000
114892  -2.850  35.351  23.692 0.0000000000
114900  -3.179  35.580  22.841 0.0000000000
114901  -3.767  35.333  22.329 0.0000000000
114902  -4.391  35.195  22.042 0.0000000000
114907  -3.441  35.978  22.206 0.0000000000
114908  -4.038  35.825  21.797 0.0000000000
114909  -4.849  35.558  21.421 0.0000000000
114914  -5.244  35.605  20.581 0.0000000000
114915  -5.354  35.341  20.232 0.0000000000
114924  -4.219  35.761  18.954 0.0000000000
114925  -4.449  35.664  19.215 0.0000000000
114926  -4.765  35.689  19.457 0.0000000000
114927  -5.131  35.829  19.771 0.0000000000
114928  -5.339  35.293  19.987 0.0000000000
114939  -4.058  35.913  18.654 0.0000000000
114940  -4.555  36.115  18.873 0.0000000000
114941  -4.961  35.988  19.179 0.0000000000
115061  -2.948  36.922  6.274 0.0000000000
115062  -2.986  37.175  6.342 0.0000000000
115071  -2.503  36.252  5.576 0.0000000000
115072  -2.725  36.914  5.879 0.0000000000
115079  -1.984  36.247  4.797 0.0000000000
115080  -2.356  36.595  5.466 0.0000000000
115089  -1.929  35.908  3.890 0.0000000000
115102  -2.784  35.702  3.486 0.0000000000
115103  -3.866  35.536  3.013 0.0000000000
115104  -4.473  35.880  2.817 0.0000000000
115116  -4.165  34.997  2.661 0.0000000000
115117  -4.719  35.411  2.517 0.0000000000
115118  -5.487  35.387  2.002 0.0000000000
115128  -6.000  35.417  1.481 0.0000000000
115550  -3.485  35.831  25.556 0.0000000000
115551  -4.241  36.155  25.589 0.0000000000
115552  -5.321  36.336  25.507 0.0000000000
115553  -6.428  36.413  25.457 0.0000000000
115554  -7.522  36.357  25.363 0.0000000000
115555  -8.576  36.225  25.232 0.0000000000
115556  -9.607  36.154  25.148 0.0000000000
115561  -2.820  35.774  24.863 0.0000000000
115562  -3.381  36.525  24.861 0.0000000000
115563  -4.651  36.899  25.010 0.0000000000
115564  -5.809  37.053  25.013 0.0000000000
115565  -6.967  37.010  24.904 0.0000000000
115566  -8.055  36.811  24.751 0.0000000000
115567  -9.087  36.698  24.657 0.0000000000
115568  -10.060  36.678  24.603 0.0000000000
115572  -2.858  35.899  24.323 0.0000000000
115573  -3.122  36.424  23.678 0.0000000000
115577  -3.255  36.648  22.631 0.0000000000
115580  -3.494  36.638  21.659 0.0000000000
115581  -4.292  36.320  21.187 0.0000000000
115582  -4.861  36.165  20.780 0.0000000000
115585  -3.845  36.918  20.896 0.0000000000
115586  -4.458  36.752  20.497 0.0000000000
115587  -4.953  36.443  20.086 0.0000000000
115591  -4.955  36.690  19.475 0.0000000000
115595  -3.820  36.412  18.138 0.0000000000
115596  -4.285  36.482  18.341 0.0000000000
115597  -4.681  36.653  18.509 0.0000000000
115598  -5.146  37.010  18.847 0.0000000000
115604  -4.084  36.802  17.815 0.0000000000
115605  -4.380  36.919  17.854 0.0000000000
115606  -4.760  37.148  18.039 0.0000000000
115607  -4.937  37.446  18.135 0.0000000000
115613  -4.005  37.593  16.943 0.0000000000
115710  -3.029  37.471  7.466 0.0000000000
115718  -3.098  37.130  6.801 0.0000000000
115719  -3.160  37.513  6.771 0.0000000000
115726  -2.760  37.392  6.318 0.0000000000
115735  -1.185  37.294  5.191 0.0000000000
115736  -1.470  37.068  5.193 0.0000000000
115737  -2.160  37.123  5.689 0.0000000000
115750  -1.150  37.207  4.963 0.0000000000
115751  -1.650  36.917  4.591 0.0000000000
115763  -2.375  36.783  3.933 0.0000000000
115764  -3.429  36.549  3.492 0.0000000000
115765  -4.535  36.522  3.040 0.0000000000
115766  -5.079  36.970  2.809 0.0000000000
115774  -4.803  36.054  2.702 0.0000000000
115775  -5.454  36.436  2.372 0.0000000000
115776  -6.024  36.953  1.953 0.0000000000
115784  -5.845  35.909  1.852 0.0000000000
115785  -6.255  36.443  1.442 0.0000000000
116220  -3.432  37.275  24.054 0.0000000000
116221  -4.174  37.560  24.344 0.0000000000
116222  -5.166  37.563  24.484 0.0000000000
116223  -6.346  37.739  24.293 0.0000000000
116224  -7.560  37.439  24.272 0.0000000000
116225  -8.592  37.246  24.162 0.0000000000
116226  -9.585  37.189  24.131 0.0000000000
116232  -3.307  37.618  23.210 0.0000000000
116233  -3.689  37.999  23.846 0.0000000000
116234  -6.596  38.259  23.807 0.0000000000
116235  -7.230  38.030  23.825 0.0000000000
116236  -8.125  37.802  23.684 0.0000000000
116237  -9.116  37.698  23.607 0.0000000000
116238  -10.127  37.643  23.614 0.0000000000
116243  -3.168  37.606  22.103 0.0000000000
116246  -3.186  37.475  21.057 0.0000000000
116249  -3.852  37.492  20.152 0.0000000000
116250  -4.625  37.118  19.841 0.0000000000
116251  -4.873  37.107  19.768 0.0000000000
116255  -3.956  37.875  19.603 0.0000000000
116256  -4.387  37.684  19.508 0.0000000000
116257  -4.924  37.415  19.176 0.0000000000
116261  -4.987  37.651  18.388 0.0000000000
116264  -3.962  37.403  17.178 0.0000000000
116265  -4.497  37.513  17.459 0.0000000000
116266  -4.828  37.660  17.717 0.0000000000
116267  -5.053  37.863  17.909 0.0000000000
116270  -3.970  38.113  16.244 0.0000000000
116271  -4.102  37.985  16.514 0.0000000000
116272  -4.360  37.937  16.852 0.0000000000
116273  -4.652  38.101  17.208 0.0000000000
116274  -5.057  38.014  17.716 0.0000000000
116280  -4.100  38.485  15.699 0.0000000000
116281  -4.271  38.425  16.233 0.0000000000
116282  -4.408  38.346  16.672 0.0000000000
116361  -3.421  38.701  8.632 0.0000000000
116362  -3.410  38.850  8.470 0.0000000000
116370  -3.410  37.937  7.752 0.0000000000
116371  -3.300  38.337  7.692 0.0000000000
116379  -2.909  38.103  6.805 0.0000000000
116388  -1.331  37.991  6.018 0.0000000000
116389  -1.848  37.840  6.286 0.0000000000
116390  -2.340  37.685  6.342 0.0000000000
116400  -1.246  37.546  5.339 0.0000000000
116401  -1.624  37.486  5.769 0.0000000000
116402  -1.951  37.540  6.057 0.0000000000
116411  -1.203  37.669  4.842 0.0000000000
116412  -1.970  37.641  4.438 0.0000000000
116413  -2.803  37.867  4.329 0.0000000000
116414  -3.609  37.889  4.164 0.0000000000
116421  -2.516  37.387  4.168 0.0000000000
116422  -3.116  37.312  3.952 0.0000000000
116423  -4.133  37.435  3.646 0.0000000000
116424  -4.915  37.454  3.163 0.0000000000
116431  -5.464  37.435  2.756 0.0000000000
116432  -5.953  37.423  2.325 0.0000000000
116441  -6.394  37.508  1.712 0.0000000000
116874  -4.770  37.944  24.142 0.0000000000
116875  -5.379  38.144  24.032 0.0000000000
116876  -6.042  38.316  23.864 0.0000000000
116881  -3.603  38.652  23.359 0.0000000000
116882  -4.508  38.520  23.718 0.0000000000
116883  -5.562  38.754  23.619 0.0000000000
116884  -6.347  38.691  23.555 0.0000000000
116885  -6.999  38.546  23.503 0.0000000000
116886  -7.711  38.424  23.393 0.0000000000
116887  -8.594  38.342  23.235 0.0000000000
116888  -9.653  38.263  23.105 0.0000000000
116893  -3.225  38.582  22.576 0.0000000000
116894  -7.300  38.897  23.170 0.0000000000
116895  -7.973  38.980  22.962 0.0000000000
116896  -8.948  38.971  22.730 0.0000000000
116897  -10.007  38.981  22.554 0.0000000000
116901  -2.792  38.855  20.985 0.0000000000
116902  -2.897  38.631  21.384 0.0000000000
116905  -2.769  38.795  20.652 0.0000000000
116906  -2.959  38.106  20.402 0.0000000000
116912  -2.819  38.703  19.922 0.0000000000
116913  -3.454  38.225  19.612 0.0000000000
116914  -4.110  38.194  19.241 0.0000000000
116915  -4.609  38.022  19.056 0.0000000000
116921  -3.067  38.792  19.281 0.0000000000
116922  -3.641  38.677  18.930 0.0000000000
116923  -4.357  38.509  18.608 0.0000000000
116924  -4.887  38.101  18.553 0.0000000000
116928  -4.648  38.527  18.031 0.0000000000
116929  -4.988  38.162  17.952 0.0000000000
116932  -4.582  38.528  17.374 0.0000000000
116933  -4.880  38.098  17.618 0.0000000000
116936  -4.171  38.736  15.274 0.0000000000
116937  -4.339  38.912  15.376 0.0000000000
116938  -4.480  38.890  16.372 0.0000000000
116943  -4.080  38.887  14.810 0.0000000000
116944  -4.004  39.454  14.411 0.0000000000
116952  -3.841  39.296  13.777 0.0000000000
116953  -3.859  39.716  13.370 0.0000000000
116969  -3.734  39.428  12.895 0.0000000000
116970  -3.769  39.761  12.417 0.0000000000
116986  -3.629  39.440  12.058 0.0000000000
116987  -3.591  39.692  11.490 0.0000000000
117002  -3.458  39.437  11.167 0.0000000000
117003  -3.450  39.531  10.471 0.0000000000
117013  -3.417  39.225  9.891 0.0000000000
117014  -3.396  39.223  9.299 0.0000000000
117023  -3.271  39.105  8.394 0.0000000000
117032  -1.216  39.160  6.895 0.0000000000
117033  -1.678  38.831  7.128 0.0000000000
117034  -2.629  38.864  7.626 0.0000000000
117043  -1.206  38.763  6.367 0.0000000000
117044  -1.640  38.304  6.549 0.0000000000
117045  -2.244  38.283  6.768 0.0000000000
117053  -1.172  38.363  5.455 0.0000000000
117060  -1.520  38.384  4.822 0.0000000000
117061  -2.355  38.507  4.586 0.0000000000
117062  -3.382  38.560  4.497 0.0000000000
117063  -4.549  38.429  4.111 0.0000000000
117064  -5.293  38.816  3.954 0.0000000000
117072  -4.797  37.920  3.560 0.0000000000
117073  -5.593  38.355  3.325 0.0000000000
117074  -6.311  38.835  3.015 0.0000000000
117080  -5.886  37.875  2.729 0.0000000000
117081  -6.394  38.352  2.416 0.0000000000
117508  -3.464  39.301  22.936 0.0000000000
117509  -4.088  39.567  23.249 0.0000000000
117510  -5.087  39.588  23.284 0.0000000000
117511  -6.114  39.279  23.261 0.0000000000
117512  -6.759  38.989  23.244 0.0000000000
117517  -3.274  39.555  22.229 0.0000000000
117518  -3.644  39.897  22.813 0.0000000000
117519  -5.301  40.158  23.035 0.0000000000
117520  -5.888  39.980  22.910 0.0000000000
117521  -7.025  39.587  22.779 0.0000000000
117522  -8.208  39.674  22.441 0.0000000000
117523  -9.225  39.691  22.198 0.0000000000
117524  -10.207  39.846  22.060 0.0000000000
117530  -2.814  39.142  20.911 0.0000000000
117531  -3.011  39.597  21.306 0.0000000000
117540  -2.732  39.394  20.322 0.0000000000
117541  -2.859  39.568  20.789 0.0000000000
117550  -2.708  39.258  19.504 0.0000000000
117555  -2.956  39.273  18.603 0.0000000000
117556  -3.781  38.924  18.214 0.0000000000
117557  -4.295  38.726  18.114 0.0000000000
117560  -2.644  39.675  18.055 0.0000000000
117561  -3.266  39.587  17.542 0.0000000000
117562  -4.193  38.949  17.678 0.0000000000
117565  -3.581  39.941  16.421 0.0000000000
117566  -4.188  39.310  16.927 0.0000000000
117569  -3.929  39.855  15.332 0.0000000000
117570  -4.183  39.553  16.232 0.0000000000
117573  -3.696  40.150  13.941 0.0000000000
117577  -3.649  40.208  12.881 0.0000000000
117592  -3.578  40.167  11.903 0.0000000000
117608  -3.438  40.018  10.943 0.0000000000
117621  -3.326  39.807  9.993 0.0000000000
117632  -2.598  40.005  9.079 0.0000000000
117633  -3.135  39.620  9.136 0.0000000000
117640  -2.171  39.815  8.393 0.0000000000
117641  -2.779  39.477  8.426 0.0000000000
117648  -1.428  39.650  7.242 0.0000000000
117649  -1.912  39.411  7.806 0.0000000000
117650  -2.413  39.376  8.066 0.0000000000
117657  -1.255  39.545  6.577 0.0000000000
117664  -1.398  39.432  5.676 0.0000000000
117665  -2.349  39.844  5.290 0.0000000000
117666  -3.134  40.024  5.135 0.0000000000
117667  -3.520  39.795  4.973 0.0000000000
117675  -1.373  38.846  5.182 0.0000000000
117676  -1.877  39.124  4.951 0.0000000000
117677  -2.921  39.354  4.817 0.0000000000
117678  -4.066  39.416  4.727 0.0000000000
117679  -5.201  39.432  4.363 0.0000000000
117680  -5.980  39.778  4.090 0.0000000000
117689  -5.691  39.167  3.839 0.0000000000
117690  -6.362  39.459  3.455 0.0000000000
117691  -6.939  39.829  3.115 0.0000000000
117700  -6.746  39.264  2.762 0.0000000000
117701  -7.198  39.960  2.519 0.0000000000
117712  -7.031  39.280  1.947 0.0000000000
118119  -4.528  40.044  23.157 0.0000000000
118120  -4.878  40.266  23.066 0.0000000000
118129  -3.547  40.203  22.485 0.0000000000
118130  -4.176  40.605  22.745 0.0000000000
118131  -5.388  40.719  22.726 0.0000000000
118132  -6.481  40.587  22.454 0.0000000000
118133  -7.534  40.534  22.134 0.0000000000
118134  -8.523  40.385  21.977 0.0000000000
118135  -9.441  40.528  21.819 0.0000000000
118136  -10.466  40.945  21.799 0.0000000000
118149  -3.434  40.491  21.830 0.0000000000
118150  -3.830  41.053  22.211 0.0000000000
118151  -8.066  40.910  21.827 0.0000000000
118152  -8.660  41.122  21.709 0.0000000000
118153  -9.523  41.355  21.612 0.0000000000
118154  -10.051  41.639  21.629 0.0000000000
118164  -2.775  39.772  20.277 0.0000000000
118165  -2.961  40.109  20.591 0.0000000000
118169  -2.717  39.787  19.909 0.0000000000
118170  -2.827  40.343  19.628 0.0000000000
118173  -2.604  39.805  19.136 0.0000000000
118174  -2.664  40.387  18.767 0.0000000000
118177  -2.525  39.857  18.467 0.0000000000
118178  -2.442  40.322  17.878 0.0000000000
118181  -2.662  40.438  16.825 0.0000000000
118184  -3.009  40.604  15.750 0.0000000000
118187  -2.563  40.903  14.012 0.0000000000
118188  -2.850  40.705  14.403 0.0000000000
118193  -2.563  40.892  13.645 0.0000000000
118194  -3.104  40.562  13.345 0.0000000000
118205  -2.640  40.903  12.840 0.0000000000
118206  -3.162  40.553  12.384 0.0000000000
118220  -2.702  40.909  11.921 0.0000000000
118221  -3.112  40.482  11.421 0.0000000000
118234  -2.595  40.825  10.945 0.0000000000
118235  -3.040  40.341  10.463 0.0000000000
118246  -2.508  40.655  9.848 0.0000000000
118247  -2.990  40.113  9.686 0.0000000000
118257  -2.285  40.659  8.759 0.0000000000
118266  -1.512  40.077  7.289 0.0000000000
118267  -1.882  40.415  7.611 0.0000000000
118276  -1.481  40.127  6.950 0.0000000000
118277  -1.947  40.816  6.591 0.0000000000
118278  -2.565  41.083  6.007 0.0000000000
118287  -1.513  40.091  6.306 0.0000000000
118288  -2.050  40.361  5.842 0.0000000000
118289  -2.997  40.677  5.489 0.0000000000
118290  -3.981  40.396  5.206 0.0000000000
118291  -4.994  40.771  5.080 0.0000000000
118302  -4.813  40.108  4.795 0.0000000000
118303  -5.780  40.526  4.632 0.0000000000
118304  -6.681  40.447  3.969 0.0000000000
118305  -7.203  40.895  3.788 0.0000000000
118313  -6.838  40.063  3.457 0.0000000000
118314  -7.312  40.551  3.256 0.0000000000
118762  -4.176  41.371  22.263 0.0000000000
118763  -4.878  41.634  22.370 0.0000000000
118764  -6.190  41.686  22.295 0.0000000000
118765  -6.934  41.114  22.129 0.0000000000
118766  -10.467  41.867  21.726 0.0000000000
118767  -11.160  41.678  21.948 0.0000000000
118774  -3.434  40.925  20.997 0.0000000000
118775  -3.881  41.460  21.651 0.0000000000
118776  -4.350  41.820  21.993 0.0000000000
118777  -6.763  42.403  22.117 0.0000000000
118778  -7.587  41.711  21.852 0.0000000000
118779  -8.815  41.949  21.509 0.0000000000
118780  -9.658  42.043  21.529 0.0000000000
118781  -10.090  42.030  21.614 0.0000000000
118784  -3.316  40.872  20.131 0.0000000000
118785  -3.809  41.486  20.667 0.0000000000
118790  -3.134  40.915  19.204 0.0000000000
118791  -3.774  41.405  19.684 0.0000000000
118798  -2.835  41.038  18.362 0.0000000000
118799  -3.517  41.428  18.706 0.0000000000
118806  -2.815  41.346  17.461 0.0000000000
118807  -3.192  41.463  18.080 0.0000000000
118814  -2.668  41.326  16.339 0.0000000000
118820  -2.725  41.399  15.273 0.0000000000
118823  -2.537  41.189  13.957 0.0000000000
118824  -2.736  41.547  14.360 0.0000000000
118830  -2.640  41.539  13.344 0.0000000000
118831  -2.706  41.606  13.846 0.0000000000
118844  -2.642  41.514  12.425 0.0000000000
118853  -2.641  41.527  11.464 0.0000000000
118862  -2.629  41.517  10.423 0.0000000000
118872  -2.587  41.536  9.324 0.0000000000
118883  -2.421  41.549  8.185 0.0000000000
118893  -2.247  41.585  7.180 0.0000000000
118900  -2.584  41.726  6.447 0.0000000000
118901  -3.458  41.725  5.843 0.0000000000
118902  -4.228  42.004  5.801 0.0000000000
118913  -3.728  41.071  5.522 0.0000000000
118914  -4.519  41.478  5.535 0.0000000000
118915  -5.803  41.408  5.151 0.0000000000
118916  -6.448  41.687  5.042 0.0000000000
118925  -6.060  41.066  4.826 0.0000000000
118926  -6.540  41.292  4.661 0.0000000000
118927  -7.117  41.238  4.142 0.0000000000
118937  -7.528  41.447  3.677 0.0000000000
118938  -7.847  41.919  3.311 0.0000000000
118950  -7.775  41.408  2.890 0.0000000000
119396  -5.405  42.428  22.241 0.0000000000
119397  -6.135  42.810  22.300 0.0000000000
119398  -6.596  43.211  22.243 0.0000000000
119399  -10.802  42.350  21.879 0.0000000000
119411  -4.279  41.977  21.682 0.0000000000
119412  -4.692  42.493  21.792 0.0000000000
119413  -6.689  42.845  22.188 0.0000000000
119414  -7.218  42.949  22.018 0.0000000000
119415  -8.251  42.811  21.694 0.0000000000
119416  -9.259  42.734  21.542 0.0000000000
119417  -10.134  42.583  21.694 0.0000000000
119428  -4.225  42.080  21.185 0.0000000000
119429  -4.637  42.774  20.871 0.0000000000
119440  -4.298  42.055  20.254 0.0000000000
119441  -4.807  42.757  19.851 0.0000000000
119451  -4.300  41.949  19.157 0.0000000000
119452  -4.866  42.733  18.707 0.0000000000
119461  -3.236  41.725  17.425 0.0000000000
119462  -3.797  41.981  17.850 0.0000000000
119463  -4.832  42.948  17.616 0.0000000000
119473  -3.268  41.831  16.926 0.0000000000
119474  -4.192  42.528  16.661 0.0000000000
119475  -4.926  43.280  16.833 0.0000000000
119485  -3.344  41.962  15.920 0.0000000000
119486  -4.174  42.655  15.493 0.0000000000
119495  -3.304  42.108  14.869 0.0000000000
119496  -4.059  42.850  14.430 0.0000000000
119508  -2.805  41.938  13.345 0.0000000000
119509  -3.144  42.171  13.708 0.0000000000
119510  -4.007  43.059  13.480 0.0000000000
119524  -2.867  42.056  12.930 0.0000000000
119525  -3.605  42.716  12.685 0.0000000000
119526  -4.050  43.414  12.881 0.0000000000
119535  -2.993  42.177  12.021 0.0000000000
119536  -3.606  42.893  11.587 0.0000000000
119542  -3.036  42.236  10.995 0.0000000000
119543  -3.501  43.014  10.536 0.0000000000
119547  -3.076  42.295  9.922 0.0000000000
119548  -3.346  43.173  9.556 0.0000000000
119555  -2.911  42.553  8.760 0.0000000000
119556  -3.130  43.422  8.830 0.0000000000
119567  -2.618  42.628  7.502 0.0000000000
119568  -2.886  43.313  7.085 0.0000000000
119579  -2.509  42.232  6.839 0.0000000000
119580  -3.051  42.764  6.490 0.0000000000
119581  -4.353  42.648  6.095 0.0000000000
119582  -5.063  42.962  6.020 0.0000000000
119598  -4.602  42.132  5.781 0.0000000000
119599  -5.299  42.378  5.730 0.0000000000
119600  -6.562  42.272  5.340 0.0000000000
119601  -7.226  42.654  5.216 0.0000000000
119612  -6.801  41.833  4.931 0.0000000000
119613  -7.481  42.198  4.515 0.0000000000
119614  -8.195  42.883  4.184 0.0000000000
119626  -7.768  42.029  3.754 0.0000000000
119627  -8.195  42.565  3.510 0.0000000000
120093  -5.294  43.378  22.129 0.0000000000
120094  -6.064  43.653  22.359 0.0000000000
120095  -6.847  43.780  22.265 0.0000000000
120096  -10.183  43.507  21.908 0.0000000000
120097  -10.699  43.127  22.010 0.0000000000
120104  -4.869  43.533  21.453 0.0000000000
120105  -7.808  43.840  22.062 0.0000000000
120106  -8.892  43.611  21.767 0.0000000000
120107  -9.760  43.310  21.749 0.0000000000
120108  -10.210  43.146  21.814 0.0000000000
120111  -4.983  43.623  20.539 0.0000000000
120116  -5.262  43.620  19.482 0.0000000000
120121  -5.357  43.685  18.375 0.0000000000
120127  -5.331  43.835  17.365 0.0000000000
120133  -4.808  43.293  16.070 0.0000000000
120134  -5.237  43.911  16.486 0.0000000000
120141  -4.767  43.812  15.153 0.0000000000
120142  -5.084  43.880  15.889 0.0000000000
120151  -4.393  43.822  14.023 0.0000000000
120162  -4.217  43.837  13.248 0.0000000000
120172  -3.943  43.837  12.262 0.0000000000
120173  -4.087  43.829  12.819 0.0000000000
120181  -3.638  43.858  11.125 0.0000000000
120184  -3.411  43.881  10.168 0.0000000000
120187  -3.196  43.967  9.329 0.0000000000
120190  -2.874  43.380  8.097 0.0000000000
120191  -3.132  44.024  8.502 0.0000000000
120195  -2.821  43.383  7.511 0.0000000000
120196  -3.288  43.990  7.461 0.0000000000
120197  -4.395  44.234  7.071 0.0000000000
120198  -5.025  44.327  6.939 0.0000000000
120202  -3.222  43.464  6.846 0.0000000000
120203  -3.892  43.517  6.661 0.0000000000
120204  -5.214  43.683  6.402 0.0000000000
120205  -6.472  43.732  6.281 0.0000000000
120206  -7.237  43.855  6.173 0.0000000000
120207  -7.554  43.789  5.899 0.0000000000
120219  -5.396  43.051  5.974 0.0000000000
120220  -6.008  43.086  5.872 0.0000000000
120221  -7.093  43.248  5.699 0.0000000000
120222  -7.944  43.658  5.538 0.0000000000
120223  -8.588  43.840  5.263 0.0000000000
120233  -7.597  43.021  5.137 0.0000000000
120234  -8.238  43.284  4.761 0.0000000000
120235  -8.944  43.906  4.711 0.0000000000
120660  -5.426  44.277  22.354 0.0000000000
120661  -6.213  44.428  22.475 0.0000000000
120662  -7.162  44.564  22.432 0.0000000000
120663  -7.747  44.907  22.451 0.0000000000
120664  -10.385  43.689  22.020 0.0000000000
120665  -10.809  43.863  22.186 0.0000000000
120670  -4.873  44.295  22.003 0.0000000000
120671  -7.804  44.486  22.290 0.0000000000
120672  -8.452  44.576  22.160 0.0000000000
120673  -9.825  44.192  21.928 0.0000000000
120674  -10.856  44.577  21.960 0.0000000000
120679  -4.840  44.487  21.203 0.0000000000
120682  -5.167  44.564  20.192 0.0000000000
120685  -5.420  44.597  19.098 0.0000000000
120688  -5.481  44.667  18.011 0.0000000000
120692  -5.379  44.761  16.948 0.0000000000
120696  -4.720  44.940  15.305 0.0000000000
120697  -5.072  44.645  15.963 0.0000000000
120704  -4.435  44.826  14.529 0.0000000000
120712  -3.709  45.237  13.311 0.0000000000
120713  -4.023  44.737  13.548 0.0000000000
120719  -3.744  44.960  12.737 0.0000000000
120720  -3.989  44.247  12.919 0.0000000000
120723  -3.661  44.762  11.648 0.0000000000
120727  -3.526  44.643  10.649 0.0000000000
120728  -3.658  44.917  10.187 0.0000000000
120729  -5.602  45.017  9.855 0.0000000000
120730  -5.991  44.887  9.741 0.0000000000
120733  -3.476  44.510  9.828 0.0000000000
120734  -3.876  44.907  9.603 0.0000000000
120735  -4.503  44.918  9.332 0.0000000000
120736  -5.378  44.875  9.364 0.0000000000
120737  -6.382  44.718  9.092 0.0000000000
120738  -7.064  44.660  8.699 0.0000000000
120741  -3.478  44.494  9.051 0.0000000000
120742  -4.014  44.762  8.781 0.0000000000
120743  -4.799  44.729  8.567 0.0000000000
120744  -5.702  44.655  8.401 0.0000000000
120745  -6.561  44.603  8.202 0.0000000000
120746  -7.372  44.679  8.030 0.0000000000
120750  -3.559  44.432  8.323 0.0000000000
120751  -4.153  44.548  7.933 0.0000000000
120752  -5.073  44.556  7.614 0.0000000000
120753  -5.973  44.521  7.563 0.0000000000
120754  -6.802  44.491  7.408 0.0000000000
120755  -7.636  44.606  7.154 0.0000000000
120759  -5.489  44.398  6.992 0.0000000000
120760  -6.167  44.293  6.809 0.0000000000
120761  -7.051  44.227  6.674 0.0000000000
120762  -7.952  44.285  6.252 0.0000000000
120763  -8.667  44.525  6.008 0.0000000000
120771  -8.469  44.138  5.711 0.0000000000
120772  -9.056  44.428  5.424 0.0000000000
121235  -4.996  44.744  22.350 0.0000000000
121236  -5.485  45.015  22.516 0.0000000000
121237  -6.407  45.210  22.570 0.0000000000
121238  -7.216  45.267  22.519 0.0000000000
121245  -4.792  45.275  21.989 0.0000000000
121246  -5.693  45.831  22.317 0.0000000000
121247  -6.779  45.902  22.358 0.0000000000
121248  -7.879  45.552  22.202 0.0000000000
121249  -9.004  45.314  21.784 0.0000000000
121250  -10.052  45.124  21.599 0.0000000000
121251  -11.047  45.227  21.417 0.0000000000
121257  -4.889  45.475  20.874 0.0000000000
121258  -9.436  45.677  21.333 0.0000000000
121259  -10.131  45.728  20.971 0.0000000000
121260  -11.149  45.884  20.682 0.0000000000
121264  -5.129  45.524  19.768 0.0000000000
121268  -5.274  45.525  18.689 0.0000000000
121272  -5.228  45.612  17.632 0.0000000000
121275  -4.462  46.244  15.980 0.0000000000
121276  -4.827  45.846  16.435 0.0000000000
121279  -3.674  46.367  14.930 0.0000000000
121280  -4.188  46.006  15.289 0.0000000000
121281  -4.743  45.361  15.739 0.0000000000
121285  -3.604  46.227  14.463 0.0000000000
121286  -3.877  45.498  14.139 0.0000000000
121289  -3.550  45.830  13.418 0.0000000000
121290  -3.740  45.337  13.598 0.0000000000
121291  -6.137  45.721  12.373 0.0000000000
121292  -6.731  45.699  12.599 0.0000000000
121293  -7.622  45.745  12.830 0.0000000000
121294  -8.273  45.903  13.020 0.0000000000
121296  -3.697  45.817  12.149 0.0000000000
121297  -4.542  45.959  11.832 0.0000000000
121298  -5.578  45.756  11.962 0.0000000000
121299  -6.575  45.476  11.880 0.0000000000
121300  -7.525  45.491  12.013 0.0000000000
121301  -8.549  45.771  12.265 0.0000000000
121302  -9.226  45.979  11.986 0.0000000000
121304  -3.760  45.194  11.073 0.0000000000
121305  -4.319  45.528  11.162 0.0000000000
121306  -5.189  45.521  11.139 0.0000000000
121307  -6.193  45.281  11.089 0.0000000000
121308  -7.271  45.123  11.119 0.0000000000
121309  -8.296  45.413  11.254 0.0000000000
121310  -9.131  45.805  11.381 0.0000000000
121314  -3.669  45.048  10.552 0.0000000000
121315  -4.105  45.187  10.331 0.0000000000
121316  -4.880  45.321  10.460 0.0000000000
121317  -5.714  45.142  10.330 0.0000000000
121318  -6.832  44.859  9.996 0.0000000000
121319  -8.070  45.121  10.197 0.0000000000
121320  -9.002  45.630  10.420 0.0000000000
121323  -4.284  45.069  9.782 0.0000000000
121324  -4.732  45.127  9.868 0.0000000000
121325  -5.272  45.129  9.972 0.0000000000
121326  -7.056  44.703  9.197 0.0000000000
121327  -7.836  44.913  8.942 0.0000000000
121328  -8.865  45.501  9.343 0.0000000000
121331  -8.204  44.967  7.745 0.0000000000
121332  -8.842  45.463  8.252 0.0000000000
121336  -8.396  44.898  6.811 0.0000000000
121337  -8.929  45.475  7.225 0.0000000000
121344  -8.569  44.697  6.342 0.0000000000
121345  -9.122  45.155  6.211 0.0000000000
121810  -5.202  46.217  21.504 0.0000000000
121811  -6.164  46.485  21.779 0.0000000000
121812  -7.291  46.377  21.758 0.0000000000
121813  -8.357  46.096  21.575 0.0000000000
121814  -8.968  45.875  21.412 0.0000000000
121824  -5.019  46.541  20.408 0.0000000000
121825  -5.649  46.962  21.006 0.0000000000
121826  -6.658  46.948  21.065 0.0000000000
121827  -7.791  46.820  21.056 0.0000000000
121828  -8.995  46.349  20.813 0.0000000000
121829  -10.148  46.496  20.307 0.0000000000
121830  -11.258  46.802  20.138 0.0000000000
121842  -4.967  46.378  19.290 0.0000000000
121853  -4.577  47.017  18.144 0.0000000000
121854  -4.953  46.318  18.342 0.0000000000
121861  -4.311  47.043  17.309 0.0000000000
121862  -4.765  46.406  17.452 0.0000000000
121866  -3.500  47.331  15.974 0.0000000000
121867  -4.138  46.710  16.315 0.0000000000
121868  -4.540  46.528  16.870 0.0000000000
121869  -8.439  46.685  15.962 0.0000000000
121870  -9.418  46.738  16.062 0.0000000000
121871  -10.206  46.996  16.029 0.0000000000
121872  -10.611  47.247  15.944 0.0000000000
121876  -3.435  46.828  15.056 0.0000000000
121877  -3.750  46.752  15.653 0.0000000000
121878  -7.289  46.550  14.946 0.0000000000
121879  -8.203  46.532  15.089 0.0000000000
121880  -9.087  46.576  15.243 0.0000000000
121881  -9.889  46.827  15.354 0.0000000000
121882  -10.483  47.205  15.480 0.0000000000
121887  -3.431  46.710  14.049 0.0000000000
121888  -5.004  46.676  13.811 0.0000000000
121889  -6.092  46.416  13.973 0.0000000000
121890  -7.065  46.242  14.176 0.0000000000
121891  -7.975  46.258  14.302 0.0000000000
121892  -8.850  46.453  14.393 0.0000000000
121893  -9.654  46.743  14.551 0.0000000000
121894  -10.330  47.146  14.755 0.0000000000
121897  -3.725  46.551  13.077 0.0000000000
121898  -4.521  46.498  13.034 0.0000000000
121899  -5.685  46.068  12.970 0.0000000000
121900  -6.821  45.958  13.385 0.0000000000
121901  -7.747  45.980  13.564 0.0000000000
121902  -8.639  46.203  13.494 0.0000000000
121903  -9.476  46.618  13.656 0.0000000000
121904  -10.203  47.079  13.911 0.0000000000
121906  -3.742  46.319  12.525 0.0000000000
121907  -4.069  46.356  12.436 0.0000000000
121908  -4.827  46.170  12.431 0.0000000000
121909  -8.720  46.023  12.858 0.0000000000
121910  -9.357  46.305  12.614 0.0000000000
121911  -10.137  46.972  12.976 0.0000000000
121914  -9.714  46.258  11.616 0.0000000000
121915  -10.242  46.822  11.997 0.0000000000
121919  -9.759  46.141  10.673 0.0000000000
121920  -10.407  46.692  11.005 0.0000000000
121923  -9.688  46.053  9.641 0.0000000000
121924  -10.385  46.683  9.954 0.0000000000
121928  -9.583  45.996  8.598 0.0000000000
121929  -10.297  46.617  8.867 0.0000000000
121934  -9.501  46.004  7.651 0.0000000000
121935  -10.074  46.546  7.853 0.0000000000
121943  -9.650  46.095  6.736 0.0000000000
121944  -9.904  46.414  7.249 0.0000000000
122400  -5.115  47.533  20.460 0.0000000000
122401  -6.007  47.800  20.580 0.0000000000
122402  -7.145  47.594  20.578 0.0000000000
122403  -8.186  47.433  20.408 0.0000000000
122404  -9.181  47.246  20.020 0.0000000000
122405  -10.224  47.330  19.731 0.0000000000
122406  -11.137  47.754  19.649 0.0000000000
122418  -4.631  47.826  19.312 0.0000000000
122419  -4.817  47.395  19.618 0.0000000000
122420  -6.667  48.234  20.190 0.0000000000
122421  -7.498  48.181  20.061 0.0000000000
122422  -8.320  48.100  19.651 0.0000000000
122423  -9.282  47.825  19.316 0.0000000000
122424  -10.351  47.903  19.077 0.0000000000
122425  -10.973  48.052  19.273 0.0000000000
122438  -4.586  47.614  18.837 0.0000000000
122439  -4.752  46.950  18.858 0.0000000000
122440  -7.435  48.262  18.352 0.0000000000
122441  -8.169  48.115  18.638 0.0000000000
122442  -9.330  47.677  18.476 0.0000000000
122443  -10.240  47.710  18.287 0.0000000000
122456  -4.341  47.716  17.979 0.0000000000
122457  -6.438  48.365  17.487 0.0000000000
122458  -7.210  48.046  17.746 0.0000000000
122459  -8.432  47.490  17.708 0.0000000000
122460  -9.565  47.341  17.631 0.0000000000
122461  -10.597  47.540  17.473 0.0000000000
122462  -11.282  47.775  17.040 0.0000000000
122471  -3.372  48.046  16.233 0.0000000000
122472  -3.757  47.742  17.006 0.0000000000
122473  -5.161  48.431  16.372 0.0000000000
122474  -6.108  48.151  16.708 0.0000000000
122475  -7.553  47.243  16.649 0.0000000000
122476  -8.877  46.960  16.856 0.0000000000
122477  -9.923  47.061  16.789 0.0000000000
122478  -10.755  47.370  16.491 0.0000000000
122479  -11.426  47.962  16.317 0.0000000000
122484  -3.463  47.778  15.481 0.0000000000
122485  -3.903  47.989  15.144 0.0000000000
122486  -4.995  47.973  15.581 0.0000000000
122487  -6.496  47.204  15.565 0.0000000000
122488  -7.580  46.789  15.664 0.0000000000
122489  -10.955  47.541  15.778 0.0000000000
122490  -11.333  48.168  15.459 0.0000000000
122496  -3.606  47.351  14.641 0.0000000000
122497  -4.349  47.322  14.464 0.0000000000
122498  -5.554  47.066  14.672 0.0000000000
122499  -6.494  46.680  14.681 0.0000000000
122500  -10.846  47.641  15.043 0.0000000000
122501  -11.172  48.263  14.597 0.0000000000
122504  -3.705  47.138  13.873 0.0000000000
122505  -4.182  46.923  13.603 0.0000000000
122506  -10.758  47.635  14.217 0.0000000000
122507  -11.148  48.259  13.700 0.0000000000
122509  -10.727  47.585  13.320 0.0000000000
122510  -11.252  48.191  12.753 0.0000000000
122513  -10.793  47.485  12.367 0.0000000000
122514  -11.367  48.095  11.769 0.0000000000
122517  -10.918  47.366  11.384 0.0000000000
122522  -10.961  47.341  10.359 0.0000000000
122986  -4.836  47.880  20.055 0.0000000000
122987  -5.229  48.122  20.208 0.0000000000
122988  -11.274  48.161  19.395 0.0000000000
122998  -4.544  47.990  19.132 0.0000000000
122999  -4.803  48.189  19.531 0.0000000000
123000  -5.805  48.470  19.745 0.0000000000
123001  -6.836  48.542  19.548 0.0000000000
123002  -7.571  48.421  19.457 0.0000000000
123003  -10.674  47.956  18.672 0.0000000000
123004  -11.155  48.306  18.956 0.0000000000
123013  -4.537  48.175  18.711 0.0000000000
123014  -5.159  48.596  18.800 0.0000000000
123015  -6.169  48.724  18.840 0.0000000000
123016  -7.227  48.493  18.780 0.0000000000
123017  -7.864  48.393  19.139 0.0000000000
123018  -10.939  47.981  18.226 0.0000000000
123019  -11.592  48.468  18.184 0.0000000000
123032  -4.521  48.415  17.765 0.0000000000
123033  -5.520  48.694  18.000 0.0000000000
123034  -6.522  48.544  18.065 0.0000000000
123035  -7.107  48.355  18.232 0.0000000000
123036  -11.297  48.022  17.638 0.0000000000
123037  -11.928  48.491  17.175 0.0000000000
123048  -3.569  48.301  15.912 0.0000000000
123049  -3.919  48.590  16.627 0.0000000000
123050  -5.058  48.742  17.018 0.0000000000
123051  -5.917  48.581  17.450 0.0000000000
123052  -11.955  48.785  16.014 0.0000000000
123062  -3.633  48.220  15.543 0.0000000000
123063  -4.026  48.441  15.781 0.0000000000
123064  -4.581  48.508  16.266 0.0000000000
123065  -11.516  48.978  15.070 0.0000000000
123071  -11.327  49.028  14.131 0.0000000000
123074  -11.499  48.993  13.171 0.0000000000
123077  -11.689  48.929  12.158 0.0000000000
123637  -11.499  49.850  13.626 0.0000000000
123640  -11.707  49.862  12.581 0.0000000000
