#!ascii label  , from subject bert vox2ras=TkReg
783
57246  -29.532  -30.500  13.414 0.0000000000
57247  -30.127  -29.893  13.270 0.0000000000
57257  -29.816  -30.907  12.473 0.0000000000
57258  -30.342  -30.211  12.867 0.0000000000
57271  -30.372  -30.430  11.899 0.0000000000
58318  -29.793  -29.514  13.401 0.0000000000
58319  -30.723  -29.344  13.164 0.0000000000
58320  -31.315  -28.835  13.173 0.0000000000
58334  -31.053  -29.880  12.361 0.0000000000
58335  -31.806  -29.161  12.723 0.0000000000
58336  -32.475  -28.999  12.507 0.0000000000
58351  -31.032  -30.186  11.356 0.0000000000
58352  -31.765  -29.729  11.728 0.0000000000
58353  -32.431  -29.264  12.005 0.0000000000
58365  -30.998  -30.354  10.761 0.0000000000
58366  -31.627  -30.122  10.612 0.0000000000
58367  -32.444  -29.593  11.144 0.0000000000
58381  -31.837  -30.126  9.543 0.0000000000
58382  -32.403  -29.632  10.133 0.0000000000
58391  -31.879  -30.183  8.952 0.0000000000
58392  -32.432  -29.613  8.828 0.0000000000
58393  -33.015  -28.958  8.517 0.0000000000
58402  -33.020  -29.440  7.725 0.0000000000
59341  -28.934  -29.213  13.382 0.0000000000
59342  -29.304  -29.063  13.402 0.0000000000
59343  -30.114  -28.688  13.364 0.0000000000
59344  -30.922  -28.503  13.277 0.0000000000
59352  -28.597  -28.952  13.059 0.0000000000
59353  -29.493  -28.501  13.106 0.0000000000
59354  -29.954  -28.339  13.189 0.0000000000
59355  -31.695  -28.381  13.184 0.0000000000
59356  -32.497  -28.483  12.746 0.0000000000
59357  -33.069  -28.315  12.325 0.0000000000
59366  -32.896  -28.858  12.232 0.0000000000
59367  -33.362  -28.550  11.803 0.0000000000
59376  -33.018  -29.135  11.552 0.0000000000
59377  -33.443  -28.818  11.167 0.0000000000
59387  -33.036  -29.235  10.731 0.0000000000
59388  -33.436  -28.636  10.415 0.0000000000
59398  -32.893  -29.075  9.908 0.0000000000
59399  -33.295  -28.470  9.274 0.0000000000
59400  -33.810  -27.933  8.708 0.0000000000
59408  -33.442  -28.512  8.280 0.0000000000
59409  -34.020  -27.964  7.981 0.0000000000
59417  -33.615  -28.645  7.491 0.0000000000
59418  -34.108  -28.176  6.957 0.0000000000
59426  -34.455  -28.258  6.081 0.0000000000
60285  -30.187  -28.272  13.218 0.0000000000
60286  -30.460  -28.194  13.211 0.0000000000
60293  -28.946  -28.092  12.454 0.0000000000
60294  -29.984  -27.945  12.798 0.0000000000
60295  -31.059  -27.615  12.974 0.0000000000
60296  -32.157  -27.674  12.906 0.0000000000
60297  -32.876  -27.786  12.534 0.0000000000
60306  -28.313  -27.584  11.655 0.0000000000
60307  -29.335  -27.386  11.720 0.0000000000
60308  -30.349  -27.172  12.124 0.0000000000
60309  -31.080  -26.910  12.200 0.0000000000
60310  -33.466  -27.755  12.044 0.0000000000
60311  -33.803  -27.283  11.456 0.0000000000
60320  -28.496  -27.029  10.980 0.0000000000
60321  -29.231  -26.887  10.917 0.0000000000
60322  -33.732  -28.074  11.145 0.0000000000
60323  -34.072  -27.210  10.646 0.0000000000
60330  -33.792  -27.856  10.100 0.0000000000
60331  -34.441  -27.180  9.649 0.0000000000
60332  -35.005  -26.938  9.086 0.0000000000
60339  -33.940  -27.707  9.294 0.0000000000
60340  -34.510  -27.454  8.704 0.0000000000
60341  -35.292  -26.870  8.354 0.0000000000
60342  -35.824  -26.525  7.898 0.0000000000
60350  -34.689  -27.430  7.715 0.0000000000
60351  -35.355  -26.887  7.426 0.0000000000
60352  -36.071  -26.500  7.231 0.0000000000
60360  -34.802  -27.424  6.736 0.0000000000
60361  -35.545  -26.924  6.570 0.0000000000
60362  -36.198  -26.520  6.441 0.0000000000
60371  -35.088  -27.569  5.771 0.0000000000
60372  -35.782  -26.958  5.816 0.0000000000
60373  -36.232  -26.574  5.802 0.0000000000
60381  -35.040  -27.933  5.100 0.0000000000
60382  -35.608  -27.406  4.877 0.0000000000
60383  -35.983  -26.912  5.410 0.0000000000
61336  -31.805  -26.918  12.494 0.0000000000
61337  -32.651  -27.118  12.441 0.0000000000
61338  -33.113  -27.352  12.276 0.0000000000
61348  -29.952  -26.800  11.249 0.0000000000
61349  -30.718  -26.631  11.529 0.0000000000
61350  -31.462  -26.394  11.610 0.0000000000
61351  -32.352  -26.443  11.927 0.0000000000
61352  -33.321  -26.739  11.877 0.0000000000
61353  -34.073  -26.524  11.181 0.0000000000
61361  -28.756  -26.609  10.271 0.0000000000
61362  -29.626  -26.572  10.420 0.0000000000
61363  -30.510  -26.342  10.692 0.0000000000
61364  -30.986  -26.325  11.165 0.0000000000
61365  -34.714  -26.385  10.180 0.0000000000
61366  -35.198  -25.939  9.877 0.0000000000
61374  -29.264  -26.315  9.701 0.0000000000
61375  -30.001  -26.262  9.812 0.0000000000
61376  -34.945  -26.699  9.502 0.0000000000
61377  -35.631  -26.292  9.184 0.0000000000
61378  -36.323  -25.903  8.867 0.0000000000
61386  -29.183  -25.957  9.112 0.0000000000
61387  -29.635  -26.065  9.373 0.0000000000
61388  -35.846  -26.445  8.382 0.0000000000
61389  -36.581  -26.045  8.095 0.0000000000
61390  -37.346  -25.624  7.898 0.0000000000
61399  -36.798  -26.159  6.962 0.0000000000
61400  -37.502  -25.615  7.263 0.0000000000
61401  -37.915  -25.329  6.948 0.0000000000
61410  -36.671  -26.151  6.254 0.0000000000
61411  -37.379  -25.686  6.467 0.0000000000
61412  -37.725  -25.444  6.775 0.0000000000
61422  -36.533  -26.258  5.748 0.0000000000
61423  -36.938  -25.874  5.973 0.0000000000
61432  -35.985  -27.091  4.865 0.0000000000
61433  -36.234  -26.702  5.085 0.0000000000
61442  -36.000  -27.104  4.573 0.0000000000
61443  -36.270  -26.744  4.012 0.0000000000
61444  -36.734  -26.406  3.523 0.0000000000
62386  -31.561  -26.126  11.241 0.0000000000
62387  -31.926  -25.995  11.288 0.0000000000
62388  -32.813  -25.791  11.333 0.0000000000
62389  -33.674  -25.829  11.332 0.0000000000
62397  -30.825  -26.124  10.513 0.0000000000
62398  -31.263  -25.995  10.788 0.0000000000
62399  -32.008  -25.258  10.759 0.0000000000
62400  -32.804  -25.052  10.840 0.0000000000
62401  -34.332  -25.670  10.921 0.0000000000
62402  -34.926  -25.525  10.346 0.0000000000
62412  -30.687  -26.008  10.053 0.0000000000
62413  -31.254  -25.336  9.757 0.0000000000
62414  -31.883  -24.654  10.080 0.0000000000
62415  -35.477  -25.490  9.798 0.0000000000
62416  -36.186  -25.445  9.326 0.0000000000
62417  -36.779  -25.123  9.051 0.0000000000
62425  -30.110  -25.739  8.892 0.0000000000
62426  -31.063  -25.086  8.526 0.0000000000
62427  -36.683  -25.600  8.771 0.0000000000
62428  -37.353  -25.276  8.437 0.0000000000
62429  -38.096  -24.958  7.994 0.0000000000
62438  -30.373  -25.181  7.732 0.0000000000
62439  -31.087  -24.825  7.539 0.0000000000
62440  -37.738  -25.320  7.769 0.0000000000
62441  -38.282  -25.034  7.301 0.0000000000
62442  -38.856  -24.737  6.886 0.0000000000
62450  -31.172  -24.693  6.820 0.0000000000
62451  -37.653  -25.443  6.259 0.0000000000
62452  -38.077  -25.136  6.508 0.0000000000
62453  -39.107  -24.642  6.383 0.0000000000
62460  -36.748  -26.033  5.496 0.0000000000
62461  -37.510  -25.475  5.733 0.0000000000
62462  -38.513  -24.801  5.879 0.0000000000
62463  -39.316  -24.519  5.888 0.0000000000
62473  -36.756  -25.976  4.729 0.0000000000
62474  -37.388  -25.313  4.744 0.0000000000
62484  -36.656  -26.178  3.992 0.0000000000
62485  -37.119  -25.664  3.713 0.0000000000
63354  -33.343  -25.243  11.048 0.0000000000
63355  -33.831  -25.141  11.045 0.0000000000
63364  -32.433  -24.597  10.508 0.0000000000
63365  -33.231  -24.411  10.703 0.0000000000
63366  -34.337  -24.744  10.657 0.0000000000
63367  -35.126  -24.850  10.206 0.0000000000
63377  -31.674  -24.543  9.195 0.0000000000
63378  -32.365  -23.923  9.841 0.0000000000
63379  -33.057  -23.591  10.121 0.0000000000
63380  -35.679  -24.777  9.812 0.0000000000
63381  -36.340  -24.582  9.482 0.0000000000
63382  -37.111  -24.502  9.043 0.0000000000
63392  -31.634  -24.517  8.149 0.0000000000
63393  -32.063  -23.930  8.701 0.0000000000
63394  -37.908  -24.439  8.478 0.0000000000
63395  -38.934  -24.435  7.876 0.0000000000
63396  -40.029  -23.944  7.717 0.0000000000
63397  -40.659  -23.709  7.789 0.0000000000
63409  -31.703  -24.480  7.230 0.0000000000
63410  -32.148  -24.073  7.759 0.0000000000
63411  -38.991  -24.662  7.261 0.0000000000
63412  -39.778  -24.515  7.032 0.0000000000
63413  -40.904  -24.051  7.397 0.0000000000
63414  -41.455  -23.970  7.359 0.0000000000
63425  -31.662  -24.516  6.387 0.0000000000
63426  -32.404  -24.062  6.816 0.0000000000
63427  -32.902  -23.637  6.543 0.0000000000
63428  -39.932  -24.397  6.200 0.0000000000
63429  -40.860  -24.290  6.426 0.0000000000
63430  -41.439  -24.117  7.017 0.0000000000
63441  -31.433  -24.359  5.593 0.0000000000
63442  -32.186  -24.255  5.865 0.0000000000
63443  -32.814  -23.940  5.946 0.0000000000
63444  -38.107  -24.804  5.146 0.0000000000
63445  -38.980  -24.461  5.394 0.0000000000
63446  -39.802  -24.183  5.543 0.0000000000
63447  -40.385  -24.242  5.945 0.0000000000
63461  -32.040  -24.113  5.138 0.0000000000
63462  -32.498  -24.035  5.456 0.0000000000
63463  -37.789  -24.774  4.177 0.0000000000
63464  -38.714  -24.210  4.590 0.0000000000
63465  -39.246  -24.161  5.102 0.0000000000
63474  -37.823  -24.957  3.225 0.0000000000
63475  -38.339  -24.251  3.599 0.0000000000
64385  -33.794  -23.838  10.229 0.0000000000
64386  -34.686  -24.165  10.093 0.0000000000
64387  -35.229  -24.412  9.950 0.0000000000
64396  -32.795  -23.263  9.618 0.0000000000
64397  -33.359  -23.050  9.657 0.0000000000
64398  -34.259  -23.292  9.809 0.0000000000
64399  -35.424  -23.761  9.772 0.0000000000
64400  -36.524  -23.685  9.432 0.0000000000
64401  -37.443  -23.645  8.991 0.0000000000
64410  -32.482  -23.293  9.031 0.0000000000
64411  -32.879  -22.773  9.176 0.0000000000
64412  -38.391  -23.618  8.530 0.0000000000
64413  -39.377  -23.483  8.184 0.0000000000
64414  -40.314  -23.324  8.015 0.0000000000
64415  -41.256  -23.462  7.956 0.0000000000
64416  -42.212  -23.361  8.174 0.0000000000
64417  -42.697  -23.235  8.124 0.0000000000
64425  -32.433  -23.498  8.141 0.0000000000
64426  -32.706  -22.808  8.425 0.0000000000
64427  -41.414  -23.858  7.577 0.0000000000
64428  -41.936  -23.901  7.460 0.0000000000
64429  -42.877  -23.648  7.750 0.0000000000
64430  -43.158  -23.466  7.381 0.0000000000
64438  -32.476  -23.737  7.505 0.0000000000
64439  -32.841  -23.221  7.322 0.0000000000
64440  -41.276  -24.104  6.037 0.0000000000
64441  -41.793  -23.986  6.379 0.0000000000
64442  -42.627  -23.844  6.969 0.0000000000
64443  -43.042  -23.658  7.235 0.0000000000
64452  -33.423  -23.207  6.123 0.0000000000
64453  -33.878  -22.664  5.649 0.0000000000
64454  -40.074  -23.880  5.245 0.0000000000
64455  -40.776  -23.888  5.587 0.0000000000
64456  -41.431  -23.944  5.855 0.0000000000
64470  -31.863  -23.865  4.308 0.0000000000
64471  -32.873  -23.791  4.926 0.0000000000
64472  -33.707  -23.051  4.987 0.0000000000
64473  -39.057  -23.904  4.427 0.0000000000
64474  -39.488  -23.765  4.705 0.0000000000
64475  -40.188  -23.614  5.049 0.0000000000
64490  -32.475  -23.608  3.721 0.0000000000
64491  -33.409  -23.392  3.991 0.0000000000
64492  -34.131  -22.850  4.157 0.0000000000
64493  -38.955  -23.719  4.024 0.0000000000
64494  -39.314  -23.469  4.181 0.0000000000
64508  -32.956  -23.256  3.053 0.0000000000
64509  -33.832  -23.013  3.283 0.0000000000
64510  -34.335  -22.690  3.544 0.0000000000
64511  -38.847  -23.720  3.159 0.0000000000
65410  -33.419  -22.764  9.418 0.0000000000
65411  -33.740  -22.679  9.407 0.0000000000
65412  -34.635  -22.510  9.400 0.0000000000
65413  -35.779  -22.772  9.464 0.0000000000
65414  -36.766  -22.728  9.266 0.0000000000
65422  -33.313  -22.544  9.239 0.0000000000
65423  -33.776  -22.037  8.874 0.0000000000
65424  -34.380  -21.987  8.990 0.0000000000
65425  -37.693  -22.675  8.774 0.0000000000
65426  -38.664  -22.688  8.375 0.0000000000
65427  -39.661  -22.535  8.137 0.0000000000
65428  -40.710  -22.669  8.255 0.0000000000
65429  -41.653  -22.527  8.454 0.0000000000
65430  -42.586  -22.714  8.335 0.0000000000
65431  -43.118  -22.615  8.153 0.0000000000
65438  -32.967  -22.181  8.745 0.0000000000
65439  -33.242  -21.611  8.248 0.0000000000
65440  -40.267  -22.029  8.057 0.0000000000
65441  -41.020  -22.006  8.297 0.0000000000
65442  -41.463  -21.979  8.494 0.0000000000
65443  -42.977  -23.096  8.078 0.0000000000
65444  -43.290  -22.985  7.662 0.0000000000
65451  -32.959  -22.259  7.876 0.0000000000
65452  -33.381  -21.689  7.360 0.0000000000
65453  -42.013  -23.787  6.007 0.0000000000
65454  -42.385  -23.638  6.219 0.0000000000
65455  -43.177  -23.292  6.782 0.0000000000
65464  -33.233  -22.457  6.996 0.0000000000
65465  -33.872  -22.095  6.332 0.0000000000
65466  -41.058  -23.516  5.347 0.0000000000
65467  -41.678  -23.463  5.572 0.0000000000
65468  -42.675  -23.012  5.786 0.0000000000
65469  -43.434  -22.567  6.046 0.0000000000
65478  -34.315  -22.243  5.153 0.0000000000
65479  -39.972  -23.364  4.703 0.0000000000
65480  -40.647  -23.090  4.912 0.0000000000
65481  -41.463  -22.598  4.894 0.0000000000
65491  -34.695  -22.184  4.024 0.0000000000
65492  -35.096  -21.836  3.442 0.0000000000
65493  -39.233  -23.362  3.959 0.0000000000
65494  -39.644  -23.030  4.061 0.0000000000
65495  -40.375  -22.429  4.048 0.0000000000
65504  -33.328  -22.739  2.437 0.0000000000
65505  -34.446  -22.482  2.804 0.0000000000
65506  -35.172  -21.825  2.654 0.0000000000
65507  -39.111  -23.282  3.613 0.0000000000
65508  -39.331  -22.883  2.896 0.0000000000
65528  -33.633  -22.251  1.694 0.0000000000
65529  -34.581  -22.061  1.837 0.0000000000
65530  -35.166  -21.742  1.924 0.0000000000
66447  -34.679  -21.976  9.075 0.0000000000
66448  -35.210  -21.974  9.195 0.0000000000
66449  -36.055  -22.031  9.267 0.0000000000
66457  -33.857  -21.368  8.381 0.0000000000
66458  -34.575  -21.426  8.787 0.0000000000
66459  -35.653  -21.247  8.955 0.0000000000
66460  -36.856  -21.548  8.944 0.0000000000
66461  -37.962  -21.659  8.347 0.0000000000
66462  -38.831  -21.930  8.170 0.0000000000
66463  -41.695  -21.968  8.545 0.0000000000
66464  -42.230  -21.909  8.546 0.0000000000
66465  -43.009  -22.082  8.421 0.0000000000
66473  -33.778  -21.121  7.797 0.0000000000
66474  -38.494  -21.257  8.048 0.0000000000
66475  -39.363  -21.425  7.855 0.0000000000
66476  -40.452  -21.385  7.802 0.0000000000
66477  -41.464  -21.438  8.295 0.0000000000
66478  -42.211  -21.143  8.501 0.0000000000
66479  -43.580  -22.067  8.116 0.0000000000
66480  -44.214  -21.565  7.830 0.0000000000
66487  -34.104  -21.144  6.928 0.0000000000
66488  -43.807  -22.255  7.058 0.0000000000
66489  -44.542  -21.358  6.968 0.0000000000
66497  -34.589  -21.242  5.910 0.0000000000
66498  -35.016  -20.828  5.442 0.0000000000
66499  -42.108  -22.556  5.205 0.0000000000
66500  -42.848  -22.104  5.315 0.0000000000
66501  -43.952  -21.579  5.712 0.0000000000
66502  -44.691  -20.905  6.181 0.0000000000
66512  -34.887  -21.445  4.917 0.0000000000
66513  -35.381  -20.774  4.770 0.0000000000
66514  -41.002  -22.251  4.394 0.0000000000
66515  -41.856  -21.590  4.474 0.0000000000
66516  -42.975  -21.253  4.763 0.0000000000
66517  -43.625  -20.742  4.897 0.0000000000
66526  -35.191  -21.463  4.159 0.0000000000
66527  -35.731  -21.051  3.608 0.0000000000
66528  -36.143  -20.504  3.451 0.0000000000
66529  -39.971  -22.273  3.280 0.0000000000
66530  -40.809  -21.700  3.567 0.0000000000
66531  -41.457  -20.995  3.498 0.0000000000
66541  -35.649  -21.408  2.416 0.0000000000
66542  -36.122  -20.856  2.857 0.0000000000
66543  -39.854  -22.352  2.697 0.0000000000
66561  -34.811  -21.663  1.262 0.0000000000
66562  -35.446  -21.482  1.587 0.0000000000
66563  -35.979  -21.198  1.932 0.0000000000
67583  -34.336  -20.783  8.157 0.0000000000
67584  -35.199  -20.427  8.354 0.0000000000
67585  -36.257  -20.426  8.534 0.0000000000
67586  -37.356  -20.433  8.249 0.0000000000
67587  -38.019  -20.916  8.099 0.0000000000
67588  -42.931  -21.426  8.530 0.0000000000
67589  -43.382  -21.660  8.460 0.0000000000
67598  -34.454  -20.530  7.433 0.0000000000
67599  -34.771  -20.255  7.849 0.0000000000
67600  -37.661  -19.809  7.909 0.0000000000
67601  -38.341  -20.330  7.778 0.0000000000
67602  -39.593  -20.347  7.253 0.0000000000
67603  -40.854  -20.697  7.506 0.0000000000
67604  -41.722  -20.395  8.080 0.0000000000
67605  -42.700  -20.566  8.504 0.0000000000
67606  -43.798  -21.029  8.589 0.0000000000
67607  -44.771  -20.782  7.919 0.0000000000
67615  -34.803  -20.389  6.519 0.0000000000
67616  -35.243  -19.867  6.253 0.0000000000
67617  -39.828  -19.767  6.886 0.0000000000
67618  -40.396  -20.028  6.971 0.0000000000
67619  -41.154  -20.072  7.291 0.0000000000
67620  -45.059  -20.540  6.926 0.0000000000
67627  -34.905  -20.621  5.887 0.0000000000
67628  -35.266  -20.173  5.645 0.0000000000
67629  -44.395  -20.421  5.355 0.0000000000
67630  -44.995  -20.293  6.066 0.0000000000
67638  -35.581  -20.141  4.992 0.0000000000
67639  -35.863  -19.849  4.765 0.0000000000
67640  -42.447  -20.915  4.326 0.0000000000
67641  -42.920  -20.373  4.304 0.0000000000
67642  -43.763  -19.986  4.587 0.0000000000
67650  -35.786  -20.362  4.468 0.0000000000
67651  -36.171  -20.033  4.091 0.0000000000
67652  -42.140  -20.551  3.746 0.0000000000
67653  -42.642  -19.937  3.629 0.0000000000
67663  -36.449  -20.124  3.283 0.0000000000
67664  -36.784  -20.028  2.868 0.0000000000
67676  -36.495  -20.675  2.389 0.0000000000
67677  -37.063  -20.316  2.091 0.0000000000
68794  -36.016  -19.648  8.006 0.0000000000
68795  -36.700  -19.629  8.137 0.0000000000
68796  -37.264  -19.394  8.005 0.0000000000
68797  -44.947  -18.993  8.519 0.0000000000
68798  -45.493  -18.776  8.082 0.0000000000
68799  -45.765  -18.516  7.876 0.0000000000
68807  -34.908  -20.062  7.406 0.0000000000
68808  -35.379  -19.756  7.643 0.0000000000
68809  -37.896  -19.231  7.778 0.0000000000
68810  -38.662  -19.297  7.389 0.0000000000
68811  -39.342  -19.295  6.918 0.0000000000
68812  -42.306  -19.812  8.168 0.0000000000
68813  -43.130  -19.548  8.496 0.0000000000
68814  -44.490  -19.847  8.627 0.0000000000
68815  -45.285  -19.656  7.706 0.0000000000
68816  -45.659  -18.799  7.530 0.0000000000
68825  -34.830  -20.143  7.081 0.0000000000
68826  -35.287  -19.692  6.845 0.0000000000
68827  -40.083  -19.353  6.408 0.0000000000
68828  -40.969  -19.713  6.660 0.0000000000
68829  -41.809  -19.450  7.258 0.0000000000
68830  -42.419  -19.310  7.927 0.0000000000
68831  -45.287  -19.798  6.536 0.0000000000
68832  -45.516  -19.169  6.805 0.0000000000
68842  -35.625  -19.298  5.914 0.0000000000
68843  -35.919  -18.722  5.572 0.0000000000
68844  -40.399  -18.994  5.945 0.0000000000
68845  -40.897  -19.306  6.049 0.0000000000
68846  -41.350  -19.344  6.518 0.0000000000
68847  -44.387  -19.694  4.860 0.0000000000
68848  -45.011  -19.517  5.476 0.0000000000
68849  -45.381  -19.357  6.177 0.0000000000
68859  -35.676  -19.695  5.268 0.0000000000
68860  -36.046  -19.146  4.944 0.0000000000
68861  -43.205  -19.550  3.948 0.0000000000
68862  -44.040  -19.126  4.334 0.0000000000
68863  -44.572  -19.312  4.805 0.0000000000
68871  -36.622  -19.197  3.954 0.0000000000
68872  -36.987  -18.730  3.752 0.0000000000
68875  -43.480  -18.880  3.507 0.0000000000
68884  -36.733  -19.656  3.312 0.0000000000
68885  -37.124  -19.303  3.046 0.0000000000
68899  -37.707  -19.469  1.760 0.0000000000
69865  -36.271  -19.169  7.725 0.0000000000
69866  -36.588  -19.092  7.868 0.0000000000
69867  -36.933  -19.099  8.005 0.0000000000
69868  -44.654  -18.383  8.601 0.0000000000
69869  -45.246  -18.361  8.484 0.0000000000
69870  -45.729  -18.209  8.109 0.0000000000
69877  -36.004  -19.291  7.602 0.0000000000
69878  -36.406  -18.634  7.464 0.0000000000
69879  -37.298  -18.541  7.804 0.0000000000
69880  -38.302  -18.362  7.660 0.0000000000
69881  -38.906  -18.409  7.181 0.0000000000
69882  -43.117  -18.857  8.295 0.0000000000
69883  -43.829  -18.621  8.465 0.0000000000
69884  -45.992  -18.216  7.602 0.0000000000
69891  -35.865  -19.169  7.164 0.0000000000
69892  -36.103  -18.499  6.841 0.0000000000
69893  -39.415  -18.505  6.577 0.0000000000
69894  -42.056  -18.966  6.971 0.0000000000
69895  -42.631  -18.605  7.471 0.0000000000
69896  -43.261  -17.950  8.000 0.0000000000
69897  -45.845  -18.459  6.793 0.0000000000
69907  -35.810  -19.010  6.578 0.0000000000
69908  -35.942  -18.414  6.100 0.0000000000
69909  -39.994  -18.531  5.992 0.0000000000
69910  -40.749  -18.610  5.553 0.0000000000
69911  -41.734  -18.812  6.241 0.0000000000
69912  -42.380  -18.148  6.176 0.0000000000
69913  -45.206  -18.767  5.220 0.0000000000
69914  -45.490  -18.827  5.933 0.0000000000
69925  -36.126  -18.247  5.297 0.0000000000
69926  -36.417  -17.963  4.843 0.0000000000
69927  -41.419  -18.226  5.366 0.0000000000
69928  -42.025  -18.101  5.453 0.0000000000
69929  -42.365  -17.824  5.603 0.0000000000
69930  -44.388  -18.585  4.339 0.0000000000
69931  -44.739  -18.846  4.737 0.0000000000
69941  -36.371  -18.494  4.653 0.0000000000
69942  -36.780  -18.188  4.251 0.0000000000
69943  -44.081  -18.375  3.867 0.0000000000
69944  -44.179  -17.970  3.431 0.0000000000
69954  -37.238  -18.221  3.459 0.0000000000
69955  -37.575  -17.953  2.823 0.0000000000
69968  -37.540  -18.649  2.665 0.0000000000
69969  -38.054  -18.325  2.062 0.0000000000
70833  -44.327  -18.076  8.530 0.0000000000
70834  -44.813  -17.853  8.565 0.0000000000
70835  -45.438  -17.812  8.352 0.0000000000
70845  -36.429  -18.124  7.047 0.0000000000
70846  -37.067  -17.639  7.127 0.0000000000
70847  -38.078  -17.549  7.410 0.0000000000
70848  -38.772  -17.547  7.320 0.0000000000
70849  -44.027  -17.504  8.160 0.0000000000
70850  -45.103  -17.182  8.259 0.0000000000
70851  -46.077  -17.419  7.925 0.0000000000
70852  -46.511  -17.132  7.321 0.0000000000
70861  -36.363  -17.903  6.582 0.0000000000
70862  -36.843  -17.374  6.305 0.0000000000
70863  -39.164  -17.658  6.865 0.0000000000
70864  -42.686  -17.910  6.676 0.0000000000
70865  -43.133  -17.469  7.173 0.0000000000
70866  -46.390  -17.670  6.953 0.0000000000
70867  -46.580  -17.213  7.012 0.0000000000
70877  -36.321  -17.769  5.855 0.0000000000
70878  -36.749  -17.302  5.609 0.0000000000
70879  -39.608  -17.724  6.265 0.0000000000
70880  -40.197  -17.782  5.643 0.0000000000
70881  -42.707  -17.453  5.930 0.0000000000
70882  -43.083  -17.028  6.375 0.0000000000
70883  -45.429  -18.427  5.398 0.0000000000
70884  -45.813  -17.966  5.742 0.0000000000
70893  -36.422  -17.713  5.274 0.0000000000
70894  -36.787  -17.413  4.857 0.0000000000
70895  -40.903  -17.736  5.193 0.0000000000
70896  -41.640  -17.559  5.004 0.0000000000
70897  -42.295  -17.517  5.147 0.0000000000
70898  -44.679  -18.432  4.518 0.0000000000
70899  -45.098  -18.099  4.790 0.0000000000
70900  -45.534  -17.692  5.067 0.0000000000
70911  -37.167  -17.417  4.088 0.0000000000
70912  -44.522  -18.229  4.296 0.0000000000
70913  -44.526  -17.762  4.001 0.0000000000
70914  -44.806  -17.199  3.723 0.0000000000
70928  -37.458  -17.359  3.335 0.0000000000
70929  -37.900  -17.340  2.644 0.0000000000
70945  -38.472  -17.350  1.771 0.0000000000
70946  -38.950  -16.928  1.291 0.0000000000
71873  -37.459  -16.815  6.585 0.0000000000
71874  -38.064  -16.708  7.042 0.0000000000
71875  -38.897  -16.630  7.188 0.0000000000
71876  -39.607  -16.314  7.209 0.0000000000
71877  -43.710  -16.967  7.548 0.0000000000
71878  -44.408  -16.420  7.627 0.0000000000
71879  -45.686  -16.447  7.769 0.0000000000
71880  -46.541  -16.563  7.571 0.0000000000
71889  -37.219  -16.831  6.029 0.0000000000
71890  -39.274  -16.908  7.050 0.0000000000
71891  -39.846  -16.505  6.823 0.0000000000
71892  -43.508  -16.706  6.859 0.0000000000
71893  -43.900  -16.059  6.603 0.0000000000
71894  -46.535  -17.214  6.779 0.0000000000
71895  -46.697  -16.763  6.826 0.0000000000
71906  -37.179  -16.783  5.398 0.0000000000
71907  -39.504  -17.082  6.634 0.0000000000
71908  -39.975  -16.897  6.063 0.0000000000
71909  -42.637  -17.109  5.156 0.0000000000
71910  -43.104  -16.545  5.590 0.0000000000
71911  -43.736  -15.815  5.765 0.0000000000
71912  -46.361  -17.160  6.174 0.0000000000
71913  -46.624  -16.650  6.172 0.0000000000
71920  -37.290  -16.724  4.672 0.0000000000
71921  -40.508  -17.140  5.417 0.0000000000
71922  -41.081  -16.898  4.957 0.0000000000
71923  -42.105  -16.670  4.677 0.0000000000
71924  -42.762  -16.001  4.670 0.0000000000
71925  -45.373  -17.553  4.800 0.0000000000
71926  -45.768  -17.123  5.054 0.0000000000
71934  -37.510  -16.601  3.878 0.0000000000
71935  -37.922  -16.237  3.465 0.0000000000
71936  -45.106  -17.332  4.380 0.0000000000
71948  -37.761  -16.762  3.186 0.0000000000
71949  -38.289  -16.375  2.675 0.0000000000
71950  -38.731  -15.885  2.110 0.0000000000
71962  -38.677  -16.505  1.810 0.0000000000
71963  -39.300  -16.132  1.391 0.0000000000
72848  -37.538  -16.443  6.309 0.0000000000
72849  -38.005  -15.959  6.544 0.0000000000
72850  -38.816  -15.782  7.046 0.0000000000
72851  -39.572  -15.752  7.231 0.0000000000
72852  -44.495  -15.793  7.078 0.0000000000
72853  -45.265  -15.434  7.364 0.0000000000
72854  -46.487  -15.553  7.533 0.0000000000
72855  -47.199  -15.282  7.238 0.0000000000
72865  -37.525  -16.267  5.942 0.0000000000
72866  -37.945  -15.714  5.900 0.0000000000
72867  -40.231  -15.825  7.127 0.0000000000
72868  -40.679  -15.572  6.655 0.0000000000
72869  -44.467  -15.366  6.408 0.0000000000
72870  -45.005  -14.967  6.862 0.0000000000
72871  -47.064  -15.996  7.130 0.0000000000
72872  -47.312  -15.416  6.638 0.0000000000
72882  -37.604  -16.172  5.295 0.0000000000
72883  -38.094  -15.575  5.241 0.0000000000
72884  -40.400  -16.170  6.456 0.0000000000
72885  -40.774  -15.783  6.043 0.0000000000
72886  -43.376  -15.851  5.020 0.0000000000
72887  -43.973  -15.323  5.256 0.0000000000
72888  -46.370  -16.618  5.653 0.0000000000
72889  -46.863  -15.999  5.999 0.0000000000
72890  -47.232  -15.416  6.086 0.0000000000
72900  -37.719  -16.052  4.587 0.0000000000
72901  -38.202  -15.448  4.494 0.0000000000
72902  -40.631  -16.433  5.649 0.0000000000
72903  -41.232  -15.835  5.220 0.0000000000
72904  -42.035  -15.403  4.477 0.0000000000
72905  -43.141  -15.290  4.304 0.0000000000
72906  -43.901  -14.881  4.560 0.0000000000
72907  -46.149  -16.195  4.906 0.0000000000
72918  -37.852  -15.927  3.985 0.0000000000
72919  -38.313  -15.545  3.598 0.0000000000
72920  -42.443  -14.736  4.216 0.0000000000
72921  -42.905  -14.558  3.912 0.0000000000
72930  -38.671  -15.397  2.779 0.0000000000
72931  -39.132  -15.208  2.101 0.0000000000
72936  -39.841  -15.100  1.381 0.0000000000
73842  -38.329  -15.468  6.264 0.0000000000
73843  -38.800  -14.997  6.551 0.0000000000
73844  -39.612  -14.906  7.049 0.0000000000
73845  -40.304  -14.653  7.006 0.0000000000
73846  -45.436  -14.572  7.071 0.0000000000
73847  -46.161  -14.553  7.536 0.0000000000
73848  -47.130  -14.519  7.305 0.0000000000
73857  -38.430  -15.174  5.894 0.0000000000
73858  -38.769  -14.515  5.987 0.0000000000
73859  -40.108  -15.217  7.182 0.0000000000
73860  -40.606  -15.045  6.987 0.0000000000
73861  -44.472  -15.009  5.798 0.0000000000
73862  -44.950  -14.587  6.250 0.0000000000
73863  -47.583  -14.753  6.931 0.0000000000
73873  -38.511  -14.809  5.213 0.0000000000
73874  -38.792  -14.156  5.501 0.0000000000
73875  -41.001  -14.996  6.234 0.0000000000
73876  -44.464  -14.720  5.223 0.0000000000
73877  -45.026  -14.124  5.268 0.0000000000
73889  -38.581  -14.691  4.315 0.0000000000
73890  -38.902  -14.186  3.968 0.0000000000
73891  -41.409  -14.723  5.299 0.0000000000
73892  -41.903  -14.325  4.684 0.0000000000
73893  -43.511  -14.622  4.031 0.0000000000
73894  -44.321  -14.234  4.207 0.0000000000
73895  -45.005  -13.681  4.501 0.0000000000
73907  -38.759  -14.758  3.463 0.0000000000
73908  -39.235  -14.137  3.368 0.0000000000
73909  -42.393  -13.971  4.141 0.0000000000
73910  -43.211  -13.878  3.671 0.0000000000
73911  -43.912  -13.458  3.680 0.0000000000
73919  -39.038  -14.719  2.800 0.0000000000
73920  -39.616  -14.245  2.376 0.0000000000
73921  -40.205  -13.809  2.017 0.0000000000
73930  -40.098  -14.320  1.632 0.0000000000
74847  -39.009  -14.323  6.395 0.0000000000
74848  -39.499  -14.146  6.606 0.0000000000
74849  -40.165  -14.091  6.836 0.0000000000
74850  -45.416  -14.189  6.732 0.0000000000
74851  -45.896  -13.794  7.048 0.0000000000
74852  -46.830  -13.684  7.220 0.0000000000
74862  -39.131  -13.844  6.045 0.0000000000
74863  -39.704  -13.458  6.353 0.0000000000
74864  -40.901  -14.043  7.019 0.0000000000
74865  -41.417  -13.297  6.742 0.0000000000
74866  -45.458  -13.853  6.198 0.0000000000
74867  -46.007  -13.160  6.276 0.0000000000
74879  -38.713  -14.216  4.950 0.0000000000
74880  -38.989  -13.571  5.162 0.0000000000
74881  -41.311  -13.995  6.185 0.0000000000
74882  -41.823  -13.239  6.161 0.0000000000
74883  -45.583  -13.327  5.221 0.0000000000
74884  -46.158  -12.687  5.530 0.0000000000
74894  -38.855  -14.001  4.518 0.0000000000
74895  -39.226  -13.462  4.192 0.0000000000
74896  -41.649  -13.894  5.475 0.0000000000
74897  -42.028  -13.240  5.055 0.0000000000
74898  -44.572  -13.456  3.911 0.0000000000
74899  -45.189  -12.960  4.051 0.0000000000
74908  -39.733  -13.391  3.303 0.0000000000
74909  -40.237  -13.054  3.011 0.0000000000
74910  -42.475  -13.032  4.093 0.0000000000
74911  -43.192  -12.847  3.678 0.0000000000
74912  -44.120  -12.654  3.568 0.0000000000
74913  -44.762  -12.209  3.600 0.0000000000
74921  -40.098  -13.534  2.599 0.0000000000
74922  -40.749  -13.100  2.238 0.0000000000
75882  -40.002  -13.520  6.701 0.0000000000
75883  -40.459  -13.390  6.845 0.0000000000
75884  -46.549  -13.105  6.880 0.0000000000
75885  -47.472  -12.635  6.913 0.0000000000
75897  -39.476  -13.064  5.816 0.0000000000
75898  -40.055  -12.672  6.501 0.0000000000
75899  -41.011  -12.751  6.924 0.0000000000
75900  -41.848  -12.519  6.807 0.0000000000
75901  -46.736  -12.423  6.202 0.0000000000
75902  -47.462  -11.704  6.436 0.0000000000
75912  -39.342  -12.649  4.956 0.0000000000
75913  -39.637  -12.344  5.667 0.0000000000
75914  -42.253  -12.353  6.033 0.0000000000
75915  -45.934  -12.530  4.617 0.0000000000
75916  -46.528  -11.920  5.145 0.0000000000
75917  -46.991  -11.637  5.811 0.0000000000
75924  -39.708  -12.472  4.021 0.0000000000
75925  -40.048  -11.892  3.886 0.0000000000
75926  -42.516  -12.125  4.949 0.0000000000
75927  -42.750  -11.577  4.881 0.0000000000
75928  -45.472  -12.117  3.825 0.0000000000
75929  -46.109  -11.707  4.133 0.0000000000
75935  -40.032  -12.809  3.440 0.0000000000
75936  -40.460  -12.295  3.289 0.0000000000
75937  -42.744  -12.416  4.150 0.0000000000
75938  -43.112  -11.830  4.166 0.0000000000
75939  -44.007  -11.623  3.601 0.0000000000
75940  -44.825  -11.486  3.546 0.0000000000
75941  -45.498  -11.404  3.644 0.0000000000
76886  -40.694  -11.713  6.578 0.0000000000
76887  -41.498  -11.733  6.709 0.0000000000
76888  -42.236  -11.553  6.639 0.0000000000
76894  -39.555  -11.977  5.123 0.0000000000
76895  -39.945  -11.573  5.755 0.0000000000
76896  -42.635  -11.333  5.905 0.0000000000
76897  -42.773  -10.816  5.852 0.0000000000
76898  -46.943  -11.244  5.237 0.0000000000
76899  -47.464  -10.935  5.732 0.0000000000
76905  -39.542  -12.107  4.646 0.0000000000
76906  -39.915  -11.540  4.540 0.0000000000
76907  -42.709  -11.501  5.275 0.0000000000
76908  -42.895  -10.983  5.148 0.0000000000
76909  -46.623  -10.994  4.411 0.0000000000
76910  -47.162  -10.717  4.929 0.0000000000
76917  -40.461  -11.444  3.778 0.0000000000
76918  -43.489  -10.888  4.218 0.0000000000
76919  -44.150  -10.772  3.707 0.0000000000
76920  -44.956  -10.692  3.543 0.0000000000
76921  -45.864  -10.828  3.686 0.0000000000
76930  -41.064  -11.428  3.177 0.0000000000
77882  -41.187  -11.055  6.544 0.0000000000
77883  -41.850  -10.722  6.569 0.0000000000
77884  -42.570  -10.578  6.345 0.0000000000
77885  -42.699  -10.107  6.171 0.0000000000
77896  -40.674  -10.759  6.029 0.0000000000
77897  -41.274  -10.468  6.312 0.0000000000
77898  -42.699  -10.734  6.086 0.0000000000
77899  -42.850  -10.236  5.835 0.0000000000
77909  -40.326  -10.741  5.110 0.0000000000
77910  -43.418  -9.985  4.803 0.0000000000
77911  -43.838  -9.487  4.623 0.0000000000
77912  -47.004  -10.146  4.275 0.0000000000
77913  -47.597  -10.126  5.001 0.0000000000
77920  -40.747  -10.639  4.172 0.0000000000
77921  -41.190  -9.988  3.758 0.0000000000
77922  -43.747  -10.323  4.130 0.0000000000
77923  -44.203  -9.853  4.028 0.0000000000
77924  -45.219  -9.936  3.686 0.0000000000
77925  -46.187  -10.056  3.794 0.0000000000
77932  -40.921  -11.002  3.613 0.0000000000
77933  -41.331  -10.440  3.127 0.0000000000
78910  -42.357  -9.975  6.308 0.0000000000
78911  -42.706  -9.889  6.198 0.0000000000
78912  -42.901  -9.639  6.031 0.0000000000
78922  -41.097  -10.106  5.885 0.0000000000
78923  -41.663  -9.772  6.156 0.0000000000
78924  -43.401  -9.262  5.510 0.0000000000
78925  -43.736  -8.657  5.360 0.0000000000
78934  -40.790  -10.117  5.309 0.0000000000
78935  -41.199  -9.459  5.445 0.0000000000
78936  -43.660  -9.350  4.930 0.0000000000
78937  -44.207  -8.912  4.645 0.0000000000
78938  -45.017  -8.497  4.306 0.0000000000
78939  -47.287  -9.333  4.290 0.0000000000
78948  -40.692  -10.253  4.773 0.0000000000
78949  -41.120  -9.602  4.467 0.0000000000
78950  -44.734  -9.388  4.027 0.0000000000
78951  -45.444  -9.081  3.941 0.0000000000
78952  -46.485  -9.350  3.916 0.0000000000
78958  -41.595  -9.296  3.240 0.0000000000
78959  -42.011  -8.684  2.714 0.0000000000
78967  -41.733  -9.797  2.636 0.0000000000
79868  -42.643  -9.619  6.199 0.0000000000
79869  -42.851  -9.361  6.154 0.0000000000
79870  -43.168  -9.085  6.041 0.0000000000
79878  -42.446  -9.138  6.069 0.0000000000
79879  -42.973  -8.694  6.109 0.0000000000
79880  -43.475  -8.439  5.789 0.0000000000
79881  -44.050  -8.131  5.254 0.0000000000
79889  -41.754  -8.860  5.630 0.0000000000
79890  -44.742  -8.015  4.627 0.0000000000
79891  -45.856  -8.210  4.194 0.0000000000
79900  -41.448  -8.713  4.885 0.0000000000
79901  -46.105  -8.805  3.929 0.0000000000
79902  -46.629  -8.762  4.025 0.0000000000
79908  -41.611  -8.549  3.992 0.0000000000
79909  -41.939  -8.230  3.070 0.0000000000
80820  -42.712  -8.465  5.988 0.0000000000
80821  -42.989  -7.767  5.849 0.0000000000
80822  -43.721  -7.524  5.511 0.0000000000
80823  -44.390  -7.353  4.985 0.0000000000
80832  -42.360  -8.285  5.714 0.0000000000
80833  -42.468  -7.499  5.311 0.0000000000
80845  -41.950  -8.118  5.115 0.0000000000
80846  -42.216  -7.421  4.585 0.0000000000
80852  -41.824  -8.073  4.467 0.0000000000
80853  -42.080  -7.509  3.675 0.0000000000
81777  -42.857  -6.839  5.437 0.0000000000
81778  -43.408  -6.856  5.473 0.0000000000
81786  -42.582  -6.724  4.860 0.0000000000
