#!ascii label  , from subject bert vox2ras=TkReg
578
99873  -22.300  13.139  -18.725 0.0000000000
99874  -23.417  13.234  -18.590 0.0000000000
99875  -24.477  13.188  -18.364 0.0000000000
99876  -25.266  13.232  -18.205 0.0000000000
99877  -26.156  13.441  -18.217 0.0000000000
99878  -26.539  13.626  -17.895 0.0000000000
99889  -23.915  13.529  -19.271 0.0000000000
99890  -24.485  13.438  -19.078 0.0000000000
99891  -25.279  13.393  -18.820 0.0000000000
99892  -25.756  13.367  -18.604 0.0000000000
100671  -22.376  13.894  -19.413 0.0000000000
100672  -22.830  13.427  -19.108 0.0000000000
100673  -26.714  13.644  -18.704 0.0000000000
100674  -27.158  13.745  -18.300 0.0000000000
100675  -28.351  13.795  -18.060 0.0000000000
100686  -22.796  14.174  -19.664 0.0000000000
100687  -23.327  13.757  -19.522 0.0000000000
100688  -24.400  13.887  -19.781 0.0000000000
100689  -25.350  13.681  -19.496 0.0000000000
100690  -26.260  13.575  -19.112 0.0000000000
100691  -27.248  13.803  -19.137 0.0000000000
100692  -28.336  13.906  -19.242 0.0000000000
100703  -24.784  14.191  -20.279 0.0000000000
100704  -25.362  14.073  -20.134 0.0000000000
100705  -26.222  14.018  -19.899 0.0000000000
100706  -27.121  14.090  -19.697 0.0000000000
100707  -27.748  14.014  -19.619 0.0000000000
100770  -23.510  13.900  -28.106 0.0000000000
100771  -24.199  13.787  -27.593 0.0000000000
101489  -23.224  14.319  -19.987 0.0000000000
101490  -23.775  14.107  -19.935 0.0000000000
101491  -28.784  14.231  -19.828 0.0000000000
101492  -29.437  14.455  -19.473 0.0000000000
101504  -23.063  14.688  -20.525 0.0000000000
101505  -24.130  14.367  -20.508 0.0000000000
101506  -25.219  14.476  -20.664 0.0000000000
101507  -26.125  14.437  -20.525 0.0000000000
101508  -27.000  14.477  -20.284 0.0000000000
101509  -28.117  14.523  -20.185 0.0000000000
101510  -28.929  14.534  -19.986 0.0000000000
101519  -22.869  14.779  -21.179 0.0000000000
101520  -23.812  14.637  -21.243 0.0000000000
101521  -24.901  15.006  -21.294 0.0000000000
101522  -25.974  14.911  -21.131 0.0000000000
101523  -26.863  14.892  -20.867 0.0000000000
101524  -27.443  14.815  -20.577 0.0000000000
101534  -23.770  14.841  -21.960 0.0000000000
101535  -24.337  14.944  -21.680 0.0000000000
101542  -24.417  14.494  -23.139 0.0000000000
101549  -24.513  14.747  -24.189 0.0000000000
101556  -24.604  14.848  -25.127 0.0000000000
101565  -23.766  15.030  -26.880 0.0000000000
101566  -24.477  14.770  -26.229 0.0000000000
101575  -23.532  14.627  -27.605 0.0000000000
101576  -24.177  14.495  -27.083 0.0000000000
101592  -21.328  14.409  -29.447 0.0000000000
101593  -22.130  14.317  -29.063 0.0000000000
101594  -22.913  14.452  -28.343 0.0000000000
101607  -20.817  13.849  -29.911 0.0000000000
101608  -21.616  13.775  -29.554 0.0000000000
102288  -29.706  16.138  -18.635 0.0000000000
102301  -29.436  15.586  -19.230 0.0000000000
102310  -28.432  15.532  -20.577 0.0000000000
102311  -29.049  15.258  -20.027 0.0000000000
102317  -25.255  15.511  -21.668 0.0000000000
102318  -25.830  15.420  -21.622 0.0000000000
102319  -26.820  15.473  -21.577 0.0000000000
102320  -27.703  15.307  -21.020 0.0000000000
102326  -23.363  16.311  -22.553 0.0000000000
102327  -23.885  16.093  -22.205 0.0000000000
102328  -24.672  15.719  -21.873 0.0000000000
102329  -25.628  15.841  -21.987 0.0000000000
102330  -26.361  15.801  -22.045 0.0000000000
102337  -23.356  16.216  -23.221 0.0000000000
102338  -23.927  15.661  -22.743 0.0000000000
102345  -23.436  16.086  -24.141 0.0000000000
102346  -24.021  15.507  -23.657 0.0000000000
102352  -23.553  16.001  -25.105 0.0000000000
102353  -24.069  15.468  -24.613 0.0000000000
102360  -22.814  16.167  -26.991 0.0000000000
102361  -23.486  15.789  -26.236 0.0000000000
102362  -24.076  15.412  -25.471 0.0000000000
102366  -21.618  15.832  -28.240 0.0000000000
102367  -22.331  15.858  -27.689 0.0000000000
102368  -23.166  15.471  -27.246 0.0000000000
102380  -20.649  15.170  -29.522 0.0000000000
102381  -21.266  15.272  -29.029 0.0000000000
102382  -22.191  15.172  -28.389 0.0000000000
102383  -22.860  15.153  -27.890 0.0000000000
102399  -20.203  14.773  -30.124 0.0000000000
102400  -20.808  14.706  -29.584 0.0000000000
102411  -19.745  14.979  -30.963 0.0000000000
102421  -22.087  15.286  -31.911 0.0000000000
102422  -22.790  15.808  -31.767 0.0000000000
103097  -28.811  17.323  -18.451 0.0000000000
103098  -29.290  16.977  -18.275 0.0000000000
103107  -28.831  16.952  -19.189 0.0000000000
103108  -29.121  16.476  -18.816 0.0000000000
103113  -28.817  16.450  -20.185 0.0000000000
103114  -29.056  16.116  -19.484 0.0000000000
103117  -22.962  17.626  -21.732 0.0000000000
103118  -23.641  17.496  -21.733 0.0000000000
103119  -23.946  17.530  -21.723 0.0000000000
103120  -27.621  15.927  -21.688 0.0000000000
103121  -28.323  16.298  -21.303 0.0000000000
103124  -22.337  17.396  -22.289 0.0000000000
103125  -23.258  16.918  -22.066 0.0000000000
103126  -24.365  17.012  -22.110 0.0000000000
103127  -25.378  16.334  -22.393 0.0000000000
103128  -26.244  16.173  -22.461 0.0000000000
103129  -27.218  16.275  -22.414 0.0000000000
103130  -27.905  16.383  -21.985 0.0000000000
103134  -22.012  17.273  -23.262 0.0000000000
103135  -22.630  16.650  -22.725 0.0000000000
103136  -24.847  17.251  -22.870 0.0000000000
103137  -25.339  16.902  -22.885 0.0000000000
103138  -26.139  16.605  -22.915 0.0000000000
103139  -26.677  16.459  -22.792 0.0000000000
103143  -22.587  17.341  -24.245 0.0000000000
103144  -22.721  16.655  -23.680 0.0000000000
103146  -22.817  17.230  -25.311 0.0000000000
103147  -23.044  16.655  -24.645 0.0000000000
103150  -22.764  16.844  -26.359 0.0000000000
103151  -23.180  16.534  -25.534 0.0000000000
103155  -21.584  16.417  -27.780 0.0000000000
103156  -22.145  16.702  -27.236 0.0000000000
103161  -20.527  15.839  -29.380 0.0000000000
103162  -20.932  16.429  -28.411 0.0000000000
103174  -20.121  16.080  -30.181 0.0000000000
103187  -19.997  16.196  -31.160 0.0000000000
103188  -20.603  16.570  -31.549 0.0000000000
103189  -23.376  15.835  -31.564 0.0000000000
103190  -24.144  16.183  -31.503 0.0000000000
103191  -25.081  16.648  -31.873 0.0000000000
103198  -20.494  15.842  -31.705 0.0000000000
103199  -21.313  16.193  -31.875 0.0000000000
103200  -22.272  16.259  -31.947 0.0000000000
103201  -23.249  16.407  -32.041 0.0000000000
103202  -24.242  16.777  -32.275 0.0000000000
103203  -25.094  17.085  -32.532 0.0000000000
103781  -28.680  17.963  -18.202 0.0000000000
103782  -28.907  17.745  -17.948 0.0000000000
103783  -29.619  17.688  -18.205 0.0000000000
103791  -28.706  17.967  -18.789 0.0000000000
103792  -28.758  18.569  -19.015 0.0000000000
103799  -28.933  17.546  -19.729 0.0000000000
103800  -28.958  18.326  -19.485 0.0000000000
103803  -22.997  18.025  -21.770 0.0000000000
103804  -23.494  17.886  -21.637 0.0000000000
103805  -23.782  17.719  -21.593 0.0000000000
103806  -28.950  17.656  -20.911 0.0000000000
103807  -29.165  18.046  -20.081 0.0000000000
103810  -22.527  18.062  -22.172 0.0000000000
103811  -23.630  18.033  -21.792 0.0000000000
103812  -23.905  17.824  -21.970 0.0000000000
103813  -27.592  16.918  -22.867 0.0000000000
103814  -28.244  17.192  -22.329 0.0000000000
103818  -21.844  18.152  -22.890 0.0000000000
103819  -24.437  17.799  -23.111 0.0000000000
103820  -25.287  17.368  -23.478 0.0000000000
103821  -26.130  17.134  -23.478 0.0000000000
103822  -27.016  16.874  -23.283 0.0000000000
103823  -27.725  17.449  -23.285 0.0000000000
103827  -22.318  18.018  -23.939 0.0000000000
103828  -24.591  18.234  -23.927 0.0000000000
103829  -25.122  17.873  -24.080 0.0000000000
103830  -26.029  17.707  -24.153 0.0000000000
103831  -26.883  17.532  -23.990 0.0000000000
103832  -27.345  17.450  -23.684 0.0000000000
103834  -22.551  17.984  -25.052 0.0000000000
103836  -21.648  18.167  -26.758 0.0000000000
103837  -22.392  17.763  -26.086 0.0000000000
103840  -20.718  18.056  -28.109 0.0000000000
103841  -21.238  17.353  -27.529 0.0000000000
103842  -22.079  17.412  -26.852 0.0000000000
103847  -20.528  17.197  -29.112 0.0000000000
103848  -20.736  17.255  -28.249 0.0000000000
103859  -20.491  17.287  -30.377 0.0000000000
103860  -21.102  17.657  -30.526 0.0000000000
103861  -25.961  16.926  -31.356 0.0000000000
103870  -20.448  16.940  -31.176 0.0000000000
103871  -21.333  17.289  -31.333 0.0000000000
103872  -22.650  17.599  -31.460 0.0000000000
103873  -23.703  17.817  -31.577 0.0000000000
103874  -24.254  17.972  -31.690 0.0000000000
103875  -25.840  17.230  -32.148 0.0000000000
103876  -26.744  17.219  -31.997 0.0000000000
103877  -27.682  17.274  -31.786 0.0000000000
103885  -21.803  16.724  -31.883 0.0000000000
103886  -22.434  16.967  -31.915 0.0000000000
103887  -23.458  17.217  -31.993 0.0000000000
103888  -24.530  17.622  -32.086 0.0000000000
103889  -25.686  17.809  -32.399 0.0000000000
103890  -26.563  17.632  -32.569 0.0000000000
103891  -27.463  17.520  -32.584 0.0000000000
103892  -28.410  17.446  -32.441 0.0000000000
103900  -26.005  18.225  -32.516 0.0000000000
103901  -26.424  18.171  -32.722 0.0000000000
103902  -27.198  18.012  -33.139 0.0000000000
103903  -28.168  17.912  -33.014 0.0000000000
103904  -29.137  17.835  -32.831 0.0000000000
103905  -30.183  17.672  -32.674 0.0000000000
104518  -28.656  18.143  -18.033 0.0000000000
104519  -28.769  18.340  -18.111 0.0000000000
104520  -29.226  18.494  -18.005 0.0000000000
104521  -29.940  18.385  -18.316 0.0000000000
104527  -28.687  18.234  -18.263 0.0000000000
104528  -28.814  18.800  -18.587 0.0000000000
104529  -29.797  19.113  -18.295 0.0000000000
104537  -28.984  19.035  -19.349 0.0000000000
104542  -23.157  18.135  -21.871 0.0000000000
104543  -23.288  18.011  -21.730 0.0000000000
104544  -29.235  18.492  -21.143 0.0000000000
104545  -29.259  18.769  -20.394 0.0000000000
104549  -22.952  18.314  -22.171 0.0000000000
104550  -23.401  18.192  -22.003 0.0000000000
104551  -23.697  18.110  -22.010 0.0000000000
104552  -29.013  18.692  -21.994 0.0000000000
104553  -29.329  18.942  -21.225 0.0000000000
104558  -22.524  18.608  -22.826 0.0000000000
104559  -23.241  18.678  -22.791 0.0000000000
104560  -23.792  18.290  -22.565 0.0000000000
104561  -28.330  18.352  -23.285 0.0000000000
104565  -22.428  18.563  -23.734 0.0000000000
104566  -22.917  18.973  -23.857 0.0000000000
104567  -23.957  18.814  -23.959 0.0000000000
104568  -24.920  18.466  -24.559 0.0000000000
104569  -25.819  18.311  -24.695 0.0000000000
104570  -26.882  18.487  -24.704 0.0000000000
104571  -27.634  18.026  -24.041 0.0000000000
104574  -22.622  18.712  -24.973 0.0000000000
104575  -22.667  18.894  -24.329 0.0000000000
104576  -24.175  19.331  -24.828 0.0000000000
104577  -24.715  19.109  -25.013 0.0000000000
104578  -25.636  18.886  -25.216 0.0000000000
104579  -26.290  18.771  -25.062 0.0000000000
104582  -21.196  19.086  -26.643 0.0000000000
104583  -22.065  18.594  -25.968 0.0000000000
104586  -20.330  19.109  -27.677 0.0000000000
104587  -20.900  18.560  -27.286 0.0000000000
104588  -23.437  19.774  -29.106 0.0000000000
104589  -23.657  19.912  -29.087 0.0000000000
104593  -20.573  18.668  -28.758 0.0000000000
104594  -20.915  19.018  -29.118 0.0000000000
104595  -23.487  19.307  -29.393 0.0000000000
104596  -23.854  19.653  -29.189 0.0000000000
104603  -20.719  17.845  -29.489 0.0000000000
104604  -21.278  18.316  -29.820 0.0000000000
104605  -22.420  18.606  -30.129 0.0000000000
104606  -23.430  18.687  -30.101 0.0000000000
104607  -24.459  19.009  -29.724 0.0000000000
104608  -25.558  19.194  -29.980 0.0000000000
104609  -26.078  19.356  -30.177 0.0000000000
104613  -21.407  17.819  -30.619 0.0000000000
104614  -21.986  18.038  -30.778 0.0000000000
104615  -23.068  18.187  -30.887 0.0000000000
104616  -24.240  18.362  -31.103 0.0000000000
104617  -25.232  18.810  -30.879 0.0000000000
104618  -25.960  19.211  -30.781 0.0000000000
104623  -24.548  18.090  -31.773 0.0000000000
104624  -25.191  18.397  -31.955 0.0000000000
104625  -25.829  19.039  -31.656 0.0000000000
104630  -25.751  18.276  -32.374 0.0000000000
104631  -26.130  18.683  -32.389 0.0000000000
104632  -26.981  18.726  -32.854 0.0000000000
104633  -27.924  18.634  -32.995 0.0000000000
104634  -28.905  18.523  -32.955 0.0000000000
104635  -29.914  18.375  -33.010 0.0000000000
104636  -30.973  18.145  -32.802 0.0000000000
105230  -28.967  18.859  -18.229 0.0000000000
105231  -29.246  19.159  -18.265 0.0000000000
105235  -29.132  19.499  -18.561 0.0000000000
105236  -29.586  19.838  -18.572 0.0000000000
105245  -29.152  19.778  -19.132 0.0000000000
105252  -29.245  19.860  -19.990 0.0000000000
105256  -29.051  19.698  -22.252 0.0000000000
105257  -29.295  19.828  -21.318 0.0000000000
105263  -28.794  19.581  -23.119 0.0000000000
105267  -22.972  19.147  -24.371 0.0000000000
105268  -23.230  19.207  -24.382 0.0000000000
105269  -27.259  19.116  -24.949 0.0000000000
105270  -27.990  19.430  -24.527 0.0000000000
105273  -22.416  19.285  -25.496 0.0000000000
105274  -22.894  19.251  -24.988 0.0000000000
105275  -23.632  19.507  -24.999 0.0000000000
105276  -24.370  19.633  -25.506 0.0000000000
105277  -25.382  19.678  -25.804 0.0000000000
105278  -26.722  19.541  -25.398 0.0000000000
105279  -27.580  20.707  -25.255 0.0000000000
105282  -19.908  20.241  -26.563 0.0000000000
105283  -20.456  19.929  -26.496 0.0000000000
105284  -21.768  19.559  -26.095 0.0000000000
105285  -23.167  19.881  -25.637 0.0000000000
105286  -23.779  20.108  -25.948 0.0000000000
105287  -24.657  20.337  -26.165 0.0000000000
105288  -25.434  20.560  -26.213 0.0000000000
105291  -19.802  19.971  -27.024 0.0000000000
105292  -20.428  19.342  -26.974 0.0000000000
105293  -23.246  19.899  -29.015 0.0000000000
105294  -23.465  20.014  -29.021 0.0000000000
105297  -19.968  19.851  -28.056 0.0000000000
105298  -20.687  19.801  -28.753 0.0000000000
105299  -21.561  20.030  -28.925 0.0000000000
105300  -22.843  19.947  -28.973 0.0000000000
105301  -23.687  20.283  -28.967 0.0000000000
105302  -24.430  20.438  -28.907 0.0000000000
105308  -21.260  19.272  -29.196 0.0000000000
105309  -22.006  19.229  -29.468 0.0000000000
105310  -22.834  19.085  -29.555 0.0000000000
105311  -24.325  19.809  -29.122 0.0000000000
105312  -25.145  19.865  -29.133 0.0000000000
105313  -26.121  19.819  -29.610 0.0000000000
105314  -26.896  20.106  -29.867 0.0000000000
105315  -27.544  20.313  -30.075 0.0000000000
105321  -26.504  19.536  -30.410 0.0000000000
105322  -27.215  19.762  -30.658 0.0000000000
105323  -28.161  20.130  -30.666 0.0000000000
105324  -29.023  20.395  -31.003 0.0000000000
105329  -26.556  19.401  -31.394 0.0000000000
105330  -27.475  19.567  -31.568 0.0000000000
105331  -28.456  19.760  -31.687 0.0000000000
105332  -29.589  20.306  -31.733 0.0000000000
105333  -30.513  20.223  -32.210 0.0000000000
105334  -31.465  20.064  -32.220 0.0000000000
105335  -32.457  19.931  -32.033 0.0000000000
105338  -26.276  19.177  -32.024 0.0000000000
105339  -26.809  19.228  -32.239 0.0000000000
105340  -27.689  19.296  -32.471 0.0000000000
105341  -28.690  19.320  -32.540 0.0000000000
105342  -29.699  19.307  -32.642 0.0000000000
105343  -30.696  19.155  -32.673 0.0000000000
105344  -31.715  18.972  -32.541 0.0000000000
105929  -29.467  20.580  -18.924 0.0000000000
105930  -30.011  20.844  -18.734 0.0000000000
105936  -29.346  20.768  -19.612 0.0000000000
105944  -29.423  20.878  -20.592 0.0000000000
105947  -29.103  20.659  -22.563 0.0000000000
105948  -29.340  21.068  -21.609 0.0000000000
105953  -28.780  20.752  -23.825 0.0000000000
105959  -28.303  20.974  -24.683 0.0000000000
105961  -22.355  19.707  -25.784 0.0000000000
105962  -22.656  20.010  -25.811 0.0000000000
105963  -26.094  20.364  -26.013 0.0000000000
105964  -26.721  20.989  -25.782 0.0000000000
105966  -20.060  20.812  -26.585 0.0000000000
105967  -21.050  20.489  -26.550 0.0000000000
105968  -21.990  20.571  -26.231 0.0000000000
105969  -22.991  20.737  -26.241 0.0000000000
105970  -24.000  21.040  -26.501 0.0000000000
105971  -24.988  21.254  -26.422 0.0000000000
105972  -25.975  21.252  -26.326 0.0000000000
105973  -26.500  21.593  -26.091 0.0000000000
105976  -19.889  20.811  -27.504 0.0000000000
105980  -20.270  20.728  -28.255 0.0000000000
105981  -20.898  20.830  -28.673 0.0000000000
105982  -21.845  21.069  -28.742 0.0000000000
105983  -22.947  21.216  -28.726 0.0000000000
105984  -23.971  21.238  -28.735 0.0000000000
105985  -24.983  21.082  -28.834 0.0000000000
105986  -25.764  21.340  -29.059 0.0000000000
105990  -25.706  20.577  -29.170 0.0000000000
105991  -26.429  20.875  -29.380 0.0000000000
105992  -27.201  20.910  -29.639 0.0000000000
105993  -27.992  21.046  -29.908 0.0000000000
105998  -28.787  21.168  -30.422 0.0000000000
105999  -29.463  21.307  -31.001 0.0000000000
106002  -29.889  21.574  -31.467 0.0000000000
106003  -30.439  21.335  -31.715 0.0000000000
106004  -31.260  21.126  -31.766 0.0000000000
106005  -32.145  20.945  -31.691 0.0000000000
106006  -33.055  20.877  -31.347 0.0000000000
106565  -29.560  21.612  -19.344 0.0000000000
106566  -29.784  21.655  -18.912 0.0000000000
106567  -30.391  21.837  -19.017 0.0000000000
106572  -29.483  21.785  -20.129 0.0000000000
106581  -29.482  21.926  -21.205 0.0000000000
106584  -29.172  21.622  -23.381 0.0000000000
106585  -29.389  21.991  -22.472 0.0000000000
106589  -28.697  22.350  -24.352 0.0000000000
106590  -29.239  22.426  -23.468 0.0000000000
106596  -20.376  21.499  -27.232 0.0000000000
106597  -21.199  21.602  -26.775 0.0000000000
106598  -22.249  21.675  -26.540 0.0000000000
106599  -23.277  21.895  -26.585 0.0000000000
106600  -24.384  22.105  -26.673 0.0000000000
106601  -25.477  22.132  -26.636 0.0000000000
106602  -26.309  22.043  -26.359 0.0000000000
106603  -26.640  21.953  -26.096 0.0000000000
106604  -20.399  21.471  -27.919 0.0000000000
106605  -21.204  22.103  -27.591 0.0000000000
106606  -21.781  22.632  -27.746 0.0000000000
106607  -29.774  22.163  -27.741 0.0000000000
106608  -30.413  21.444  -28.128 0.0000000000
106609  -20.576  21.236  -28.333 0.0000000000
106610  -21.032  21.680  -28.404 0.0000000000
106611  -22.086  22.295  -28.341 0.0000000000
106612  -23.397  22.206  -28.457 0.0000000000
106613  -24.413  22.114  -28.614 0.0000000000
106614  -25.323  22.086  -28.800 0.0000000000
106615  -26.377  22.077  -29.106 0.0000000000
106616  -26.977  22.616  -29.294 0.0000000000
106617  -30.041  22.654  -28.738 0.0000000000
106618  -30.804  21.813  -28.943 0.0000000000
106619  -31.538  21.294  -29.140 0.0000000000
106620  -26.836  21.430  -29.421 0.0000000000
106621  -27.327  21.898  -29.571 0.0000000000
106622  -28.272  22.255  -30.130 0.0000000000
106623  -31.360  22.178  -29.448 0.0000000000
106624  -31.911  21.735  -29.561 0.0000000000
106625  -32.918  21.664  -30.177 0.0000000000
106627  -29.076  22.204  -30.630 0.0000000000
106628  -29.592  22.395  -31.202 0.0000000000
106629  -32.860  21.893  -30.853 0.0000000000
106630  -33.327  21.383  -30.774 0.0000000000
106631  -30.238  22.458  -31.505 0.0000000000
106632  -31.061  22.285  -31.519 0.0000000000
106633  -31.902  21.935  -31.403 0.0000000000
106634  -32.615  21.624  -31.272 0.0000000000
106635  -33.042  21.514  -31.103 0.0000000000
107152  -29.758  22.138  -19.219 0.0000000000
107153  -30.025  22.613  -19.161 0.0000000000
107154  -30.671  22.744  -19.417 0.0000000000
107159  -29.708  22.647  -19.696 0.0000000000
107160  -29.923  23.037  -19.435 0.0000000000
107169  -29.586  22.773  -20.727 0.0000000000
107174  -29.526  23.000  -21.913 0.0000000000
107178  -29.094  22.912  -23.799 0.0000000000
107179  -29.262  23.213  -23.174 0.0000000000
107180  -31.233  22.710  -23.995 0.0000000000
107184  -28.722  23.529  -23.993 0.0000000000
107185  -21.427  22.076  -26.881 0.0000000000
107186  -21.720  22.263  -26.811 0.0000000000
107187  -22.540  22.603  -26.748 0.0000000000
107188  -23.652  22.877  -26.896 0.0000000000
107189  -25.017  23.118  -27.104 0.0000000000
107190  -26.182  22.906  -26.630 0.0000000000
107191  -26.904  22.416  -26.054 0.0000000000
107192  -21.398  22.275  -27.029 0.0000000000
107193  -21.885  22.711  -27.248 0.0000000000
107194  -22.813  23.236  -27.291 0.0000000000
107195  -24.078  23.418  -27.622 0.0000000000
107196  -24.877  23.553  -27.534 0.0000000000
107197  -29.492  23.698  -26.210 0.0000000000
107198  -22.280  22.869  -27.723 0.0000000000
107199  -23.043  23.045  -28.045 0.0000000000
107200  -24.077  23.005  -28.284 0.0000000000
107201  -24.813  22.856  -28.530 0.0000000000
107202  -25.649  22.912  -28.604 0.0000000000
107203  -26.674  23.434  -28.861 0.0000000000
107204  -30.530  22.945  -29.383 0.0000000000
107205  -27.583  23.003  -29.549 0.0000000000
107206  -31.096  22.497  -29.447 0.0000000000
107207  -31.613  22.608  -29.700 0.0000000000
107208  -32.265  22.393  -29.985 0.0000000000
107209  -29.114  23.182  -30.844 0.0000000000
107210  -31.812  22.957  -30.226 0.0000000000
107211  -32.352  22.407  -30.577 0.0000000000
107212  -29.766  23.434  -31.232 0.0000000000
107213  -30.601  23.427  -31.272 0.0000000000
107214  -31.698  23.113  -31.010 0.0000000000
107215  -32.387  22.288  -31.086 0.0000000000
107694  -30.036  23.251  -19.397 0.0000000000
107695  -30.295  23.199  -19.487 0.0000000000
107700  -29.744  23.428  -20.411 0.0000000000
107701  -30.108  23.562  -19.902 0.0000000000
107702  -30.899  23.770  -19.962 0.0000000000
107710  -29.592  23.797  -21.326 0.0000000000
107715  -29.223  24.231  -22.652 0.0000000000
107720  -31.124  23.647  -24.242 0.0000000000
107721  -31.788  23.606  -23.817 0.0000000000
107726  -31.562  24.250  -24.140 0.0000000000
107727  -25.478  23.676  -27.512 0.0000000000
107728  -26.194  23.843  -27.095 0.0000000000
107729  -27.128  23.720  -26.261 0.0000000000
107730  -24.511  23.478  -28.137 0.0000000000
107731  -25.088  23.736  -27.899 0.0000000000
107732  -26.352  24.041  -27.830 0.0000000000
107733  -27.125  24.884  -28.815 0.0000000000
107734  -24.575  23.250  -28.324 0.0000000000
107735  -25.021  23.383  -28.337 0.0000000000
107736  -25.739  23.508  -28.255 0.0000000000
107737  -31.151  22.857  -29.595 0.0000000000
107738  -29.101  24.322  -30.787 0.0000000000
107739  -30.405  23.918  -29.607 0.0000000000
107740  -31.211  23.223  -29.777 0.0000000000
107741  -29.896  24.374  -30.876 0.0000000000
107742  -30.549  24.182  -30.415 0.0000000000
107743  -31.205  23.544  -30.244 0.0000000000
108246  -29.852  24.316  -20.743 0.0000000000
108247  -30.452  24.943  -20.515 0.0000000000
108248  -31.550  24.995  -20.441 0.0000000000
108255  -29.663  24.994  -21.755 0.0000000000
108256  -29.926  25.077  -21.004 0.0000000000
108261  -29.098  25.361  -22.965 0.0000000000
108265  -32.188  24.387  -23.892 0.0000000000
108270  -31.837  24.777  -24.176 0.0000000000
108271  -32.297  24.915  -23.990 0.0000000000
108272  -26.746  24.599  -26.857 0.0000000000
108273  -26.437  24.601  -27.297 0.0000000000
108274  -26.969  25.470  -27.491 0.0000000000
108275  -29.310  25.184  -30.483 0.0000000000
108276  -29.758  25.012  -30.200 0.0000000000
108849  -30.481  25.658  -20.795 0.0000000000
108850  -31.040  25.994  -20.770 0.0000000000
108857  -29.785  25.558  -21.790 0.0000000000
108858  -30.130  25.894  -21.422 0.0000000000
108859  -30.935  26.698  -21.560 0.0000000000
108863  -29.630  25.784  -22.315 0.0000000000
108864  -29.952  26.468  -22.573 0.0000000000
108868  -32.795  25.681  -23.656 0.0000000000
108872  -30.949  24.708  -24.635 0.0000000000
108873  -32.123  25.506  -24.079 0.0000000000
108874  -28.000  26.229  -26.100 0.0000000000
108875  -27.957  26.806  -28.007 0.0000000000
108876  -28.356  27.191  -28.566 0.0000000000
108877  -28.226  26.820  -29.044 0.0000000000
109482  -31.866  26.783  -21.407 0.0000000000
109489  -30.539  26.903  -22.316 0.0000000000
109490  -31.335  27.344  -22.349 0.0000000000
109491  -32.537  27.216  -22.190 0.0000000000
109497  -29.317  26.301  -23.547 0.0000000000
109498  -30.271  27.188  -23.365 0.0000000000
109499  -30.775  27.393  -22.807 0.0000000000
109500  -32.701  26.960  -22.913 0.0000000000
109504  -29.748  26.850  -24.657 0.0000000000
109505  -31.798  26.717  -24.140 0.0000000000
109506  -32.565  26.364  -23.568 0.0000000000
109509  -31.388  26.112  -24.490 0.0000000000
109510  -32.005  26.247  -24.121 0.0000000000
109511  -28.448  27.326  -28.272 0.0000000000
109512  -28.759  27.421  -28.769 0.0000000000
110088  -31.367  27.557  -22.807 0.0000000000
110089  -31.663  27.505  -22.773 0.0000000000
110090  -30.612  27.519  -23.606 0.0000000000
110091  -31.094  27.587  -23.272 0.0000000000
110092  -31.967  27.465  -23.202 0.0000000000
110093  -30.553  27.335  -24.165 0.0000000000
110094  -31.375  27.281  -24.208 0.0000000000
110095  -32.103  27.055  -23.633 0.0000000000
110096  -30.354  26.276  -25.423 0.0000000000
110097  -31.187  26.691  -24.541 0.0000000000
132957  -28.671  24.098  -23.717 0.0000000000
132958  -28.028  21.693  -25.135 0.0000000000
132960  -28.464  24.034  -24.149 0.0000000000
132961  -29.229  26.706  -26.367 0.0000000000
132965  -26.819  21.739  -25.901 0.0000000000
132966  -30.372  22.862  -24.770 0.0000000000
132967  -27.342  21.714  -25.615 0.0000000000
132968  -29.250  27.100  -27.578 0.0000000000
132969  -28.812  25.365  -23.410 0.0000000000
132970  -28.569  25.063  -23.737 0.0000000000
132971  -29.555  26.348  -26.710 0.0000000000
132972  -27.818  22.732  -25.465 0.0000000000
132973  -28.272  25.367  -24.474 0.0000000000
132974  -28.268  24.975  -24.314 0.0000000000
132975  -28.832  25.631  -23.544 0.0000000000
132976  -28.577  25.908  -24.146 0.0000000000
132977  -27.308  24.978  -26.260 0.0000000000
132978  -28.105  25.576  -25.055 0.0000000000
132979  -28.165  24.423  -24.821 0.0000000000
132980  -29.417  26.613  -27.532 0.0000000000
132981  -29.560  25.546  -27.420 0.0000000000
132982  -28.770  26.551  -24.928 0.0000000000
132983  -28.274  26.021  -24.913 0.0000000000
132984  -29.471  26.178  -28.232 0.0000000000
132985  -29.805  23.835  -28.494 0.0000000000
132986  -28.716  27.408  -27.623 0.0000000000
132987  -29.306  26.845  -28.638 0.0000000000
132988  -27.634  24.132  -29.472 0.0000000000
132989  -27.491  26.104  -28.804 0.0000000000
132990  -29.961  24.349  -29.176 0.0000000000
132991  -29.759  25.163  -29.169 0.0000000000
132992  -29.297  25.929  -29.766 0.0000000000
132993  -29.117  27.250  -29.046 0.0000000000
132994  -28.894  26.844  -29.415 0.0000000000
132995  -28.717  22.838  -30.499 0.0000000000
132996  -28.298  25.487  -29.887 0.0000000000
132997  -28.362  23.647  -30.257 0.0000000000
