#!ascii label  , from subject bert vox2ras=TkReg
1030
39048  47.915  -49.820  7.122 0.0000000000
39049  47.367  -49.663  7.373 0.0000000000
39065  53.721  -49.286  6.302 0.0000000000
39066  52.444  -49.361  6.248 0.0000000000
39067  51.331  -49.546  6.385 0.0000000000
39068  50.305  -49.525  6.395 0.0000000000
39069  49.321  -49.475  6.527 0.0000000000
39070  48.324  -49.571  6.817 0.0000000000
39071  47.736  -49.483  6.998 0.0000000000
39083  53.249  -48.780  5.977 0.0000000000
39084  52.976  -49.019  5.990 0.0000000000
39933  45.991  -48.364  10.631 0.0000000000
39935  45.789  -48.667  9.864 0.0000000000
39939  46.074  -49.252  8.267 0.0000000000
39940  45.808  -48.899  8.737 0.0000000000
39948  47.058  -49.157  7.283 0.0000000000
39949  46.425  -48.989  7.679 0.0000000000
39950  45.718  -48.174  8.022 0.0000000000
39962  52.237  -48.891  6.112 0.0000000000
39963  51.771  -48.855  6.140 0.0000000000
39964  50.804  -48.809  6.119 0.0000000000
39965  49.785  -48.758  6.136 0.0000000000
39966  48.681  -48.640  6.293 0.0000000000
39967  47.429  -48.796  6.846 0.0000000000
39968  46.631  -48.075  7.096 0.0000000000
39976  53.785  -48.284  5.996 0.0000000000
39977  52.533  -48.476  5.878 0.0000000000
39978  51.368  -48.142  5.833 0.0000000000
39979  50.322  -48.039  5.822 0.0000000000
39980  49.318  -47.993  5.845 0.0000000000
39981  48.667  -47.937  5.975 0.0000000000
40758  55.086  -47.583  12.228 0.0000000000
40759  53.534  -47.769  12.200 0.0000000000
40760  52.214  -47.753  12.165 0.0000000000
40761  51.026  -47.598  12.178 0.0000000000
40762  49.942  -47.436  12.259 0.0000000000
40769  54.926  -46.802  11.880 0.0000000000
40770  54.125  -46.948  11.783 0.0000000000
40771  52.916  -46.973  11.757 0.0000000000
40772  51.734  -46.986  11.638 0.0000000000
40773  50.636  -46.883  11.731 0.0000000000
40774  49.606  -46.830  11.779 0.0000000000
40775  48.615  -46.885  11.735 0.0000000000
40779  46.118  -47.601  10.943 0.0000000000
40780  45.510  -47.597  10.315 0.0000000000
40781  44.948  -47.141  10.245 0.0000000000
40784  45.378  -47.951  9.373 0.0000000000
40785  44.940  -47.351  9.684 0.0000000000
40789  45.250  -47.624  8.515 0.0000000000
40790  45.011  -47.476  9.116 0.0000000000
40795  45.962  -47.613  7.485 0.0000000000
40796  45.495  -47.575  7.927 0.0000000000
40807  48.039  -47.831  6.229 0.0000000000
40808  47.061  -47.450  6.620 0.0000000000
40809  46.446  -47.460  7.052 0.0000000000
40821  53.158  -47.406  5.674 0.0000000000
40822  51.987  -47.365  5.638 0.0000000000
40823  50.885  -47.259  5.630 0.0000000000
40824  49.823  -47.204  5.655 0.0000000000
40825  48.739  -47.212  5.831 0.0000000000
40826  47.809  -46.893  6.100 0.0000000000
41623  56.307  -47.145  12.189 0.0000000000
41629  56.714  -46.478  11.971 0.0000000000
41630  55.738  -46.471  11.869 0.0000000000
41631  54.674  -46.183  11.663 0.0000000000
41632  53.557  -46.153  11.511 0.0000000000
41633  52.398  -46.166  11.401 0.0000000000
41634  51.299  -46.155  11.402 0.0000000000
41635  50.272  -46.118  11.490 0.0000000000
41636  49.274  -46.141  11.471 0.0000000000
41637  48.271  -46.221  11.556 0.0000000000
41638  47.166  -46.428  11.495 0.0000000000
41639  46.267  -46.257  11.413 0.0000000000
41640  45.512  -46.214  11.335 0.0000000000
41642  46.430  -46.963  11.211 0.0000000000
41643  45.794  -46.923  11.024 0.0000000000
41644  45.002  -46.653  10.784 0.0000000000
41648  44.547  -46.728  10.031 0.0000000000
41651  44.985  -47.117  8.375 0.0000000000
41652  44.675  -46.815  8.901 0.0000000000
41654  45.757  -47.054  7.414 0.0000000000
41655  45.209  -46.822  7.791 0.0000000000
41656  44.637  -46.256  8.318 0.0000000000
41664  47.153  -46.317  6.354 0.0000000000
41665  46.149  -46.712  7.007 0.0000000000
41666  45.554  -46.274  7.249 0.0000000000
41678  53.766  -46.454  5.645 0.0000000000
41679  52.607  -46.459  5.541 0.0000000000
41680  51.490  -46.418  5.514 0.0000000000
41681  50.410  -46.363  5.533 0.0000000000
41682  49.348  -46.321  5.670 0.0000000000
41683  48.339  -46.268  5.882 0.0000000000
41684  47.721  -46.246  6.081 0.0000000000
42549  55.845  -45.378  13.402 0.0000000000
42550  54.637  -45.283  13.359 0.0000000000
42551  53.339  -45.245  13.326 0.0000000000
42563  57.349  -45.769  12.556 0.0000000000
42564  57.117  -46.035  12.089 0.0000000000
42571  57.123  -45.346  12.098 0.0000000000
42572  56.543  -45.563  11.790 0.0000000000
42573  55.413  -45.402  11.583 0.0000000000
42574  54.239  -45.305  11.348 0.0000000000
42575  53.039  -45.264  11.301 0.0000000000
42576  51.915  -45.307  11.203 0.0000000000
42577  50.904  -45.319  11.294 0.0000000000
42578  49.934  -45.281  11.387 0.0000000000
42579  48.927  -45.311  11.373 0.0000000000
42580  47.899  -45.395  11.609 0.0000000000
42581  46.853  -45.420  11.628 0.0000000000
42582  45.837  -45.400  11.652 0.0000000000
42583  44.793  -45.552  11.467 0.0000000000
42584  43.950  -45.234  11.159 0.0000000000
42591  44.275  -45.963  10.640 0.0000000000
42592  43.614  -45.327  10.420 0.0000000000
42599  44.076  -45.978  9.711 0.0000000000
42600  43.541  -45.232  9.524 0.0000000000
42604  44.095  -45.604  8.691 0.0000000000
42605  43.570  -44.997  8.926 0.0000000000
42607  45.161  -45.792  7.334 0.0000000000
42608  44.644  -45.749  7.901 0.0000000000
42612  47.144  -45.806  6.290 0.0000000000
42613  46.661  -45.596  6.443 0.0000000000
42614  45.756  -45.746  6.912 0.0000000000
42626  54.418  -45.533  5.627 0.0000000000
42627  53.255  -45.559  5.498 0.0000000000
42628  52.133  -45.551  5.455 0.0000000000
42629  51.046  -45.514  5.455 0.0000000000
42630  49.969  -45.468  5.502 0.0000000000
42631  48.874  -45.434  5.692 0.0000000000
42632  47.621  -45.522  6.024 0.0000000000
42633  47.070  -45.079  6.173 0.0000000000
43556  57.192  -44.942  13.130 0.0000000000
43557  56.461  -44.457  13.371 0.0000000000
43558  55.372  -44.286  13.480 0.0000000000
43559  54.136  -44.236  13.552 0.0000000000
43560  52.879  -44.208  13.407 0.0000000000
43561  51.655  -44.194  13.465 0.0000000000
43567  57.436  -45.355  12.860 0.0000000000
43568  57.246  -44.732  12.466 0.0000000000
43569  44.924  -43.993  12.142 0.0000000000
43570  44.699  -44.013  12.035 0.0000000000
43573  56.917  -44.560  11.854 0.0000000000
43574  56.087  -44.484  11.595 0.0000000000
43575  54.968  -44.390  11.337 0.0000000000
43576  53.738  -44.346  11.167 0.0000000000
43577  52.473  -44.317  11.001 0.0000000000
43578  51.445  -44.545  10.999 0.0000000000
43579  50.572  -44.503  11.131 0.0000000000
43580  49.625  -44.310  11.208 0.0000000000
43581  48.531  -44.400  11.441 0.0000000000
43582  47.472  -44.459  11.685 0.0000000000
43583  46.398  -44.464  11.825 0.0000000000
43584  45.224  -44.335  12.039 0.0000000000
43585  44.239  -44.444  11.705 0.0000000000
43586  43.333  -44.467  11.054 0.0000000000
43587  42.842  -43.996  10.504 0.0000000000
43590  51.768  -43.920  10.731 0.0000000000
43591  51.102  -43.893  10.766 0.0000000000
43592  50.394  -43.756  10.918 0.0000000000
43593  49.850  -43.518  11.034 0.0000000000
43594  43.123  -44.642  10.119 0.0000000000
43595  42.712  -43.976  9.784 0.0000000000
43598  43.193  -44.560  9.260 0.0000000000
43599  42.800  -43.902  8.929 0.0000000000
43604  44.236  -45.169  8.034 0.0000000000
43605  43.579  -44.512  8.248 0.0000000000
43606  42.963  -43.663  8.276 0.0000000000
43611  45.316  -45.289  6.995 0.0000000000
43612  44.641  -44.805  7.282 0.0000000000
43613  43.871  -44.001  7.373 0.0000000000
43619  46.650  -44.821  6.195 0.0000000000
43620  45.774  -44.780  6.513 0.0000000000
43621  45.086  -44.039  6.560 0.0000000000
43627  55.089  -44.564  5.692 0.0000000000
43628  53.946  -44.658  5.468 0.0000000000
43629  52.834  -44.697  5.331 0.0000000000
43630  51.743  -44.671  5.344 0.0000000000
43631  50.667  -44.623  5.341 0.0000000000
43632  49.574  -44.550  5.381 0.0000000000
43633  48.426  -44.503  5.532 0.0000000000
43634  47.298  -44.432  5.809 0.0000000000
44506  56.941  -43.534  12.812 0.0000000000
44507  56.011  -43.264  13.373 0.0000000000
44508  54.883  -43.208  13.635 0.0000000000
44509  53.678  -43.196  13.599 0.0000000000
44510  52.475  -43.202  13.456 0.0000000000
44511  51.298  -43.217  13.424 0.0000000000
44512  50.204  -43.221  13.489 0.0000000000
44518  57.052  -43.703  12.095 0.0000000000
44519  44.898  -43.593  12.113 0.0000000000
44520  44.406  -43.622  11.887 0.0000000000
44524  56.614  -43.607  11.685 0.0000000000
44525  55.679  -43.434  11.474 0.0000000000
44526  54.476  -43.379  11.251 0.0000000000
44527  53.225  -43.401  11.049 0.0000000000
44528  52.269  -43.423  10.727 0.0000000000
44529  49.111  -43.395  11.176 0.0000000000
44530  48.031  -43.487  11.531 0.0000000000
44531  46.970  -43.536  11.734 0.0000000000
44532  45.957  -43.564  11.946 0.0000000000
44533  45.354  -43.580  12.089 0.0000000000
44534  43.724  -43.582  11.554 0.0000000000
44535  42.931  -43.447  11.051 0.0000000000
44536  42.449  -43.279  10.317 0.0000000000
44541  51.597  -43.352  10.594 0.0000000000
44542  50.929  -43.219  10.631 0.0000000000
44543  50.284  -43.121  10.806 0.0000000000
44544  49.772  -43.033  10.989 0.0000000000
44545  42.261  -43.263  9.449 0.0000000000
44549  42.428  -43.209  8.608 0.0000000000
44552  43.303  -43.584  7.692 0.0000000000
44553  42.721  -43.090  7.892 0.0000000000
44558  44.388  -43.726  6.822 0.0000000000
44559  43.656  -43.213  7.001 0.0000000000
44560  43.089  -42.979  7.385 0.0000000000
44565  46.461  -44.213  5.966 0.0000000000
44566  45.820  -43.578  6.028 0.0000000000
44567  44.975  -43.192  6.377 0.0000000000
44568  44.280  -42.970  6.555 0.0000000000
44576  55.760  -43.456  5.870 0.0000000000
44577  54.628  -43.753  5.500 0.0000000000
44578  53.594  -43.839  5.251 0.0000000000
44579  52.521  -43.851  5.112 0.0000000000
44580  51.436  -43.823  5.050 0.0000000000
44581  50.361  -43.750  5.000 0.0000000000
44582  49.216  -43.547  4.961 0.0000000000
44583  48.035  -43.498  5.272 0.0000000000
44584  46.899  -43.326  5.531 0.0000000000
44585  46.209  -42.770  5.604 0.0000000000
44592  55.051  -42.992  5.602 0.0000000000
44593  54.343  -43.029  5.313 0.0000000000
44594  53.405  -42.984  5.025 0.0000000000
44595  52.294  -42.996  4.785 0.0000000000
44596  51.207  -42.982  4.638 0.0000000000
44597  50.188  -42.878  4.605 0.0000000000
44598  49.439  -42.663  4.611 0.0000000000
45496  49.242  -41.786  13.978 0.0000000000
45505  56.795  -42.633  12.498 0.0000000000
45506  56.356  -42.166  12.849 0.0000000000
45507  55.469  -42.209  13.432 0.0000000000
45508  54.417  -42.194  13.689 0.0000000000
45509  53.273  -42.206  13.660 0.0000000000
45510  52.093  -42.250  13.557 0.0000000000
45511  50.905  -42.306  13.512 0.0000000000
45512  49.789  -42.430  13.630 0.0000000000
45520  56.920  -42.887  12.171 0.0000000000
45521  56.682  -42.135  12.210 0.0000000000
45522  44.779  -43.117  12.041 0.0000000000
45523  44.601  -43.283  11.985 0.0000000000
45532  56.868  -43.136  11.868 0.0000000000
45533  56.398  -42.528  11.707 0.0000000000
45534  55.216  -42.373  11.384 0.0000000000
45535  53.911  -42.418  11.263 0.0000000000
45536  52.527  -42.549  10.946 0.0000000000
45537  51.946  -42.296  10.902 0.0000000000
45538  50.225  -42.177  11.002 0.0000000000
45539  49.511  -42.436  11.138 0.0000000000
45540  48.504  -42.530  11.370 0.0000000000
45541  47.466  -42.588  11.587 0.0000000000
45542  46.413  -42.651  11.764 0.0000000000
45543  45.311  -42.833  11.994 0.0000000000
45544  44.344  -42.809  11.844 0.0000000000
45545  43.355  -42.622  11.438 0.0000000000
45546  42.504  -42.500  10.916 0.0000000000
45556  52.004  -42.975  10.588 0.0000000000
45557  51.592  -42.649  10.692 0.0000000000
45558  50.752  -42.512  10.764 0.0000000000
45559  50.108  -42.666  10.923 0.0000000000
45560  41.778  -42.324  10.016 0.0000000000
45561  41.337  -41.670  9.736 0.0000000000
45571  41.842  -42.622  8.968 0.0000000000
45572  41.325  -41.936  9.201 0.0000000000
45583  42.188  -42.570  8.169 0.0000000000
45584  41.591  -42.067  8.382 0.0000000000
45595  43.244  -42.602  7.021 0.0000000000
45596  42.606  -42.349  7.364 0.0000000000
45597  41.965  -42.069  7.770 0.0000000000
45599  45.539  -42.607  5.933 0.0000000000
45600  44.737  -42.259  6.220 0.0000000000
45601  43.790  -42.368  6.568 0.0000000000
45602  43.140  -42.081  6.818 0.0000000000
45610  55.632  -42.233  5.766 0.0000000000
45611  55.280  -41.566  5.649 0.0000000000
45612  48.667  -42.714  4.784 0.0000000000
45613  47.784  -42.410  5.023 0.0000000000
45614  46.846  -42.260  5.244 0.0000000000
45615  46.110  -42.001  5.522 0.0000000000
45616  45.444  -41.842  5.805 0.0000000000
45623  54.874  -42.560  5.522 0.0000000000
45624  54.469  -42.039  5.363 0.0000000000
45625  53.199  -42.050  4.862 0.0000000000
45626  52.067  -42.075  4.569 0.0000000000
45627  50.996  -42.065  4.439 0.0000000000
45628  50.035  -42.031  4.433 0.0000000000
45629  49.200  -42.017  4.521 0.0000000000
45630  48.520  -41.988  4.678 0.0000000000
46579  49.750  -41.378  17.471 0.0000000000
46580  49.099  -41.666  17.268 0.0000000000
46587  48.960  -41.326  16.652 0.0000000000
46588  48.465  -41.499  16.423 0.0000000000
46596  48.453  -41.319  15.575 0.0000000000
46604  49.639  -40.993  14.135 0.0000000000
46605  48.809  -41.241  14.699 0.0000000000
46611  56.088  -41.347  12.692 0.0000000000
46612  55.757  -41.407  13.071 0.0000000000
46613  55.000  -41.330  13.409 0.0000000000
46614  54.029  -41.245  13.598 0.0000000000
46615  52.921  -41.253  13.697 0.0000000000
46616  51.711  -41.353  13.708 0.0000000000
46617  50.404  -41.407  13.742 0.0000000000
46622  56.271  -41.351  12.256 0.0000000000
46623  56.048  -40.954  11.973 0.0000000000
46627  56.415  -41.760  11.898 0.0000000000
46628  55.848  -41.390  11.682 0.0000000000
46629  54.627  -41.410  11.513 0.0000000000
46630  53.310  -41.526  11.400 0.0000000000
46631  51.996  -41.757  11.183 0.0000000000
46632  50.892  -41.669  11.103 0.0000000000
46633  49.913  -41.578  11.278 0.0000000000
46634  48.952  -41.607  11.388 0.0000000000
46635  47.943  -41.640  11.565 0.0000000000
46636  46.899  -41.671  11.633 0.0000000000
46637  45.854  -41.729  11.734 0.0000000000
46638  44.844  -41.760  11.787 0.0000000000
46639  43.874  -41.721  11.640 0.0000000000
46640  42.955  -41.631  11.340 0.0000000000
46643  51.707  -42.222  10.897 0.0000000000
46644  51.377  -42.158  10.880 0.0000000000
46645  42.156  -41.487  10.804 0.0000000000
46646  41.486  -41.250  10.202 0.0000000000
46648  40.902  -41.079  9.451 0.0000000000
46649  40.647  -40.540  9.118 0.0000000000
46651  40.992  -41.513  8.550 0.0000000000
46652  40.652  -40.811  8.628 0.0000000000
46663  42.050  -41.806  7.263 0.0000000000
46664  41.357  -41.565  7.625 0.0000000000
46665  40.814  -41.100  8.012 0.0000000000
46676  44.169  -41.717  6.176 0.0000000000
46677  43.455  -41.646  6.364 0.0000000000
46678  42.546  -41.532  6.635 0.0000000000
46679  41.799  -41.440  6.935 0.0000000000
46685  55.842  -41.207  5.819 0.0000000000
46686  54.984  -40.968  5.618 0.0000000000
46687  47.474  -41.618  4.966 0.0000000000
46688  46.816  -41.349  5.168 0.0000000000
46689  45.969  -41.162  5.498 0.0000000000
46690  44.945  -41.198  5.839 0.0000000000
46691  43.936  -41.133  5.832 0.0000000000
46692  43.110  -41.148  5.987 0.0000000000
46701  53.926  -41.075  5.300 0.0000000000
46702  52.878  -41.139  4.843 0.0000000000
46703  51.812  -41.122  4.579 0.0000000000
46704  50.740  -41.178  4.508 0.0000000000
46705  49.773  -41.263  4.513 0.0000000000
46706  48.925  -41.334  4.551 0.0000000000
46707  48.177  -41.400  4.772 0.0000000000
47691  51.369  -41.083  18.273 0.0000000000
47692  50.725  -41.105  17.946 0.0000000000
47707  50.159  -41.010  17.562 0.0000000000
47708  49.710  -40.986  17.200 0.0000000000
47722  49.318  -40.869  16.569 0.0000000000
47723  48.920  -41.195  16.395 0.0000000000
47735  49.354  -40.407  15.750 0.0000000000
47736  48.874  -40.976  16.019 0.0000000000
47741  51.943  -39.930  14.101 0.0000000000
47742  50.972  -39.908  14.259 0.0000000000
47743  49.713  -40.260  14.753 0.0000000000
47744  49.016  -40.823  15.352 0.0000000000
47748  55.855  -41.008  12.736 0.0000000000
47749  55.397  -40.793  12.946 0.0000000000
47750  54.602  -40.604  13.159 0.0000000000
47751  53.674  -40.247  13.453 0.0000000000
47752  52.564  -40.331  13.803 0.0000000000
47753  51.336  -40.572  13.897 0.0000000000
47754  50.374  -40.577  14.051 0.0000000000
47757  56.057  -41.044  12.517 0.0000000000
47758  55.738  -40.821  12.330 0.0000000000
47759  54.892  -40.535  12.508 0.0000000000
47760  54.165  -40.128  12.768 0.0000000000
47762  55.776  -40.851  11.902 0.0000000000
47763  55.214  -40.736  11.881 0.0000000000
47764  53.952  -40.517  12.038 0.0000000000
47765  52.717  -40.743  11.643 0.0000000000
47766  51.570  -40.800  11.503 0.0000000000
47767  50.469  -40.780  11.532 0.0000000000
47768  49.437  -40.738  11.585 0.0000000000
47769  48.420  -40.714  11.637 0.0000000000
47770  47.376  -40.702  11.641 0.0000000000
47771  46.332  -40.727  11.622 0.0000000000
47772  45.324  -40.760  11.654 0.0000000000
47773  44.364  -40.773  11.625 0.0000000000
47774  43.489  -40.774  11.456 0.0000000000
47777  42.708  -40.657  11.160 0.0000000000
47778  41.989  -40.461  10.661 0.0000000000
47780  41.289  -40.297  10.099 0.0000000000
47781  40.810  -40.108  9.477 0.0000000000
47783  40.494  -40.072  8.806 0.0000000000
47785  40.887  -41.038  7.521 0.0000000000
47786  40.573  -40.339  7.788 0.0000000000
47797  41.938  -41.156  6.518 0.0000000000
47798  41.179  -40.919  6.773 0.0000000000
47799  40.709  -39.934  6.819 0.0000000000
47813  55.592  -40.294  5.952 0.0000000000
47814  54.448  -40.063  5.781 0.0000000000
47815  53.434  -39.684  5.597 0.0000000000
47816  52.541  -39.601  5.382 0.0000000000
47817  49.392  -40.095  4.679 0.0000000000
47818  48.950  -40.192  4.678 0.0000000000
47819  47.919  -40.654  4.907 0.0000000000
47820  46.810  -40.406  5.175 0.0000000000
47821  45.747  -40.245  5.283 0.0000000000
47822  44.526  -40.307  5.343 0.0000000000
47823  43.426  -40.616  5.469 0.0000000000
47824  42.233  -40.635  5.789 0.0000000000
47825  41.078  -40.167  6.006 0.0000000000
47826  40.686  -39.665  6.238 0.0000000000
47830  53.476  -40.411  5.343 0.0000000000
47831  52.615  -40.313  5.095 0.0000000000
47832  51.509  -40.117  4.867 0.0000000000
47833  50.364  -40.492  4.638 0.0000000000
47834  49.467  -40.489  4.617 0.0000000000
47835  48.581  -40.830  4.665 0.0000000000
47836  48.202  -40.957  4.763 0.0000000000
47837  43.788  -40.055  4.993 0.0000000000
47838  42.948  -40.189  5.080 0.0000000000
47839  42.434  -40.169  5.206 0.0000000000
48769  51.555  -40.136  18.343 0.0000000000
48770  51.031  -40.612  18.100 0.0000000000
48783  51.213  -39.600  17.982 0.0000000000
48784  50.548  -40.079  17.756 0.0000000000
48785  50.021  -40.582  17.427 0.0000000000
48798  50.137  -39.448  16.856 0.0000000000
48799  49.784  -40.270  17.093 0.0000000000
48813  50.161  -39.202  15.919 0.0000000000
48814  49.680  -39.949  16.300 0.0000000000
48826  53.562  -38.808  13.762 0.0000000000
48827  53.087  -39.030  14.189 0.0000000000
48828  51.966  -39.212  14.414 0.0000000000
48829  50.643  -39.264  14.978 0.0000000000
48830  49.816  -39.749  15.517 0.0000000000
48838  53.673  -38.841  13.224 0.0000000000
48839  53.305  -39.446  13.621 0.0000000000
48840  52.660  -39.603  14.069 0.0000000000
48842  53.420  -38.735  12.962 0.0000000000
48843  53.145  -39.430  12.755 0.0000000000
48844  51.642  -39.236  12.318 0.0000000000
48845  50.490  -39.244  12.200 0.0000000000
48846  49.862  -39.255  12.150 0.0000000000
48848  53.038  -40.205  12.160 0.0000000000
48849  52.235  -40.020  11.983 0.0000000000
48850  51.068  -39.978  11.869 0.0000000000
48851  49.946  -39.884  11.915 0.0000000000
48852  48.934  -39.852  11.894 0.0000000000
48853  47.883  -39.741  11.831 0.0000000000
48854  46.788  -39.738  11.682 0.0000000000
48855  45.760  -39.786  11.547 0.0000000000
48856  44.795  -39.837  11.519 0.0000000000
48857  43.896  -39.863  11.412 0.0000000000
48858  43.226  -40.057  11.274 0.0000000000
48861  43.431  -39.485  11.128 0.0000000000
48862  42.730  -39.617  10.874 0.0000000000
48863  41.886  -39.508  10.374 0.0000000000
48866  41.271  -39.385  9.832 0.0000000000
48867  40.753  -39.267  9.206 0.0000000000
48870  40.431  -39.305  8.396 0.0000000000
48873  40.416  -39.273  7.494 0.0000000000
48876  40.411  -39.161  6.592 0.0000000000
48890  55.255  -39.410  6.095 0.0000000000
48891  54.237  -39.132  5.889 0.0000000000
48892  53.144  -38.959  5.741 0.0000000000
48893  51.971  -39.102  5.344 0.0000000000
48894  50.960  -39.158  5.121 0.0000000000
48895  49.786  -39.624  4.825 0.0000000000
48896  48.702  -39.591  4.883 0.0000000000
48897  47.717  -39.619  5.042 0.0000000000
48898  46.753  -39.469  4.972 0.0000000000
48899  45.947  -39.534  4.870 0.0000000000
48900  45.271  -39.718  4.972 0.0000000000
48901  42.169  -40.113  5.243 0.0000000000
48902  41.618  -39.898  5.273 0.0000000000
48903  40.669  -39.282  5.557 0.0000000000
48919  51.280  -39.536  5.031 0.0000000000
48920  50.662  -39.828  4.833 0.0000000000
48921  50.064  -40.107  4.712 0.0000000000
48922  46.352  -38.948  4.624 0.0000000000
48923  45.585  -39.208  4.525 0.0000000000
48924  44.561  -39.483  4.495 0.0000000000
48925  43.432  -39.685  4.505 0.0000000000
48926  42.373  -39.726  4.694 0.0000000000
48927  41.347  -39.181  4.530 0.0000000000
48928  40.715  -38.859  4.836 0.0000000000
48935  43.871  -39.246  3.915 0.0000000000
48936  43.004  -39.245  3.910 0.0000000000
48937  42.074  -39.077  3.951 0.0000000000
48938  41.578  -38.874  4.003 0.0000000000
49855  52.205  -39.631  18.453 0.0000000000
49871  51.823  -38.890  17.891 0.0000000000
49872  51.084  -39.396  17.742 0.0000000000
49886  51.309  -38.257  16.797 0.0000000000
49887  50.854  -39.075  17.284 0.0000000000
49899  51.197  -38.143  15.832 0.0000000000
49900  50.669  -38.745  16.381 0.0000000000
49911  53.384  -38.404  14.086 0.0000000000
49912  52.642  -38.405  14.440 0.0000000000
49913  51.555  -38.350  14.936 0.0000000000
49914  50.813  -38.718  15.589 0.0000000000
49927  53.428  -38.245  13.482 0.0000000000
49928  53.073  -37.825  13.290 0.0000000000
49936  53.468  -38.477  13.141 0.0000000000
49937  52.992  -38.198  12.937 0.0000000000
49938  51.973  -38.363  12.597 0.0000000000
49939  50.795  -38.416  12.395 0.0000000000
49940  49.667  -38.569  12.252 0.0000000000
49941  49.080  -38.170  12.205 0.0000000000
49943  49.385  -39.264  12.101 0.0000000000
49944  48.572  -38.684  12.033 0.0000000000
49945  47.260  -38.719  11.763 0.0000000000
49946  46.151  -38.770  11.524 0.0000000000
49947  45.171  -38.907  11.372 0.0000000000
49948  44.287  -39.030  11.222 0.0000000000
49949  43.785  -39.256  11.162 0.0000000000
49951  44.200  -38.431  10.946 0.0000000000
49952  43.542  -38.701  10.814 0.0000000000
49953  42.501  -38.618  10.326 0.0000000000
49954  41.800  -38.820  10.016 0.0000000000
49956  42.070  -38.264  9.861 0.0000000000
49957  41.364  -38.413  9.506 0.0000000000
49958  40.700  -38.446  8.817 0.0000000000
49960  40.436  -38.456  8.087 0.0000000000
49962  40.214  -38.349  7.248 0.0000000000
49964  40.080  -38.279  6.193 0.0000000000
49965  39.970  -37.783  5.636 0.0000000000
49968  54.982  -38.819  5.759 0.0000000000
49969  53.938  -38.373  5.587 0.0000000000
49970  52.699  -38.233  5.689 0.0000000000
49971  51.570  -38.347  5.417 0.0000000000
49972  50.479  -38.560  5.163 0.0000000000
49973  49.427  -38.695  5.003 0.0000000000
49974  48.486  -38.847  5.010 0.0000000000
49975  47.662  -38.817  4.914 0.0000000000
49976  47.031  -38.715  4.719 0.0000000000
49977  40.283  -38.333  5.155 0.0000000000
49978  40.003  -37.668  5.166 0.0000000000
49999  54.066  -37.969  4.816 0.0000000000
50000  49.032  -38.267  4.889 0.0000000000
50001  48.407  -38.179  4.753 0.0000000000
50002  47.605  -38.157  4.572 0.0000000000
50003  46.799  -38.217  4.338 0.0000000000
50004  46.000  -38.552  4.209 0.0000000000
50005  45.312  -38.862  4.059 0.0000000000
50006  41.309  -38.753  4.050 0.0000000000
50007  40.764  -38.439  4.213 0.0000000000
50025  46.344  -37.996  3.931 0.0000000000
50026  45.681  -38.193  3.592 0.0000000000
50027  44.658  -38.733  3.557 0.0000000000
50028  43.631  -38.763  3.308 0.0000000000
50029  42.633  -38.682  3.272 0.0000000000
50030  41.564  -38.494  3.458 0.0000000000
50031  40.836  -38.060  3.466 0.0000000000
50040  45.163  -38.064  2.896 0.0000000000
50041  44.280  -38.279  2.766 0.0000000000
50042  43.294  -38.274  2.496 0.0000000000
50043  42.222  -38.144  2.554 0.0000000000
50044  41.613  -38.107  2.807 0.0000000000
50056  42.726  -37.971  2.026 0.0000000000
50057  42.364  -37.839  2.093 0.0000000000
50933  52.557  -38.107  17.690 0.0000000000
50943  52.792  -37.099  17.146 0.0000000000
50944  52.189  -37.605  17.093 0.0000000000
50954  52.144  -37.047  15.561 0.0000000000
50955  51.665  -37.533  16.147 0.0000000000
50965  53.061  -37.928  14.199 0.0000000000
50966  52.373  -37.445  14.580 0.0000000000
50967  51.742  -37.671  15.372 0.0000000000
50980  53.343  -37.976  13.921 0.0000000000
50981  52.963  -37.487  13.743 0.0000000000
50994  52.569  -37.376  13.189 0.0000000000
50995  52.006  -37.440  12.752 0.0000000000
50996  51.069  -37.540  12.521 0.0000000000
50997  49.905  -37.524  12.320 0.0000000000
50998  49.350  -37.935  12.260 0.0000000000
51006  49.350  -36.966  12.100 0.0000000000
51007  48.833  -37.491  12.036 0.0000000000
51008  47.673  -37.653  11.731 0.0000000000
51009  46.568  -37.760  11.481 0.0000000000
51010  45.406  -37.756  11.134 0.0000000000
51011  44.671  -38.351  11.074 0.0000000000
51013  44.950  -37.145  10.694 0.0000000000
51014  44.294  -37.673  10.663 0.0000000000
51015  43.098  -37.567  10.150 0.0000000000
51016  42.476  -37.989  9.946 0.0000000000
51018  42.742  -36.940  9.712 0.0000000000
51019  42.142  -37.461  9.555 0.0000000000
51020  41.135  -37.437  8.832 0.0000000000
51021  40.638  -37.926  8.469 0.0000000000
51023  40.985  -36.972  8.330 0.0000000000
51024  40.584  -37.445  7.952 0.0000000000
51026  40.151  -37.376  6.967 0.0000000000
51028  39.949  -37.311  6.151 0.0000000000
51029  39.872  -37.208  5.521 0.0000000000
51031  53.247  -37.690  5.239 0.0000000000
51032  52.212  -37.526  5.422 0.0000000000
51033  51.085  -37.665  5.294 0.0000000000
51034  50.052  -37.912  5.069 0.0000000000
51035  49.459  -38.087  4.961 0.0000000000
51036  40.196  -37.750  4.613 0.0000000000
51037  39.851  -37.184  4.924 0.0000000000
51047  53.480  -37.616  4.553 0.0000000000
51048  52.831  -37.045  4.722 0.0000000000
51049  51.694  -36.814  5.129 0.0000000000
51050  50.559  -37.039  4.916 0.0000000000
51051  49.362  -37.521  4.646 0.0000000000
51052  48.306  -37.499  4.273 0.0000000000
51053  47.481  -37.640  4.096 0.0000000000
51054  46.884  -37.694  3.884 0.0000000000
51055  40.400  -37.588  3.914 0.0000000000
51056  40.065  -37.158  4.389 0.0000000000
51070  53.311  -37.517  3.954 0.0000000000
51071  52.924  -37.118  3.455 0.0000000000
51072  47.973  -37.194  3.795 0.0000000000
51073  47.386  -37.231  3.480 0.0000000000
51074  46.486  -37.536  3.394 0.0000000000
51075  45.827  -37.638  3.019 0.0000000000
51076  41.184  -38.012  2.962 0.0000000000
51077  40.655  -37.383  3.027 0.0000000000
51085  47.010  -37.035  2.981 0.0000000000
51086  46.368  -37.144  2.694 0.0000000000
51087  45.560  -37.441  2.369 0.0000000000
51088  44.796  -37.776  2.264 0.0000000000
51089  44.066  -37.894  2.163 0.0000000000
51090  42.125  -37.775  2.154 0.0000000000
51091  41.536  -37.646  2.340 0.0000000000
51092  40.844  -36.942  2.200 0.0000000000
51103  45.148  -37.389  1.860 0.0000000000
51104  44.479  -37.463  1.607 0.0000000000
51105  43.455  -37.704  1.661 0.0000000000
51106  42.347  -37.481  1.604 0.0000000000
51107  41.440  -37.038  1.638 0.0000000000
51108  40.993  -36.572  1.681 0.0000000000
51119  43.991  -37.224  1.110 0.0000000000
51120  43.236  -37.173  0.937 0.0000000000
51121  42.482  -36.965  0.854 0.0000000000
51903  52.578  -36.906  16.727 0.0000000000
51911  52.677  -36.472  16.088 0.0000000000
51912  52.170  -37.052  16.320 0.0000000000
51919  52.742  -36.475  15.096 0.0000000000
51929  52.891  -36.492  14.133 0.0000000000
51941  52.535  -36.485  13.387 0.0000000000
51942  52.060  -36.549  12.751 0.0000000000
51943  51.229  -36.612  12.485 0.0000000000
51944  50.503  -36.868  12.395 0.0000000000
51957  50.590  -36.290  12.199 0.0000000000
51958  49.839  -36.441  12.080 0.0000000000
51959  48.924  -36.465  11.787 0.0000000000
51960  47.963  -36.597  11.614 0.0000000000
51961  46.888  -36.702  11.391 0.0000000000
51962  46.082  -37.004  11.232 0.0000000000
51969  46.211  -36.349  11.077 0.0000000000
51970  45.466  -36.549  10.768 0.0000000000
51971  44.565  -36.559  10.366 0.0000000000
51972  43.839  -36.862  10.241 0.0000000000
51974  44.022  -36.240  10.003 0.0000000000
51975  43.302  -36.400  9.730 0.0000000000
51976  42.456  -36.384  9.285 0.0000000000
51977  41.804  -36.735  9.022 0.0000000000
51979  42.020  -36.127  8.780 0.0000000000
51980  41.447  -36.412  8.384 0.0000000000
51981  40.942  -36.682  8.000 0.0000000000
51983  41.155  -36.170  7.816 0.0000000000
51984  40.645  -36.476  7.408 0.0000000000
51986  40.260  -36.487  6.536 0.0000000000
51987  39.966  -36.732  5.896 0.0000000000
51989  40.149  -36.173  5.874 0.0000000000
51990  39.851  -36.529  5.311 0.0000000000
52003  52.254  -36.132  4.446 0.0000000000
52004  51.156  -36.145  4.761 0.0000000000
52005  50.025  -36.273  4.349 0.0000000000
52006  48.942  -36.805  4.050 0.0000000000
52007  48.372  -36.997  3.867 0.0000000000
52008  40.124  -36.579  3.889 0.0000000000
52009  39.866  -36.633  4.663 0.0000000000
52029  52.562  -36.233  3.275 0.0000000000
52030  49.833  -35.783  3.954 0.0000000000
52031  49.317  -36.080  3.767 0.0000000000
52032  48.244  -36.458  3.342 0.0000000000
52033  47.491  -36.793  3.028 0.0000000000
52034  40.414  -36.381  2.863 0.0000000000
52048  48.039  -35.988  2.746 0.0000000000
52049  47.235  -36.312  2.417 0.0000000000
52050  46.047  -36.829  2.012 0.0000000000
52051  45.516  -37.157  1.877 0.0000000000
52052  40.652  -36.188  2.064 0.0000000000
52066  47.084  -35.805  1.737 0.0000000000
52067  46.384  -36.086  1.351 0.0000000000
52068  45.278  -36.912  1.294 0.0000000000
52069  44.515  -37.086  1.061 0.0000000000
52070  41.829  -36.808  1.034 0.0000000000
52071  41.255  -36.493  1.200 0.0000000000
52072  40.868  -36.109  1.392 0.0000000000
52085  46.133  -35.790  0.722 0.0000000000
52086  45.540  -36.167  0.642 0.0000000000
52087  44.215  -36.503  0.432 0.0000000000
52088  42.914  -36.681  0.339 0.0000000000
52089  42.088  -36.562  0.444 0.0000000000
52090  41.369  -36.205  0.557 0.0000000000
52091  41.053  -36.138  0.964 0.0000000000
52105  43.840  -36.045  -0.309 0.0000000000
52106  43.203  -36.262  -0.274 0.0000000000
52107  42.255  -36.272  -0.123 0.0000000000
52108  41.727  -36.205  0.135 0.0000000000
52859  53.257  -36.114  16.275 0.0000000000
52868  54.100  -34.888  15.513 0.0000000000
52869  53.266  -35.844  15.671 0.0000000000
52877  53.605  -34.722  14.225 0.0000000000
52878  53.239  -35.622  14.676 0.0000000000
52887  53.415  -34.636  13.548 0.0000000000
52888  53.006  -35.370  13.501 0.0000000000
52897  52.379  -35.673  12.690 0.0000000000
52898  51.532  -35.687  12.139 0.0000000000
52899  50.952  -36.028  12.161 0.0000000000
52912  51.161  -35.196  11.671 0.0000000000
52913  50.488  -35.557  11.771 0.0000000000
52914  49.288  -35.578  11.585 0.0000000000
52915  48.293  -35.706  11.445 0.0000000000
52916  47.233  -35.629  11.155 0.0000000000
52917  46.597  -36.036  11.117 0.0000000000
52929  46.765  -34.996  10.696 0.0000000000
52930  46.120  -35.537  10.692 0.0000000000
52931  44.956  -35.521  10.173 0.0000000000
52932  44.379  -35.929  10.058 0.0000000000
52934  44.588  -34.975  9.608 0.0000000000
52935  44.020  -35.487  9.560 0.0000000000
52936  42.972  -35.442  8.962 0.0000000000
52937  42.373  -35.810  8.844 0.0000000000
52939  42.727  -34.976  8.445 0.0000000000
52940  42.061  -35.366  8.256 0.0000000000
52941  41.483  -35.846  7.947 0.0000000000
52943  41.765  -34.910  7.678 0.0000000000
52944  41.178  -35.387  7.373 0.0000000000
52945  40.588  -35.923  6.969 0.0000000000
52947  40.940  -34.963  6.765 0.0000000000
52948  40.547  -35.468  6.391 0.0000000000
52952  40.085  -35.648  5.227 0.0000000000
52953  39.798  -36.207  4.951 0.0000000000
52966  52.078  -35.627  4.399 0.0000000000
52967  51.672  -35.456  4.474 0.0000000000
52968  50.807  -35.499  4.425 0.0000000000
52969  40.032  -35.699  4.325 0.0000000000
52970  39.876  -36.123  4.589 0.0000000000
52986  52.259  -35.395  4.016 0.0000000000
52987  51.873  -34.800  4.204 0.0000000000
52988  50.233  -35.400  4.069 0.0000000000
52989  49.710  -35.385  3.625 0.0000000000
52990  49.039  -35.713  3.372 0.0000000000
52991  40.183  -35.578  3.540 0.0000000000
53000  49.325  -35.245  3.192 0.0000000000
53001  48.654  -35.488  2.830 0.0000000000
53002  48.005  -35.673  2.411 0.0000000000
53003  40.360  -35.514  2.588 0.0000000000
53012  48.399  -35.246  2.242 0.0000000000
53013  47.735  -35.383  1.779 0.0000000000
53014  47.078  -35.571  1.301 0.0000000000
53015  40.537  -35.541  1.724 0.0000000000
53027  47.428  -35.167  1.052 0.0000000000
53028  46.736  -35.388  0.599 0.0000000000
53029  45.898  -35.578  0.244 0.0000000000
53030  45.149  -35.861  0.027 0.0000000000
53031  41.109  -35.866  0.334 0.0000000000
53032  40.776  -35.646  0.757 0.0000000000
53050  46.336  -35.179  -0.125 0.0000000000
53051  45.585  -35.283  -0.558 0.0000000000
53052  44.460  -35.698  -0.585 0.0000000000
53053  43.471  -35.756  -0.849 0.0000000000
53054  42.458  -35.773  -0.750 0.0000000000
53055  41.272  -35.618  -0.241 0.0000000000
53056  40.645  -35.180  0.212 0.0000000000
53070  44.942  -35.061  -1.329 0.0000000000
53071  43.933  -35.171  -1.402 0.0000000000
53072  42.859  -35.140  -1.410 0.0000000000
53073  41.828  -35.042  -1.093 0.0000000000
53074  41.276  -34.985  -0.809 0.0000000000
53918  54.422  -34.165  14.553 0.0000000000
53926  54.883  -33.604  13.953 0.0000000000
53927  53.991  -33.995  13.415 0.0000000000
53928  53.299  -34.539  13.066 0.0000000000
53936  53.690  -34.198  12.464 0.0000000000
53937  52.940  -34.809  12.431 0.0000000000
53938  52.284  -35.150  12.020 0.0000000000
53948  53.489  -34.250  11.765 0.0000000000
53949  52.678  -34.522  11.654 0.0000000000
53950  51.755  -34.774  11.560 0.0000000000
53951  50.844  -34.659  11.408 0.0000000000
53952  49.686  -34.442  11.230 0.0000000000
53953  48.532  -34.871  11.216 0.0000000000
53954  47.882  -35.164  11.154 0.0000000000
53968  49.285  -33.730  10.856 0.0000000000
53969  48.629  -33.998  10.832 0.0000000000
53970  47.508  -34.488  10.726 0.0000000000
53971  46.241  -34.385  10.158 0.0000000000
53972  45.598  -34.953  10.200 0.0000000000
53981  45.746  -33.973  9.544 0.0000000000
53982  45.177  -34.495  9.615 0.0000000000
53983  44.246  -34.485  9.003 0.0000000000
53984  43.636  -34.946  8.967 0.0000000000
53986  43.960  -34.057  8.489 0.0000000000
53987  43.278  -34.410  8.322 0.0000000000
53988  42.583  -34.741  8.175 0.0000000000
53990  42.988  -33.967  7.730 0.0000000000
53991  42.304  -34.323  7.558 0.0000000000
53992  41.643  -34.714  7.350 0.0000000000
53994  42.047  -33.941  6.902 0.0000000000
53995  41.448  -34.385  6.668 0.0000000000
53996  40.873  -34.808  6.420 0.0000000000
54002  41.261  -34.099  5.994 0.0000000000
54003  40.768  -34.578  5.761 0.0000000000
54015  51.163  -34.859  4.268 0.0000000000
54016  50.642  -35.033  4.178 0.0000000000
54017  40.391  -34.750  4.442 0.0000000000
54034  52.523  -34.330  3.677 0.0000000000
54035  51.585  -34.186  3.932 0.0000000000
54036  50.463  -34.591  3.597 0.0000000000
54037  49.734  -34.959  3.325 0.0000000000
54038  40.334  -34.610  3.210 0.0000000000
54047  50.353  -34.132  2.733 0.0000000000
54048  49.512  -34.760  2.733 0.0000000000
54049  48.839  -35.044  2.395 0.0000000000
54050  40.343  -34.741  2.179 0.0000000000
54063  50.570  -33.830  2.258 0.0000000000
54064  50.010  -34.122  1.886 0.0000000000
54065  48.811  -34.730  1.742 0.0000000000
54066  47.984  -34.796  1.175 0.0000000000
54067  40.379  -34.971  1.382 0.0000000000
54080  49.440  -34.108  0.996 0.0000000000
54081  48.572  -34.426  0.708 0.0000000000
54082  47.646  -34.764  0.371 0.0000000000
54083  46.934  -34.902  -0.100 0.0000000000
54084  40.415  -34.701  0.722 0.0000000000
54096  49.183  -34.096  0.214 0.0000000000
54097  48.458  -34.266  -0.315 0.0000000000
54098  47.469  -34.520  -0.575 0.0000000000
54099  46.502  -34.706  -0.810 0.0000000000
54100  45.738  -34.747  -1.265 0.0000000000
54101  40.991  -34.888  -0.648 0.0000000000
54102  40.564  -34.491  -0.211 0.0000000000
54107  48.055  -34.159  -1.200 0.0000000000
54108  47.195  -34.206  -1.381 0.0000000000
54109  46.305  -34.229  -1.773 0.0000000000
54110  45.362  -34.451  -1.876 0.0000000000
54111  44.423  -34.526  -1.955 0.0000000000
54112  43.372  -34.470  -1.976 0.0000000000
54113  42.181  -34.172  -1.879 0.0000000000
54114  41.115  -34.264  -1.097 0.0000000000
54115  40.632  -33.839  -0.639 0.0000000000
54121  45.735  -33.921  -2.310 0.0000000000
55001  55.234  -33.502  12.945 0.0000000000
55002  54.427  -33.824  12.484 0.0000000000
55012  56.186  -33.603  12.065 0.0000000000
55013  55.143  -33.714  11.958 0.0000000000
55014  54.291  -33.955  11.836 0.0000000000
55026  55.845  -33.610  11.283 0.0000000000
55027  54.919  -33.648  11.340 0.0000000000
55028  54.092  -33.797  11.263 0.0000000000
55029  53.225  -33.899  11.241 0.0000000000
55030  52.324  -33.969  11.250 0.0000000000
55031  51.406  -33.973  11.217 0.0000000000
55032  50.565  -33.917  11.145 0.0000000000
55046  55.425  -33.459  10.954 0.0000000000
55047  54.772  -33.360  10.895 0.0000000000
55048  53.859  -33.338  10.849 0.0000000000
55049  52.918  -33.288  10.945 0.0000000000
55050  51.966  -33.258  10.973 0.0000000000
55051  50.998  -33.213  10.967 0.0000000000
55052  49.923  -33.297  10.815 0.0000000000
55053  48.923  -33.177  10.538 0.0000000000
55054  47.898  -33.336  10.309 0.0000000000
55055  46.997  -33.656  10.090 0.0000000000
55067  47.244  -32.955  9.700 0.0000000000
55068  46.260  -33.268  9.321 0.0000000000
55069  45.315  -33.734  9.108 0.0000000000
55070  44.796  -34.040  9.049 0.0000000000
55072  45.982  -32.817  8.696 0.0000000000
55073  45.455  -33.149  8.677 0.0000000000
55074  44.496  -33.493  8.406 0.0000000000
55075  43.803  -33.828  8.221 0.0000000000
55077  44.201  -33.033  7.778 0.0000000000
55078  43.522  -33.405  7.585 0.0000000000
55079  42.839  -33.751  7.423 0.0000000000
55081  43.255  -33.012  6.911 0.0000000000
55082  42.574  -33.376  6.751 0.0000000000
55083  41.924  -33.771  6.561 0.0000000000
55092  42.332  -33.036  6.070 0.0000000000
55093  41.709  -33.486  5.862 0.0000000000
55094  41.174  -34.001  5.670 0.0000000000
55107  41.400  -33.128  4.734 0.0000000000
55108  40.967  -33.859  5.081 0.0000000000
55125  53.084  -33.347  3.598 0.0000000000
55126  52.273  -33.399  3.421 0.0000000000
55127  51.247  -33.786  3.316 0.0000000000
55128  50.722  -33.997  3.127 0.0000000000
55129  41.231  -32.918  4.166 0.0000000000
55130  40.779  -33.485  3.890 0.0000000000
55151  52.350  -32.864  2.723 0.0000000000
55152  51.655  -33.336  2.648 0.0000000000
55153  50.911  -33.704  2.663 0.0000000000
55154  40.499  -33.705  2.595 0.0000000000
55174  52.512  -32.658  2.239 0.0000000000
55175  52.070  -32.919  1.851 0.0000000000
55176  50.982  -33.415  1.727 0.0000000000
55177  50.199  -33.680  1.101 0.0000000000
55178  40.356  -34.104  1.556 0.0000000000
55196  52.236  -32.888  0.462 0.0000000000
55197  51.825  -32.879  0.758 0.0000000000
55198  50.790  -33.370  0.542 0.0000000000
55199  49.908  -33.718  0.307 0.0000000000
55200  40.327  -33.669  0.708 0.0000000000
55214  52.821  -33.069  -0.488 0.0000000000
55215  52.377  -33.086  -0.050 0.0000000000
55216  51.446  -33.345  -0.204 0.0000000000
55217  50.500  -33.581  -0.415 0.0000000000
55218  49.491  -33.871  -0.615 0.0000000000
55219  48.793  -34.003  -1.112 0.0000000000
55220  40.377  -33.336  -0.172 0.0000000000
55229  52.638  -33.172  -0.990 0.0000000000
55230  51.938  -33.277  -0.986 0.0000000000
55231  51.120  -33.490  -1.156 0.0000000000
55232  50.218  -33.626  -1.362 0.0000000000
55233  49.356  -33.742  -1.600 0.0000000000
55234  48.564  -33.790  -1.782 0.0000000000
55235  47.784  -33.784  -1.907 0.0000000000
55236  47.060  -33.803  -2.045 0.0000000000
55239  40.693  -33.181  -0.959 0.0000000000
55244  52.339  -33.161  -1.641 0.0000000000
55245  51.667  -33.267  -1.853 0.0000000000
56222  56.313  -33.446  10.850 0.0000000000
56223  55.837  -33.429  10.880 0.0000000000
56235  55.751  -33.018  10.613 0.0000000000
56236  54.606  -32.734  10.576 0.0000000000
56237  53.564  -32.632  10.622 0.0000000000
56238  52.571  -32.575  10.687 0.0000000000
56239  51.595  -32.514  10.671 0.0000000000
56240  50.598  -32.436  10.575 0.0000000000
56241  49.493  -32.219  10.206 0.0000000000
56242  48.396  -32.562  10.014 0.0000000000
56243  47.792  -32.741  9.847 0.0000000000
56257  49.304  -31.710  9.690 0.0000000000
56258  48.734  -31.933  9.613 0.0000000000
56259  47.705  -32.173  9.269 0.0000000000
56260  46.922  -32.619  9.242 0.0000000000
56268  47.383  -31.820  8.640 0.0000000000
56269  46.607  -32.199  8.520 0.0000000000
56270  45.613  -32.600  8.276 0.0000000000
56271  45.060  -32.897  8.281 0.0000000000
56273  46.363  -31.788  7.865 0.0000000000
56274  45.841  -32.069  7.823 0.0000000000
56275  44.806  -32.482  7.575 0.0000000000
56276  44.062  -32.823  7.437 0.0000000000
56278  44.549  -32.133  6.846 0.0000000000
56279  43.832  -32.484  6.705 0.0000000000
56280  43.121  -32.817  6.574 0.0000000000
56287  43.582  -32.122  5.990 0.0000000000
56288  42.855  -32.428  5.900 0.0000000000
56289  42.233  -32.882  5.755 0.0000000000
56295  42.550  -32.071  5.170 0.0000000000
56296  42.066  -32.586  5.197 0.0000000000
56305  52.905  -32.912  3.579 0.0000000000
56306  52.756  -32.732  3.225 0.0000000000
56307  41.625  -32.390  4.278 0.0000000000
56308  41.174  -32.670  3.778 0.0000000000
56319  52.882  -32.484  2.589 0.0000000000
56320  41.484  -32.112  3.554 0.0000000000
56321  40.970  -32.543  2.968 0.0000000000
56336  52.727  -32.500  1.663 0.0000000000
56337  52.246  -32.676  1.158 0.0000000000
56338  40.690  -32.865  1.721 0.0000000000
56353  53.417  -32.358  0.945 0.0000000000
56354  52.526  -32.718  0.655 0.0000000000
56355  52.190  -32.722  0.856 0.0000000000
56356  40.507  -32.499  0.629 0.0000000000
56374  53.120  -32.831  -0.060 0.0000000000
56375  52.680  -32.892  0.193 0.0000000000
56376  40.482  -32.253  -0.352 0.0000000000
56395  53.128  -33.059  -0.878 0.0000000000
57428  55.435  -32.006  10.442 0.0000000000
57429  54.267  -31.813  10.406 0.0000000000
57430  53.178  -31.890  10.438 0.0000000000
57431  52.216  -31.849  10.380 0.0000000000
57432  51.263  -31.776  10.321 0.0000000000
57433  50.415  -31.730  10.174 0.0000000000
57445  53.639  -31.282  10.239 0.0000000000
57446  52.840  -31.203  10.117 0.0000000000
57447  51.888  -31.182  9.952 0.0000000000
57448  50.933  -31.139  9.867 0.0000000000
57449  49.917  -31.300  9.606 0.0000000000
57450  49.125  -31.427  9.311 0.0000000000
57451  48.467  -31.572  9.114 0.0000000000
57461  49.494  -30.967  9.078 0.0000000000
57462  48.861  -31.029  8.799 0.0000000000
57463  47.970  -31.324  8.513 0.0000000000
57464  47.271  -31.566  8.257 0.0000000000
57471  47.548  -31.128  7.928 0.0000000000
57472  46.880  -31.346  7.671 0.0000000000
57473  46.156  -31.539  7.421 0.0000000000
57474  45.536  -31.779  7.279 0.0000000000
57520  41.212  -31.938  2.209 0.0000000000
57534  41.020  -31.550  1.400 0.0000000000
57545  40.621  -31.321  0.407 0.0000000000
58579  55.162  -31.076  10.282 0.0000000000
58580  54.298  -30.993  10.198 0.0000000000
58602  54.822  -30.362  9.871 0.0000000000
58603  53.664  -30.552  9.867 0.0000000000
58604  52.549  -30.551  9.659 0.0000000000
58605  51.568  -30.536  9.458 0.0000000000
58606  50.681  -30.643  9.350 0.0000000000
58607  50.022  -30.663  9.118 0.0000000000
58624  51.185  -30.174  9.122 0.0000000000
58625  50.542  -30.095  8.872 0.0000000000
58626  49.551  -30.324  8.601 0.0000000000
58627  48.603  -30.510  8.154 0.0000000000
58628  47.985  -30.764  7.916 0.0000000000
58641  48.213  -30.272  7.644 0.0000000000
58642  47.580  -30.494  7.382 0.0000000000
59666  54.377  -29.727  9.435 0.0000000000
59667  53.236  -29.823  9.383 0.0000000000
59668  52.205  -29.967  9.200 0.0000000000
59669  51.615  -30.063  9.126 0.0000000000
59687  52.832  -29.263  8.824 0.0000000000
59688  51.572  -29.532  8.716 0.0000000000
59689  50.329  -29.253  8.147 0.0000000000
59690  49.126  -29.764  7.881 0.0000000000
59691  48.564  -30.020  7.698 0.0000000000
