#!ascii label  , from subject bert vox2ras=TkReg
1086
86137  5.197  -2.259  32.265 0.0000000000
86146  5.537  -2.049  31.691 0.0000000000
86151  5.612  -2.220  31.140 0.0000000000
86152  5.419  -2.376  30.756 0.0000000000
86153  5.198  -2.366  30.518 0.0000000000
86156  4.994  -2.270  30.356 0.0000000000
87064  5.384  -1.226  32.142 0.0000000000
87065  4.776  -1.330  32.436 0.0000000000
87066  3.832  -1.378  32.358 0.0000000000
87067  2.884  -1.413  32.591 0.0000000000
87073  5.601  -1.018  31.731 0.0000000000
87080  5.632  -1.210  31.301 0.0000000000
87081  5.429  -1.316  30.783 0.0000000000
87082  5.271  -1.871  30.601 0.0000000000
87084  5.255  -0.828  30.560 0.0000000000
87085  5.121  -1.367  30.469 0.0000000000
87086  4.900  -1.398  30.325 0.0000000000
87920  2.864  -0.573  39.828 0.0000000000
87921  2.083  -0.362  40.052 0.0000000000
87922  1.686  -0.186  39.472 0.0000000000
87941  1.491  -0.148  38.602 0.0000000000
87948  7.647  -0.364  37.517 0.0000000000
87952  1.554  -0.073  37.635 0.0000000000
87956  1.717  -0.573  36.682 0.0000000000
87957  1.626  0.095  37.172 0.0000000000
87960  2.076  -0.509  35.172 0.0000000000
87963  2.220  -0.463  33.980 0.0000000000
87966  2.568  -0.421  33.046 0.0000000000
87970  5.549  -0.291  32.016 0.0000000000
87971  5.106  -0.352  32.418 0.0000000000
87972  4.282  -0.380  32.458 0.0000000000
87973  3.301  -0.392  32.507 0.0000000000
87977  5.650  -0.280  31.523 0.0000000000
87984  5.634  -0.320  31.020 0.0000000000
87985  5.400  -0.283  30.640 0.0000000000
87987  5.167  -0.339  30.404 0.0000000000
87988  4.943  -0.509  30.277 0.0000000000
87989  4.791  -0.741  30.250 0.0000000000
88833  3.671  0.234  39.429 0.0000000000
88834  2.708  0.523  39.936 0.0000000000
88835  1.926  0.689  39.860 0.0000000000
88836  1.571  0.676  39.221 0.0000000000
88845  5.400  0.419  38.111 0.0000000000
88846  4.603  0.364  38.692 0.0000000000
88847  1.488  0.705  38.611 0.0000000000
88853  7.952  0.704  37.434 0.0000000000
88854  7.065  0.526  37.390 0.0000000000
88855  6.194  0.449  37.667 0.0000000000
88856  1.606  0.834  37.546 0.0000000000
88857  1.516  0.562  37.990 0.0000000000
88860  1.694  0.627  36.935 0.0000000000
88861  1.592  0.407  37.451 0.0000000000
88865  1.815  0.528  35.812 0.0000000000
88869  2.145  0.531  34.650 0.0000000000
88873  2.442  0.552  33.640 0.0000000000
88878  5.333  0.586  32.258 0.0000000000
88879  4.687  0.579  32.515 0.0000000000
88880  3.771  0.588  32.538 0.0000000000
88881  2.918  0.587  32.855 0.0000000000
88888  5.626  0.596  31.795 0.0000000000
88898  5.685  0.611  31.283 0.0000000000
88899  5.558  0.602  30.804 0.0000000000
88908  5.309  0.542  30.447 0.0000000000
88909  5.057  0.435  30.219 0.0000000000
88910  4.842  0.372  30.134 0.0000000000
89825  3.375  1.449  39.645 0.0000000000
89826  2.474  1.634  40.007 0.0000000000
89827  1.784  1.688  39.428 0.0000000000
89828  1.541  1.241  38.863 0.0000000000
89839  5.035  1.316  38.374 0.0000000000
89840  4.232  1.345  39.015 0.0000000000
89841  1.650  1.874  38.542 0.0000000000
89842  1.562  1.166  38.243 0.0000000000
89852  8.173  1.657  37.575 0.0000000000
89853  7.394  1.501  37.421 0.0000000000
89854  6.572  1.369  37.554 0.0000000000
89855  5.800  1.308  37.891 0.0000000000
89856  1.672  1.557  37.539 0.0000000000
89857  1.581  1.030  37.830 0.0000000000
89862  1.763  1.573  36.344 0.0000000000
89867  1.956  1.541  35.225 0.0000000000
89871  2.336  1.526  34.232 0.0000000000
89876  2.740  1.534  33.379 0.0000000000
89888  5.542  1.496  32.075 0.0000000000
89889  5.051  1.516  32.486 0.0000000000
89890  4.219  1.540  32.563 0.0000000000
89891  3.341  1.551  32.771 0.0000000000
89905  5.686  1.839  31.265 0.0000000000
89906  5.686  1.501  31.532 0.0000000000
89920  5.697  1.990  31.066 0.0000000000
89921  5.680  1.604  31.058 0.0000000000
89922  5.449  1.491  30.613 0.0000000000
89936  5.168  1.381  30.309 0.0000000000
89937  4.963  1.197  30.150 0.0000000000
89938  4.873  1.563  30.145 0.0000000000
90724  3.971  2.378  39.250 0.0000000000
90725  3.162  2.510  39.686 0.0000000000
90726  2.335  2.677  39.719 0.0000000000
90737  5.521  2.136  38.120 0.0000000000
90738  4.752  2.290  38.582 0.0000000000
90739  1.904  2.750  38.981 0.0000000000
90752  7.648  2.417  37.575 0.0000000000
90753  6.861  2.259  37.564 0.0000000000
90754  6.161  2.121  37.804 0.0000000000
90755  1.823  2.729  37.971 0.0000000000
90765  1.804  2.619  36.857 0.0000000000
90770  1.848  2.568  35.731 0.0000000000
90780  2.111  2.520  34.714 0.0000000000
90794  2.544  2.496  33.857 0.0000000000
90808  5.305  2.440  32.302 0.0000000000
90809  4.632  2.482  32.579 0.0000000000
90810  3.760  2.506  32.715 0.0000000000
90811  2.992  2.505  33.105 0.0000000000
90822  5.692  2.030  31.427 0.0000000000
90823  5.658  2.372  31.778 0.0000000000
90835  5.676  2.100  31.266 0.0000000000
90836  5.691  2.410  31.260 0.0000000000
90837  5.556  2.454  30.831 0.0000000000
90848  5.268  2.397  30.497 0.0000000000
90849  4.987  2.254  30.265 0.0000000000
90850  4.853  2.444  30.212 0.0000000000
91628  3.748  3.232  39.338 0.0000000000
91629  3.096  3.580  39.558 0.0000000000
91630  2.397  3.421  39.261 0.0000000000
91644  6.012  3.374  37.991 0.0000000000
91645  5.500  3.136  38.184 0.0000000000
91646  4.483  3.373  38.830 0.0000000000
91647  2.756  4.042  39.110 0.0000000000
91648  2.338  3.767  38.423 0.0000000000
91659  7.816  3.383  37.796 0.0000000000
91660  7.084  3.060  37.644 0.0000000000
91661  6.299  3.006  37.824 0.0000000000
91662  5.872  2.607  37.960 0.0000000000
91663  2.115  3.623  37.324 0.0000000000
91676  1.998  3.601  36.214 0.0000000000
91691  1.945  3.533  35.124 0.0000000000
91704  2.278  3.446  34.218 0.0000000000
91714  2.688  3.437  33.466 0.0000000000
91722  5.484  3.383  32.092 0.0000000000
91723  4.989  3.424  32.524 0.0000000000
91724  4.149  3.464  32.625 0.0000000000
91725  3.256  3.472  32.849 0.0000000000
91735  5.633  3.386  31.576 0.0000000000
91744  5.594  3.423  31.099 0.0000000000
91745  5.366  3.432  30.726 0.0000000000
91751  5.121  3.408  30.468 0.0000000000
91752  4.914  3.427  30.318 0.0000000000
92471  4.698  4.817  38.918 0.0000000000
92472  4.146  4.272  39.181 0.0000000000
92473  3.341  4.560  39.231 0.0000000000
92485  8.018  4.319  38.147 0.0000000000
92486  7.183  4.384  38.071 0.0000000000
92487  6.241  3.932  38.066 0.0000000000
92488  5.024  4.237  38.577 0.0000000000
92489  4.532  3.969  38.872 0.0000000000
92490  2.954  4.641  38.570 0.0000000000
92491  2.656  4.402  38.114 0.0000000000
92500  7.555  3.960  37.946 0.0000000000
92501  7.111  3.719  37.823 0.0000000000
92502  6.692  3.444  37.805 0.0000000000
92503  2.892  4.870  37.674 0.0000000000
92504  2.490  4.273  37.670 0.0000000000
92520  2.951  5.145  37.070 0.0000000000
92521  2.521  4.636  36.733 0.0000000000
92542  2.188  4.536  35.528 0.0000000000
92559  2.149  4.439  34.498 0.0000000000
92570  2.380  4.229  33.755 0.0000000000
92579  5.253  4.340  32.309 0.0000000000
92580  4.550  4.426  32.532 0.0000000000
92581  3.584  4.495  32.608 0.0000000000
92582  2.782  4.451  33.101 0.0000000000
92589  5.551  4.333  31.853 0.0000000000
92593  5.594  4.409  31.363 0.0000000000
92594  5.496  4.459  30.922 0.0000000000
92596  5.236  4.483  30.601 0.0000000000
92597  5.025  4.511  30.396 0.0000000000
92598  4.831  4.557  30.246 0.0000000000
93331  6.023  5.386  38.725 0.0000000000
93332  5.270  5.306  38.855 0.0000000000
93333  4.526  5.355  39.099 0.0000000000
93334  3.938  5.257  39.187 0.0000000000
93343  8.348  5.260  38.526 0.0000000000
93344  7.489  5.184  38.345 0.0000000000
93345  6.578  5.051  38.382 0.0000000000
93346  5.821  4.805  38.485 0.0000000000
93347  3.569  5.256  38.828 0.0000000000
93359  3.420  5.370  38.131 0.0000000000
93375  3.294  5.555  37.308 0.0000000000
93376  2.983  5.558  36.603 0.0000000000
93393  2.601  5.459  35.818 0.0000000000
93412  2.318  5.460  34.827 0.0000000000
93428  2.299  5.372  33.687 0.0000000000
93434  5.444  5.115  32.100 0.0000000000
93435  5.010  5.339  32.478 0.0000000000
93436  4.085  5.495  32.462 0.0000000000
93437  2.987  5.719  32.705 0.0000000000
93439  5.609  5.369  31.640 0.0000000000
93442  5.601  5.506  31.118 0.0000000000
93443  5.387  5.530  30.716 0.0000000000
93446  5.137  5.581  30.430 0.0000000000
93447  4.953  5.692  30.276 0.0000000000
94180  8.048  6.704  39.503 0.0000000000
94181  7.054  6.599  39.197 0.0000000000
94182  6.053  6.080  39.229 0.0000000000
94183  5.020  6.119  39.436 0.0000000000
94184  4.404  6.218  39.221 0.0000000000
94185  3.936  5.843  39.006 0.0000000000
94199  8.543  6.014  38.924 0.0000000000
94200  7.772  6.034  38.719 0.0000000000
94201  6.885  5.833  38.661 0.0000000000
94202  6.386  5.610  38.727 0.0000000000
94203  4.194  6.548  38.894 0.0000000000
94204  3.834  5.948  38.514 0.0000000000
94218  4.140  6.662  38.161 0.0000000000
94219  3.758  6.084  37.708 0.0000000000
94230  4.017  6.743  37.395 0.0000000000
94231  3.544  6.401  36.706 0.0000000000
94232  3.028  6.106  36.028 0.0000000000
94242  3.256  6.711  35.861 0.0000000000
94243  2.772  6.387  35.240 0.0000000000
94250  2.469  6.444  34.264 0.0000000000
94262  2.482  6.805  33.259 0.0000000000
94271  5.399  6.208  32.069 0.0000000000
94272  4.663  6.410  32.458 0.0000000000
94273  3.713  6.601  32.473 0.0000000000
94274  3.021  6.896  32.691 0.0000000000
94276  5.711  7.362  31.175 0.0000000000
94277  5.676  6.654  31.350 0.0000000000
94280  5.717  7.231  30.991 0.0000000000
94281  5.552  6.615  30.820 0.0000000000
94282  5.288  6.546  30.499 0.0000000000
94285  5.062  6.734  30.225 0.0000000000
94286  4.905  7.090  30.026 0.0000000000
95008  7.795  7.546  40.382 0.0000000000
95009  6.667  7.796  40.388 0.0000000000
95010  5.674  7.710  40.506 0.0000000000
95011  4.805  7.594  40.558 0.0000000000
95012  4.274  7.598  40.340 0.0000000000
95023  7.201  7.183  39.862 0.0000000000
95024  6.343  7.054  39.876 0.0000000000
95025  5.406  6.867  40.007 0.0000000000
95026  4.639  6.898  39.956 0.0000000000
95027  4.282  7.332  39.559 0.0000000000
95038  4.280  7.444  38.657 0.0000000000
95045  4.244  7.429  37.669 0.0000000000
95051  4.061  7.272  36.826 0.0000000000
95052  3.711  7.273  36.120 0.0000000000
95060  3.315  7.336  35.265 0.0000000000
95061  2.840  7.053  34.661 0.0000000000
95068  3.107  7.583  34.576 0.0000000000
95069  2.835  7.436  34.018 0.0000000000
95076  2.832  7.805  33.389 0.0000000000
95086  5.116  7.308  32.265 0.0000000000
95087  4.261  7.450  32.342 0.0000000000
95088  3.428  7.622  32.459 0.0000000000
95089  2.867  7.731  32.846 0.0000000000
95096  5.643  7.717  31.361 0.0000000000
95097  5.504  7.211  31.782 0.0000000000
95101  5.741  7.808  31.002 0.0000000000
95102  5.522  7.704  30.669 0.0000000000
95103  5.406  7.131  30.561 0.0000000000
95108  5.389  8.151  30.413 0.0000000000
95109  5.251  7.678  30.287 0.0000000000
95110  4.961  7.852  29.936 0.0000000000
95111  4.783  8.108  29.767 0.0000000000
95860  5.250  9.011  41.586 0.0000000000
95861  4.361  8.910  41.832 0.0000000000
95862  3.548  9.093  41.713 0.0000000000
95863  3.229  9.369  41.502 0.0000000000
95874  8.122  8.401  40.679 0.0000000000
95875  6.989  8.528  40.719 0.0000000000
95876  5.953  8.439  41.049 0.0000000000
95877  4.995  8.272  41.212 0.0000000000
95878  3.992  8.274  41.100 0.0000000000
95879  3.287  8.989  41.230 0.0000000000
95888  3.960  8.153  40.204 0.0000000000
95889  3.459  8.687  40.587 0.0000000000
95895  3.959  8.451  39.329 0.0000000000
95896  3.642  8.604  40.046 0.0000000000
95902  4.213  8.313  38.114 0.0000000000
95908  4.329  8.207  36.901 0.0000000000
95909  4.075  7.727  36.380 0.0000000000
95916  4.277  8.667  36.350 0.0000000000
95917  3.988  8.207  35.827 0.0000000000
95924  3.466  8.208  34.772 0.0000000000
95925  3.153  7.911  34.286 0.0000000000
95931  3.494  8.836  34.546 0.0000000000
95932  3.192  8.463  33.939 0.0000000000
95940  4.726  8.285  32.211 0.0000000000
95941  3.864  8.449  32.177 0.0000000000
95942  3.216  8.602  32.564 0.0000000000
95943  2.866  8.633  33.102 0.0000000000
95951  5.576  8.445  31.409 0.0000000000
95952  5.358  8.149  31.833 0.0000000000
95958  5.690  8.395  31.129 0.0000000000
95959  5.622  8.448  30.832 0.0000000000
95965  5.475  8.570  30.512 0.0000000000
95966  5.333  8.641  30.217 0.0000000000
95967  5.115  8.679  29.896 0.0000000000
95968  4.786  8.862  29.641 0.0000000000
95969  4.653  8.656  29.608 0.0000000000
95974  4.641  9.336  29.470 0.0000000000
95975  4.619  9.105  29.522 0.0000000000
96681  5.317  9.464  41.559 0.0000000000
96682  4.721  9.760  41.716 0.0000000000
96683  3.781  9.760  41.969 0.0000000000
96684  3.165  9.809  41.630 0.0000000000
96696  7.335  9.411  40.618 0.0000000000
96697  6.022  9.381  41.289 0.0000000000
96698  5.321  9.719  41.514 0.0000000000
96699  2.968  9.675  41.206 0.0000000000
96709  8.021  9.535  40.281 0.0000000000
96710  3.075  9.295  40.744 0.0000000000
96718  3.567  9.127  39.246 0.0000000000
96719  3.273  9.247  39.931 0.0000000000
96727  3.808  9.248  38.559 0.0000000000
96728  3.283  9.609  39.174 0.0000000000
96735  4.234  9.089  37.549 0.0000000000
96743  4.334  9.092  36.727 0.0000000000
96744  4.230  9.190  36.094 0.0000000000
96753  3.824  9.222  35.235 0.0000000000
96761  3.515  9.472  34.351 0.0000000000
96762  3.188  9.525  33.512 0.0000000000
96769  5.111  8.988  32.049 0.0000000000
96770  4.380  9.252  32.020 0.0000000000
96771  3.524  9.548  32.127 0.0000000000
96772  2.993  9.603  32.722 0.0000000000
96779  5.610  8.886  31.246 0.0000000000
96780  5.431  9.043  31.603 0.0000000000
96781  4.499  9.820  31.901 0.0000000000
96782  4.029  10.000  31.809 0.0000000000
96791  5.705  9.040  30.998 0.0000000000
96792  5.584  9.166  30.681 0.0000000000
96801  5.485  9.303  30.334 0.0000000000
96802  5.345  9.470  29.938 0.0000000000
96803  5.044  9.610  29.580 0.0000000000
96804  4.765  9.550  29.462 0.0000000000
96809  4.882  10.026  29.382 0.0000000000
96810  4.684  9.911  29.348 0.0000000000
97441  4.560  10.369  41.534 0.0000000000
97442  3.916  10.592  41.712 0.0000000000
97443  3.271  10.503  41.622 0.0000000000
97452  6.912  10.038  40.198 0.0000000000
97453  6.225  10.093  40.640 0.0000000000
97454  5.202  10.258  41.245 0.0000000000
97455  4.396  10.852  41.248 0.0000000000
97456  2.556  10.596  41.276 0.0000000000
97457  1.876  10.853  41.006 0.0000000000
97467  7.677  10.082  39.778 0.0000000000
97468  6.360  10.609  39.626 0.0000000000
97469  5.298  10.734  40.388 0.0000000000
97470  4.749  10.855  40.854 0.0000000000
97471  2.682  10.090  40.556 0.0000000000
97472  2.135  10.857  40.664 0.0000000000
97482  8.146  10.621  38.875 0.0000000000
97483  7.251  10.704  38.994 0.0000000000
97484  2.744  10.292  39.642 0.0000000000
97485  2.350  10.634  40.223 0.0000000000
97494  3.829  9.789  37.863 0.0000000000
97495  3.181  10.215  38.569 0.0000000000
97503  4.108  9.756  37.080 0.0000000000
97504  3.516  10.478  37.539 0.0000000000
97513  4.226  9.595  36.524 0.0000000000
97514  3.987  10.281  36.308 0.0000000000
97522  3.751  10.385  35.075 0.0000000000
97530  3.495  10.471  34.075 0.0000000000
97531  3.108  10.568  33.218 0.0000000000
97538  5.221  9.398  31.823 0.0000000000
97539  4.913  9.647  31.970 0.0000000000
97540  3.575  10.277  31.928 0.0000000000
97541  3.190  10.734  32.297 0.0000000000
97551  5.607  9.500  31.262 0.0000000000
97552  5.297  9.878  31.631 0.0000000000
97553  4.640  10.345  31.762 0.0000000000
97554  3.806  10.853  31.699 0.0000000000
97555  3.369  11.549  31.907 0.0000000000
97565  5.742  9.830  30.879 0.0000000000
97566  5.616  9.766  30.527 0.0000000000
97577  5.700  10.310  30.595 0.0000000000
97578  5.592  10.201  30.206 0.0000000000
97579  5.361  10.428  29.706 0.0000000000
97580  5.087  10.336  29.440 0.0000000000
97585  5.202  10.903  29.445 0.0000000000
97586  4.956  10.780  29.291 0.0000000000
97587  4.780  10.891  29.201 0.0000000000
98174  3.477  11.042  41.555 0.0000000000
98175  3.373  10.867  41.611 0.0000000000
98186  3.729  11.249  41.325 0.0000000000
98187  2.982  11.393  41.420 0.0000000000
98188  2.270  11.440  41.226 0.0000000000
98202  5.908  11.223  39.102 0.0000000000
98203  5.276  11.285  39.569 0.0000000000
98204  4.183  11.654  40.460 0.0000000000
98205  3.468  11.709  41.097 0.0000000000
98206  2.082  11.557  40.680 0.0000000000
98223  7.583  11.144  38.242 0.0000000000
98224  6.520  11.255  38.581 0.0000000000
98225  5.510  11.822  38.699 0.0000000000
98226  4.678  12.009  39.350 0.0000000000
98227  2.522  10.942  39.074 0.0000000000
98228  2.186  11.259  39.929 0.0000000000
98244  6.980  11.631  37.663 0.0000000000
98245  6.104  11.832  37.902 0.0000000000
98246  2.746  11.153  38.239 0.0000000000
98247  2.159  11.792  39.020 0.0000000000
98258  2.999  11.453  37.154 0.0000000000
98259  2.322  11.972  38.111 0.0000000000
98267  3.411  11.359  35.916 0.0000000000
98274  3.490  11.431  34.835 0.0000000000
98280  3.352  11.486  33.854 0.0000000000
98281  3.066  11.594  33.053 0.0000000000
98287  3.122  11.953  32.404 0.0000000000
98299  5.598  10.305  31.238 0.0000000000
98300  5.243  10.799  31.534 0.0000000000
98301  4.574  11.333  31.596 0.0000000000
98302  3.836  11.871  31.596 0.0000000000
98303  3.316  12.402  31.903 0.0000000000
98314  5.798  10.705  30.897 0.0000000000
98327  5.767  11.003  30.492 0.0000000000
98328  5.701  11.159  30.033 0.0000000000
98329  5.441  11.404  29.602 0.0000000000
98338  5.210  11.633  29.314 0.0000000000
98339  5.023  11.885  29.119 0.0000000000
98946  2.871  12.158  41.190 0.0000000000
98947  2.514  11.734  41.245 0.0000000000
98959  3.529  12.562  40.247 0.0000000000
98960  2.998  12.212  40.763 0.0000000000
98961  2.375  11.950  40.901 0.0000000000
98975  4.787  12.541  38.741 0.0000000000
98976  3.932  12.905  39.402 0.0000000000
98977  2.985  13.093  39.925 0.0000000000
98978  2.080  12.583  39.983 0.0000000000
98989  7.288  12.048  37.004 0.0000000000
98990  6.449  12.248  37.231 0.0000000000
98991  5.428  12.740  37.791 0.0000000000
98992  4.521  13.214  38.461 0.0000000000
98993  1.961  12.776  38.704 0.0000000000
99004  6.988  12.685  36.587 0.0000000000
99005  6.112  12.915  36.852 0.0000000000
99006  2.797  12.136  36.507 0.0000000000
99007  2.290  12.706  37.496 0.0000000000
99012  3.003  12.234  35.624 0.0000000000
99013  2.473  12.966  36.418 0.0000000000
99020  3.118  12.457  34.613 0.0000000000
99021  2.639  13.009  35.509 0.0000000000
99028  3.187  12.324  33.668 0.0000000000
99029  3.073  12.536  33.091 0.0000000000
99035  3.068  12.955  32.506 0.0000000000
99050  5.598  11.063  31.201 0.0000000000
99051  5.303  11.793  31.420 0.0000000000
99052  4.519  12.325  31.541 0.0000000000
99053  3.774  12.817  31.549 0.0000000000
99054  3.194  13.350  31.872 0.0000000000
99067  5.833  11.674  30.933 0.0000000000
99068  5.633  12.464  31.159 0.0000000000
99079  5.850  11.953  30.342 0.0000000000
99080  5.705  12.240  29.797 0.0000000000
99081  5.449  12.146  29.451 0.0000000000
99089  5.571  12.791  29.473 0.0000000000
99090  5.352  12.720  29.191 0.0000000000
99091  5.246  13.221  28.948 0.0000000000
99743  3.192  14.005  39.250 0.0000000000
99744  2.426  13.797  39.403 0.0000000000
99745  1.922  13.682  39.101 0.0000000000
99750  4.687  13.835  37.750 0.0000000000
99751  3.985  14.014  38.619 0.0000000000
99752  1.832  13.713  38.276 0.0000000000
99762  7.620  13.250  36.103 0.0000000000
99763  6.539  13.605  36.270 0.0000000000
99764  5.532  13.679  36.948 0.0000000000
99765  2.054  13.833  37.259 0.0000000000
99774  8.199  13.898  35.680 0.0000000000
99775  7.307  13.960  35.739 0.0000000000
99776  2.259  13.849  36.132 0.0000000000
99784  3.033  12.969  34.029 0.0000000000
99785  2.644  13.620  34.860 0.0000000000
99792  3.079  12.848  33.557 0.0000000000
99793  2.894  13.553  33.536 0.0000000000
99803  2.860  13.976  32.517 0.0000000000
99820  5.174  12.831  31.477 0.0000000000
99821  4.436  13.283  31.480 0.0000000000
99822  3.673  13.760  31.475 0.0000000000
99823  3.031  14.312  31.772 0.0000000000
99833  5.840  12.680  30.710 0.0000000000
99834  5.585  13.287  31.096 0.0000000000
99841  5.849  12.981  30.167 0.0000000000
99842  5.774  13.311  29.706 0.0000000000
99851  5.620  13.572  29.319 0.0000000000
99852  5.432  13.883  28.991 0.0000000000
99853  5.228  14.459  28.753 0.0000000000
100521  2.620  14.616  39.055 0.0000000000
100522  1.988  14.556  39.038 0.0000000000
100523  1.822  14.251  38.707 0.0000000000
100527  4.173  14.647  37.920 0.0000000000
100528  3.293  15.009  38.392 0.0000000000
100529  2.380  15.164  38.522 0.0000000000
100530  1.860  14.765  38.095 0.0000000000
100535  5.825  14.342  36.388 0.0000000000
100536  4.868  14.802  36.955 0.0000000000
100537  4.016  15.325  37.601 0.0000000000
100538  2.001  14.804  36.965 0.0000000000
100544  8.716  14.667  35.348 0.0000000000
100545  7.677  14.663  35.374 0.0000000000
100546  6.583  14.668  35.769 0.0000000000
100547  5.701  15.048  36.191 0.0000000000
100548  2.313  14.813  35.795 0.0000000000
100554  2.581  14.731  34.532 0.0000000000
100564  2.630  14.790  33.358 0.0000000000
100575  2.629  14.986  32.361 0.0000000000
100592  5.075  13.757  31.416 0.0000000000
100593  4.344  14.192  31.347 0.0000000000
100594  3.594  14.715  31.372 0.0000000000
100595  2.936  15.278  31.641 0.0000000000
100606  5.811  13.668  30.556 0.0000000000
100607  5.462  14.247  30.986 0.0000000000
100617  6.023  14.019  30.014 0.0000000000
100618  5.848  14.267  29.541 0.0000000000
100628  5.685  14.534  29.150 0.0000000000
100629  5.449  14.927  28.824 0.0000000000
100630  5.143  15.327  28.582 0.0000000000
101293  2.756  15.688  37.995 0.0000000000
101294  2.191  15.652  37.821 0.0000000000
101295  1.976  15.356  37.490 0.0000000000
101300  4.305  15.891  36.946 0.0000000000
101301  3.429  15.991  37.456 0.0000000000
101302  2.705  16.249  37.333 0.0000000000
101303  2.228  15.882  36.768 0.0000000000
101307  9.217  15.705  35.084 0.0000000000
101308  8.174  15.431  34.974 0.0000000000
101309  7.085  15.605  35.193 0.0000000000
101310  6.085  15.670  35.676 0.0000000000
101311  5.219  15.833  36.331 0.0000000000
101312  2.491  15.815  35.426 0.0000000000
101314  9.033  16.260  34.844 0.0000000000
101315  8.540  16.175  34.786 0.0000000000
101316  7.744  16.099  34.793 0.0000000000
101317  2.612  15.772  34.214 0.0000000000
101324  2.582  15.811  33.101 0.0000000000
101331  2.564  15.924  32.156 0.0000000000
101342  4.953  14.561  31.308 0.0000000000
101343  4.327  15.092  31.212 0.0000000000
101344  3.528  15.726  31.199 0.0000000000
101345  2.914  16.152  31.545 0.0000000000
101356  5.785  14.790  30.415 0.0000000000
101357  5.200  15.384  30.977 0.0000000000
101358  4.309  15.961  30.984 0.0000000000
101359  3.732  16.353  31.015 0.0000000000
101371  6.060  15.161  29.766 0.0000000000
101372  5.887  15.036  29.346 0.0000000000
101384  6.017  15.659  29.340 0.0000000000
101385  5.841  15.569  28.960 0.0000000000
101386  5.409  15.874  28.596 0.0000000000
101387  5.049  16.132  28.373 0.0000000000
102032  3.906  16.584  36.923 0.0000000000
102033  3.346  17.095  36.900 0.0000000000
102034  2.501  17.024  36.787 0.0000000000
102035  2.432  16.810  36.028 0.0000000000
102038  9.836  16.691  35.068 0.0000000000
102039  9.298  16.366  34.909 0.0000000000
102040  6.425  16.273  35.297 0.0000000000
102041  5.671  16.748  35.651 0.0000000000
102042  4.593  16.793  36.445 0.0000000000
102043  3.973  17.044  36.746 0.0000000000
102044  2.581  16.755  34.977 0.0000000000
102047  9.523  17.260  34.738 0.0000000000
102048  8.995  16.862  34.690 0.0000000000
102049  7.978  16.825  34.631 0.0000000000
102050  6.966  16.631  34.851 0.0000000000
102051  6.306  16.772  35.194 0.0000000000
102052  2.750  16.719  33.846 0.0000000000
102058  2.663  16.719  32.769 0.0000000000
102063  2.711  16.696  31.912 0.0000000000
102070  3.297  16.664  31.256 0.0000000000
102071  2.974  16.685  31.551 0.0000000000
102080  5.819  16.319  30.258 0.0000000000
102081  4.944  16.561  30.892 0.0000000000
102082  4.076  16.709  30.899 0.0000000000
102083  3.636  16.744  31.031 0.0000000000
102094  6.159  16.144  29.571 0.0000000000
102104  6.105  16.417  29.075 0.0000000000
102105  5.747  16.594  28.635 0.0000000000
102106  5.303  16.786  28.302 0.0000000000
102107  5.050  16.799  28.156 0.0000000000
102119  5.144  17.218  28.048 0.0000000000
102120  5.036  17.397  27.916 0.0000000000
102728  3.519  17.990  36.446 0.0000000000
102729  2.896  17.913  36.365 0.0000000000
102730  2.568  17.406  36.255 0.0000000000
102734  5.602  17.450  35.479 0.0000000000
102735  4.971  17.763  35.812 0.0000000000
102736  4.078  17.589  36.509 0.0000000000
102737  2.828  18.255  35.894 0.0000000000
102738  2.622  17.712  35.626 0.0000000000
102740  9.925  17.754  34.761 0.0000000000
102741  9.200  17.796  34.524 0.0000000000
102742  8.312  17.701  34.473 0.0000000000
102743  7.277  17.606  34.607 0.0000000000
102744  6.168  17.494  35.068 0.0000000000
102745  5.569  17.814  35.388 0.0000000000
102746  2.971  18.290  34.282 0.0000000000
102747  2.762  17.582  34.556 0.0000000000
102752  3.077  18.338  33.740 0.0000000000
102753  2.927  17.727  33.423 0.0000000000
102758  2.766  17.468  32.287 0.0000000000
102765  3.267  17.149  31.283 0.0000000000
102766  3.006  17.244  31.510 0.0000000000
102775  5.953  17.742  30.069 0.0000000000
102776  5.296  17.485  30.599 0.0000000000
102777  4.369  17.410  30.816 0.0000000000
102778  3.556  17.255  31.057 0.0000000000
102779  3.248  17.391  31.273 0.0000000000
102789  6.270  17.271  29.443 0.0000000000
102799  6.100  17.386  28.734 0.0000000000
102800  5.676  17.622  28.237 0.0000000000
102801  5.319  17.379  28.098 0.0000000000
102810  5.628  18.252  27.931 0.0000000000
102811  5.311  17.955  27.850 0.0000000000
102812  5.102  18.314  27.615 0.0000000000
103398  3.602  18.315  36.308 0.0000000000
103399  3.368  18.353  36.259 0.0000000000
103405  4.782  18.578  35.661 0.0000000000
103406  3.995  18.552  36.104 0.0000000000
103407  3.140  18.858  35.869 0.0000000000
103408  2.837  18.422  35.510 0.0000000000
103412  9.585  18.669  34.490 0.0000000000
103413  8.675  18.634  34.315 0.0000000000
103414  7.675  18.574  34.420 0.0000000000
103415  6.633  18.522  34.710 0.0000000000
103416  5.540  18.576  35.235 0.0000000000
103417  3.027  18.940  34.888 0.0000000000
103418  2.737  18.229  35.011 0.0000000000
103424  3.154  18.921  33.852 0.0000000000
103425  3.075  18.448  33.331 0.0000000000
103431  3.147  18.919  33.077 0.0000000000
103432  2.941  18.373  32.565 0.0000000000
103438  2.846  18.062  31.717 0.0000000000
103446  6.029  18.391  30.045 0.0000000000
103447  5.538  18.472  30.349 0.0000000000
103448  4.582  18.333  30.648 0.0000000000
103449  3.742  18.098  30.860 0.0000000000
103450  3.229  17.876  31.223 0.0000000000
103460  6.305  18.521  29.635 0.0000000000
103461  5.997  18.844  30.034 0.0000000000
103472  6.414  18.516  28.769 0.0000000000
103473  6.091  18.040  28.413 0.0000000000
103483  6.336  19.357  28.311 0.0000000000
103484  5.992  18.736  28.079 0.0000000000
103485  5.565  18.787  27.708 0.0000000000
103486  5.240  18.871  27.489 0.0000000000
103488  4.788  19.005  27.189 0.0000000000
104041  4.717  19.414  35.495 0.0000000000
104042  3.874  19.677  35.635 0.0000000000
104043  3.507  19.803  35.089 0.0000000000
104047  9.965  19.648  34.620 0.0000000000
104048  9.072  19.607  34.291 0.0000000000
104049  8.075  19.551  34.285 0.0000000000
104050  7.078  19.489  34.510 0.0000000000
104051  6.132  19.457  34.772 0.0000000000
104052  5.455  19.609  35.124 0.0000000000
104053  3.384  19.818  34.223 0.0000000000
104061  3.285  19.656  33.243 0.0000000000
104069  3.076  19.251  32.421 0.0000000000
104070  2.909  18.760  31.868 0.0000000000
104077  3.061  19.456  31.558 0.0000000000
104078  3.082  18.644  31.273 0.0000000000
104085  5.615  19.232  30.198 0.0000000000
104086  4.863  19.241  30.453 0.0000000000
104087  3.642  19.243  30.674 0.0000000000
104088  3.374  18.468  30.991 0.0000000000
104097  6.587  19.368  29.221 0.0000000000
104098  6.107  19.600  29.784 0.0000000000
104110  6.526  19.733  28.660 0.0000000000
104122  6.430  20.034  28.228 0.0000000000
104123  6.198  19.831  27.921 0.0000000000
104124  6.017  19.808  27.765 0.0000000000
104125  5.430  19.402  27.488 0.0000000000
104127  5.476  19.969  27.408 0.0000000000
104128  5.196  19.813  27.283 0.0000000000
104679  5.150  20.359  35.200 0.0000000000
104680  4.425  20.473  35.399 0.0000000000
104681  3.842  20.689  35.239 0.0000000000
104693  9.430  20.605  34.470 0.0000000000
104694  8.462  20.537  34.365 0.0000000000
104695  7.460  20.467  34.439 0.0000000000
104696  6.489  20.376  34.647 0.0000000000
104697  5.768  20.213  34.889 0.0000000000
104698  3.609  20.914  34.534 0.0000000000
104710  3.443  20.683  33.530 0.0000000000
104718  3.248  20.363  32.329 0.0000000000
104726  3.183  20.440  31.120 0.0000000000
104734  5.297  19.960  30.150 0.0000000000
104735  4.381  20.086  30.230 0.0000000000
104736  3.751  20.595  30.390 0.0000000000
104744  6.511  20.561  29.137 0.0000000000
104745  5.762  20.693  29.780 0.0000000000
104746  4.821  20.788  30.009 0.0000000000
104747  4.208  20.747  30.066 0.0000000000
104758  6.557  20.655  28.392 0.0000000000
104768  6.427  20.650  27.900 0.0000000000
104769  5.993  20.661  27.488 0.0000000000
104770  5.661  20.255  27.429 0.0000000000
104773  5.815  21.222  27.179 0.0000000000
104774  5.500  20.759  27.166 0.0000000000
104775  5.177  20.728  26.984 0.0000000000
105282  4.896  21.140  35.231 0.0000000000
105283  4.305  21.419  35.276 0.0000000000
105284  3.833  21.647  34.988 0.0000000000
105296  9.727  21.573  34.600 0.0000000000
105297  8.826  21.503  34.509 0.0000000000
105298  7.840  21.442  34.533 0.0000000000
105299  6.829  21.352  34.677 0.0000000000
105300  5.759  21.233  35.022 0.0000000000
105301  3.621  21.911  34.550 0.0000000000
105317  3.500  21.737  33.893 0.0000000000
105332  3.454  21.574  32.854 0.0000000000
105346  3.295  21.493  31.710 0.0000000000
105356  3.384  21.513  30.648 0.0000000000
105365  6.415  21.443  28.941 0.0000000000
105366  6.051  21.497  29.301 0.0000000000
105367  5.185  21.568  29.615 0.0000000000
105368  4.103  21.558  29.875 0.0000000000
105381  6.591  21.473  28.567 0.0000000000
105388  6.644  21.553  27.945 0.0000000000
105389  6.353  21.297  27.593 0.0000000000
105392  6.456  21.959  27.500 0.0000000000
105393  6.139  21.730  27.208 0.0000000000
105394  5.715  21.783  26.888 0.0000000000
105395  5.303  21.712  26.715 0.0000000000
105396  5.149  21.514  26.717 0.0000000000
105399  5.141  22.160  26.515 0.0000000000
105893  5.738  22.656  35.307 0.0000000000
105894  4.998  22.134  35.316 0.0000000000
105895  4.120  22.312  35.247 0.0000000000
105896  3.703  22.507  34.905 0.0000000000
105899  10.036  22.426  34.717 0.0000000000
105900  9.199  22.417  34.628 0.0000000000
105901  8.239  22.389  34.652 0.0000000000
105902  7.215  22.328  34.800 0.0000000000
105903  6.301  22.146  35.087 0.0000000000
105904  5.710  22.042  35.246 0.0000000000
105905  3.526  22.636  34.288 0.0000000000
105912  3.519  22.611  33.379 0.0000000000
105921  3.431  22.554  32.296 0.0000000000
105932  3.341  22.523  31.183 0.0000000000
105943  3.575  22.509  30.170 0.0000000000
105955  6.321  22.266  28.801 0.0000000000
105956  5.621  22.379  29.228 0.0000000000
105957  4.648  22.466  29.412 0.0000000000
105958  4.009  22.496  29.675 0.0000000000
105968  6.712  22.409  28.240 0.0000000000
105970  6.639  22.590  27.651 0.0000000000
105972  6.433  22.657  27.168 0.0000000000
105973  6.059  22.626  26.781 0.0000000000
105974  5.530  22.762  26.469 0.0000000000
105975  5.234  22.411  26.458 0.0000000000
105978  5.389  23.385  26.155 0.0000000000
105979  5.229  23.094  26.182 0.0000000000
106515  5.740  23.200  35.358 0.0000000000
106516  5.191  23.106  35.409 0.0000000000
106517  4.405  23.084  35.409 0.0000000000
106518  3.862  22.985  35.229 0.0000000000
106527  9.638  23.270  34.686 0.0000000000
106528  8.686  23.283  34.710 0.0000000000
106529  7.661  23.288  34.875 0.0000000000
106530  6.451  23.263  35.182 0.0000000000
106531  3.941  23.517  35.325 0.0000000000
106532  3.587  23.435  34.850 0.0000000000
106540  3.497  23.540  33.927 0.0000000000
106549  3.457  23.568  32.910 0.0000000000
106558  3.402  23.551  31.806 0.0000000000
106567  3.479  23.530  30.683 0.0000000000
106574  6.329  22.809  28.762 0.0000000000
106575  6.084  23.004  28.965 0.0000000000
106576  5.170  23.393  28.984 0.0000000000
106577  4.011  23.499  29.564 0.0000000000
106579  6.449  23.163  28.529 0.0000000000
106580  5.981  23.853  28.773 0.0000000000
106581  5.342  24.228  28.681 0.0000000000
106583  6.752  23.456  27.870 0.0000000000
106586  6.657  23.584  27.232 0.0000000000
106587  6.364  23.569  26.692 0.0000000000
106588  5.936  23.332  26.463 0.0000000000
106592  6.096  23.930  26.304 0.0000000000
106593  5.670  23.810  26.131 0.0000000000
106594  5.313  23.937  25.874 0.0000000000
106595  5.125  24.055  25.754 0.0000000000
107203  5.555  23.735  35.373 0.0000000000
107204  4.736  23.764  35.440 0.0000000000
107205  4.244  23.684  35.413 0.0000000000
107220  9.176  24.116  34.551 0.0000000000
107221  8.179  24.160  34.715 0.0000000000
107222  7.154  24.251  34.984 0.0000000000
107223  6.104  24.429  35.168 0.0000000000
107224  5.081  24.539  35.256 0.0000000000
107225  4.062  24.280  35.226 0.0000000000
107226  3.636  24.384  34.448 0.0000000000
107237  3.463  24.530  33.528 0.0000000000
107244  3.437  24.562  32.464 0.0000000000
107248  3.543  24.551  31.363 0.0000000000
107250  3.752  24.517  30.323 0.0000000000
107252  4.622  24.494  28.925 0.0000000000
107253  4.086  24.681  29.579 0.0000000000
107255  6.397  24.353  28.151 0.0000000000
107256  5.762  24.655  28.419 0.0000000000
107257  5.133  24.798  28.432 0.0000000000
107260  6.891  25.218  27.223 0.0000000000
107261  6.803  24.689  27.371 0.0000000000
107264  6.941  25.170  26.967 0.0000000000
107265  6.680  24.623  26.698 0.0000000000
107266  6.366  24.330  26.375 0.0000000000
107269  6.494  24.872  26.254 0.0000000000
107270  6.096  24.693  25.988 0.0000000000
107271  5.535  24.716  25.721 0.0000000000
107272  5.157  24.723  25.550 0.0000000000
107273  4.989  24.557  25.546 0.0000000000
107276  4.774  24.903  25.343 0.0000000000
107840  9.619  24.863  34.098 0.0000000000
107841  8.639  24.866  34.218 0.0000000000
107842  7.668  24.992  34.479 0.0000000000
107843  6.678  25.152  34.712 0.0000000000
107844  5.598  25.377  34.799 0.0000000000
107845  4.536  25.293  34.764 0.0000000000
107846  3.905  24.910  34.731 0.0000000000
107858  9.070  25.492  33.610 0.0000000000
107859  8.105  25.569  33.813 0.0000000000
107860  7.150  25.740  34.084 0.0000000000
107861  6.294  25.857  34.347 0.0000000000
107862  4.337  25.775  34.395 0.0000000000
107863  3.801  25.466  34.156 0.0000000000
107874  3.493  25.548  33.083 0.0000000000
107885  3.559  25.564  32.031 0.0000000000
107896  4.009  25.951  30.167 0.0000000000
107897  3.742  25.575  30.906 0.0000000000
107906  4.233  25.653  29.217 0.0000000000
107907  3.992  25.265  30.034 0.0000000000
107909  6.030  25.134  28.130 0.0000000000
107910  5.374  25.472  28.072 0.0000000000
107911  4.765  25.318  28.497 0.0000000000
107914  7.027  25.719  27.125 0.0000000000
107915  6.387  25.466  27.699 0.0000000000
107916  5.900  25.615  27.979 0.0000000000
107918  6.912  25.649  26.457 0.0000000000
107919  6.678  25.180  26.327 0.0000000000
107922  6.962  25.992  26.023 0.0000000000
107923  6.602  25.578  25.895 0.0000000000
107924  6.125  25.918  25.424 0.0000000000
107925  5.335  25.425  25.323 0.0000000000
107926  5.112  25.285  25.291 0.0000000000
107928  5.731  26.390  25.031 0.0000000000
107929  5.452  26.191  24.980 0.0000000000
107930  5.145  25.927  24.951 0.0000000000
108441  5.066  25.734  34.579 0.0000000000
108442  4.739  25.909  34.441 0.0000000000
108451  9.492  26.163  33.068 0.0000000000
108452  8.542  26.135  33.166 0.0000000000
108453  7.574  26.267  33.402 0.0000000000
108454  6.539  26.501  33.645 0.0000000000
108455  5.434  26.264  34.195 0.0000000000
108456  4.425  26.336  34.080 0.0000000000
108457  3.846  26.433  33.474 0.0000000000
108463  9.818  26.776  32.592 0.0000000000
108464  8.991  26.698  32.564 0.0000000000
108465  8.017  26.778  32.723 0.0000000000
108466  7.074  26.886  33.007 0.0000000000
108467  6.578  26.944  33.215 0.0000000000
108468  3.643  26.552  32.612 0.0000000000
108475  3.680  26.544  31.672 0.0000000000
108483  4.157  26.672  29.911 0.0000000000
108484  3.884  26.614  30.794 0.0000000000
108495  4.314  26.687  29.038 0.0000000000
108505  5.201  25.975  27.874 0.0000000000
108506  4.699  26.251  28.113 0.0000000000
108509  7.154  26.688  27.025 0.0000000000
108510  6.623  26.486  27.421 0.0000000000
108511  5.646  26.291  27.768 0.0000000000
108512  5.021  26.722  27.642 0.0000000000
108515  7.212  26.491  26.531 0.0000000000
108518  7.141  26.353  26.100 0.0000000000
108519  6.902  26.503  25.672 0.0000000000
108520  6.417  26.274  25.429 0.0000000000
108523  6.569  26.869  25.276 0.0000000000
108524  6.074  26.754  25.039 0.0000000000
108525  5.611  26.914  24.755 0.0000000000
108526  5.186  26.905  24.623 0.0000000000
108527  4.940  26.908  24.563 0.0000000000
108531  4.946  27.289  24.422 0.0000000000
108532  4.923  27.543  24.310 0.0000000000
109013  6.333  26.968  33.322 0.0000000000
109014  5.843  26.975  33.499 0.0000000000
109015  4.988  26.978  33.621 0.0000000000
109016  4.336  26.987  33.507 0.0000000000
109022  9.511  27.337  32.158 0.0000000000
109023  8.540  27.376  32.158 0.0000000000
109024  7.435  27.562  32.374 0.0000000000
109025  6.376  27.440  32.934 0.0000000000
109026  5.427  27.688  33.242 0.0000000000
109027  4.615  27.723  33.313 0.0000000000
109028  3.933  27.523  33.044 0.0000000000
109033  9.930  27.938  31.920 0.0000000000
109034  9.149  28.000  31.712 0.0000000000
109035  8.126  28.105  31.775 0.0000000000
109036  7.307  28.288  31.944 0.0000000000
109037  3.735  28.030  31.546 0.0000000000
109038  3.631  27.621  32.171 0.0000000000
109042  4.086  27.638  30.708 0.0000000000
109043  3.766  27.294  31.394 0.0000000000
109049  4.362  27.523  29.582 0.0000000000
109059  4.463  27.356  28.566 0.0000000000
109064  6.900  27.368  27.135 0.0000000000
109065  6.156  27.331  27.482 0.0000000000
109066  5.316  27.265  27.501 0.0000000000
109067  4.736  27.264  27.795 0.0000000000
109070  7.309  27.362  26.633 0.0000000000
109073  7.305  27.247  25.919 0.0000000000
109074  6.907  27.377  25.339 0.0000000000
109077  6.499  27.477  24.980 0.0000000000
109078  5.987  27.626  24.642 0.0000000000
109079  5.385  27.722  24.400 0.0000000000
109080  5.103  27.458  24.406 0.0000000000
109084  5.217  28.133  24.178 0.0000000000
109085  5.076  27.933  24.180 0.0000000000
109086  4.929  28.083  24.055 0.0000000000
109544  6.627  28.190  32.318 0.0000000000
109545  5.788  28.413  32.692 0.0000000000
109546  5.010  28.519  33.169 0.0000000000
109547  4.214  28.593  33.146 0.0000000000
109548  3.752  28.628  32.633 0.0000000000
109555  8.704  28.801  31.390 0.0000000000
109556  7.655  28.870  31.599 0.0000000000
109557  6.733  28.837  31.930 0.0000000000
109558  6.215  28.716  32.278 0.0000000000
109559  3.843  28.860  31.272 0.0000000000
109560  3.466  28.717  32.017 0.0000000000
109564  4.375  28.537  30.196 0.0000000000
109569  4.513  28.298  29.066 0.0000000000
109577  4.597  28.141  28.078 0.0000000000
109582  7.074  27.973  26.773 0.0000000000
109583  6.498  28.253  27.036 0.0000000000
109584  5.606  28.108  27.274 0.0000000000
109585  4.935  27.950  27.492 0.0000000000
109587  7.333  28.400  26.251 0.0000000000
109588  6.931  28.435  26.675 0.0000000000
109591  7.077  28.377  25.335 0.0000000000
109592  6.815  27.896  25.049 0.0000000000
109595  6.949  28.935  24.857 0.0000000000
109596  6.561  28.429  24.707 0.0000000000
109597  5.803  28.591  24.274 0.0000000000
109598  5.389  28.293  24.204 0.0000000000
109601  5.766  28.974  24.120 0.0000000000
109602  5.316  28.742  24.001 0.0000000000
109603  5.052  28.712  23.889 0.0000000000
110063  5.318  28.990  32.838 0.0000000000
110064  4.693  29.494  32.950 0.0000000000
110065  3.731  29.530  33.023 0.0000000000
110066  3.364  29.607  32.417 0.0000000000
110079  9.181  29.644  31.110 0.0000000000
110080  8.092  29.654  31.287 0.0000000000
110081  6.981  29.643  31.615 0.0000000000
110082  5.793  29.473  32.326 0.0000000000
110083  5.084  30.005  32.671 0.0000000000
110084  3.510  29.780  31.384 0.0000000000
110085  3.279  29.607  31.832 0.0000000000
110096  4.095  29.623  30.698 0.0000000000
110108  4.557  29.313  29.551 0.0000000000
110121  4.648  28.947  28.526 0.0000000000
110131  6.372  28.725  26.891 0.0000000000
110132  5.943  28.822  27.025 0.0000000000
110133  4.923  29.053  27.459 0.0000000000
110141  7.134  29.176  26.150 0.0000000000
110142  6.609  29.091  26.608 0.0000000000
110143  5.594  29.628  26.788 0.0000000000
110144  4.928  29.932  26.986 0.0000000000
110147  7.189  29.301  25.663 0.0000000000
110154  7.146  29.509  24.998 0.0000000000
110155  6.779  29.483  24.527 0.0000000000
110156  6.327  29.184  24.322 0.0000000000
110164  6.503  29.783  24.178 0.0000000000
110165  6.033  29.642  23.949 0.0000000000
110166  5.530  29.659  23.711 0.0000000000
110167  5.155  29.531  23.614 0.0000000000
110168  5.001  29.345  23.640 0.0000000000
110177  4.854  29.967  23.348 0.0000000000
110634  4.619  30.317  32.767 0.0000000000
110635  3.970  30.386  32.943 0.0000000000
110636  3.311  30.490  32.722 0.0000000000
110655  8.537  30.416  30.912 0.0000000000
110656  7.426  30.593  31.214 0.0000000000
110657  6.284  30.528  31.708 0.0000000000
110658  5.190  30.656  32.328 0.0000000000
110659  3.167  30.137  31.651 0.0000000000
110660  2.923  30.546  32.049 0.0000000000
110674  8.891  31.139  30.616 0.0000000000
110675  8.077  31.091  30.780 0.0000000000
110676  3.353  30.609  31.226 0.0000000000
110677  2.880  31.064  31.677 0.0000000000
110692  4.810  30.883  29.187 0.0000000000
110693  4.349  30.531  30.061 0.0000000000
110706  4.995  30.816  28.267 0.0000000000
110707  4.760  29.951  28.646 0.0000000000
110716  4.940  30.849  27.367 0.0000000000
110717  4.862  30.160  27.579 0.0000000000
110728  6.969  29.866  26.019 0.0000000000
110729  6.215  30.351  26.327 0.0000000000
110730  5.221  30.590  26.683 0.0000000000
110731  4.861  30.384  27.075 0.0000000000
110744  7.297  30.522  25.324 0.0000000000
110745  6.771  30.659  25.854 0.0000000000
110754  7.108  30.477  24.434 0.0000000000
110755  6.776  30.064  24.235 0.0000000000
110761  7.107  30.967  23.909 0.0000000000
110762  6.647  30.515  23.826 0.0000000000
110763  5.907  30.667  23.415 0.0000000000
110764  5.344  30.297  23.393 0.0000000000
110765  5.126  30.117  23.380 0.0000000000
110768  5.778  31.303  23.104 0.0000000000
110769  5.463  31.080  23.122 0.0000000000
110770  5.163  30.763  23.161 0.0000000000
111239  4.280  30.999  32.698 0.0000000000
111240  3.532  31.381  32.773 0.0000000000
111241  3.004  31.401  32.490 0.0000000000
111248  6.667  31.228  31.352 0.0000000000
111249  5.755  31.643  31.659 0.0000000000
111250  4.596  31.588  32.298 0.0000000000
111251  3.997  31.580  32.680 0.0000000000
111252  2.764  31.583  31.902 0.0000000000
111263  8.270  31.795  30.572 0.0000000000
111264  7.280  31.629  30.933 0.0000000000
111265  6.545  31.756  31.266 0.0000000000
111266  3.611  31.678  30.721 0.0000000000
111267  3.027  31.495  31.407 0.0000000000
111278  5.017  31.590  28.959 0.0000000000
111279  4.446  31.596  29.832 0.0000000000
111288  5.195  31.575  27.968 0.0000000000
111301  5.075  31.575  26.971 0.0000000000
111316  6.400  31.013  25.992 0.0000000000
111317  5.777  31.492  26.132 0.0000000000
111332  7.389  31.567  25.107 0.0000000000
111333  6.740  31.513  25.619 0.0000000000
111334  6.153  32.015  25.697 0.0000000000
111338  7.417  31.265  24.667 0.0000000000
111343  6.467  31.235  23.386 0.0000000000
111349  5.659  31.794  22.805 0.0000000000
111350  5.260  31.676  22.759 0.0000000000
111351  5.100  31.485  22.810 0.0000000000
111362  5.079  32.059  22.546 0.0000000000
111844  3.389  31.844  32.705 0.0000000000
111845  3.167  31.903  32.657 0.0000000000
111852  5.621  32.485  31.542 0.0000000000
111853  4.864  32.439  31.876 0.0000000000
111854  3.746  32.219  32.423 0.0000000000
111855  3.101  32.359  32.133 0.0000000000
111867  7.602  32.530  30.626 0.0000000000
111868  6.450  32.528  31.136 0.0000000000
111869  3.425  32.489  30.741 0.0000000000
111870  3.064  32.496  31.299 0.0000000000
111881  4.660  32.400  29.521 0.0000000000
111882  3.938  32.459  30.252 0.0000000000
111892  5.232  32.376  28.692 0.0000000000
111902  5.370  32.413  27.654 0.0000000000
111914  5.254  32.456  26.585 0.0000000000
111922  7.110  32.150  25.154 0.0000000000
111923  6.447  32.495  25.318 0.0000000000
111924  5.671  32.530  25.726 0.0000000000
111940  5.466  32.367  22.442 0.0000000000
111941  5.232  32.235  22.476 0.0000000000
111951  5.263  32.794  22.122 0.0000000000
112512  5.475  33.333  31.509 0.0000000000
112513  4.312  33.392  31.926 0.0000000000
112514  3.492  33.396  32.023 0.0000000000
112515  3.208  33.404  31.553 0.0000000000
112522  7.071  33.341  30.690 0.0000000000
112523  6.348  33.538  31.077 0.0000000000
112524  3.379  33.260  30.585 0.0000000000
112525  3.050  33.574  31.108 0.0000000000
112530  4.903  33.109  29.267 0.0000000000
112531  4.162  33.259  29.865 0.0000000000
112535  5.397  33.283  28.505 0.0000000000
112539  5.493  33.369  27.331 0.0000000000
112572  5.182  33.504  21.588 0.0000000000
113159  4.859  34.450  31.683 0.0000000000
113160  3.914  34.443  31.878 0.0000000000
113161  3.382  34.373  31.544 0.0000000000
113170  3.159  34.407  30.734 0.0000000000
113171  3.110  34.229  31.225 0.0000000000
113178  4.640  34.226  29.414 0.0000000000
113179  3.671  34.084  30.122 0.0000000000
