#!ascii label  , from subject bert vox2ras=TkReg
433
75992  26.329  -13.060  -22.038 0.0000000000
75993  25.602  -12.989  -21.588 0.0000000000
76003  28.403  -12.834  -22.409 0.0000000000
76004  28.036  -12.964  -22.444 0.0000000000
76005  27.387  -13.104  -22.427 0.0000000000
76006  26.911  -13.123  -22.334 0.0000000000
77052  25.143  -12.665  -21.454 0.0000000000
77053  24.522  -12.363  -21.063 0.0000000000
77069  26.171  -12.138  -22.522 0.0000000000
77070  25.475  -12.359  -21.957 0.0000000000
77071  24.978  -12.303  -21.566 0.0000000000
77083  28.346  -12.414  -22.475 0.0000000000
77084  27.517  -12.439  -22.669 0.0000000000
77085  26.844  -12.629  -22.569 0.0000000000
78090  24.015  -11.350  -21.239 0.0000000000
78091  23.713  -11.865  -20.508 0.0000000000
78105  26.087  -11.643  -22.871 0.0000000000
78106  25.432  -11.402  -22.555 0.0000000000
78107  24.799  -11.760  -21.760 0.0000000000
78119  28.468  -11.728  -22.489 0.0000000000
78120  27.744  -11.672  -22.811 0.0000000000
78121  26.761  -11.717  -23.116 0.0000000000
78122  26.012  -11.224  -23.130 0.0000000000
79097  22.771  -10.005  -18.392 0.0000000000
79105  22.917  -10.444  -19.561 0.0000000000
79115  23.571  -10.368  -21.283 0.0000000000
79116  23.319  -10.903  -20.522 0.0000000000
79127  29.566  -10.908  -21.865 0.0000000000
79128  28.879  -11.218  -22.263 0.0000000000
79129  25.058  -10.717  -22.655 0.0000000000
79130  24.440  -10.667  -22.108 0.0000000000
79143  28.124  -10.878  -22.690 0.0000000000
79144  27.306  -10.739  -23.324 0.0000000000
79145  26.378  -10.612  -23.494 0.0000000000
79146  25.500  -10.521  -23.143 0.0000000000
79147  24.887  -10.216  -22.731 0.0000000000
80082  22.590  -9.124  -18.480 0.0000000000
80091  22.577  -9.288  -19.363 0.0000000000
80092  22.552  -8.675  -18.854 0.0000000000
80102  23.279  -9.796  -21.294 0.0000000000
80103  22.884  -9.715  -20.641 0.0000000000
80111  31.078  -9.812  -21.178 0.0000000000
80112  29.784  -9.824  -21.507 0.0000000000
80113  28.756  -10.037  -22.276 0.0000000000
80114  23.733  -9.666  -21.791 0.0000000000
80115  23.197  -9.342  -21.342 0.0000000000
80126  27.789  -9.784  -23.107 0.0000000000
80127  26.810  -9.490  -23.809 0.0000000000
80128  25.872  -9.714  -23.649 0.0000000000
80129  25.109  -9.479  -23.129 0.0000000000
80130  24.406  -9.608  -22.493 0.0000000000
80142  26.472  -8.765  -23.978 0.0000000000
80143  26.075  -8.920  -23.848 0.0000000000
80144  25.566  -9.006  -23.531 0.0000000000
81034  22.610  -8.597  -20.225 0.0000000000
81035  22.558  -8.330  -19.463 0.0000000000
81045  30.906  -7.877  -21.047 0.0000000000
81046  22.935  -8.645  -21.121 0.0000000000
81056  30.119  -8.413  -21.139 0.0000000000
81057  28.937  -8.782  -21.701 0.0000000000
81058  23.955  -8.996  -22.230 0.0000000000
81059  23.458  -8.801  -21.766 0.0000000000
81068  28.090  -8.805  -22.557 0.0000000000
81069  27.421  -8.638  -23.450 0.0000000000
81070  25.122  -8.666  -23.341 0.0000000000
81071  24.462  -8.527  -22.850 0.0000000000
81072  23.757  -8.352  -22.310 0.0000000000
81082  26.780  -8.378  -24.017 0.0000000000
81083  26.171  -8.210  -24.063 0.0000000000
81084  25.524  -8.241  -23.775 0.0000000000
81085  24.930  -8.055  -23.432 0.0000000000
81966  22.585  -7.958  -19.996 0.0000000000
81967  22.826  -7.404  -19.636 0.0000000000
81976  30.388  -7.303  -20.819 0.0000000000
81977  22.900  -7.592  -20.659 0.0000000000
81978  22.970  -7.055  -20.296 0.0000000000
81987  29.672  -7.312  -20.989 0.0000000000
81988  29.070  -7.639  -21.379 0.0000000000
81989  23.335  -7.742  -21.822 0.0000000000
81998  28.296  -7.756  -22.033 0.0000000000
81999  27.597  -7.711  -22.853 0.0000000000
82000  24.463  -7.469  -23.335 0.0000000000
82001  23.905  -7.597  -22.695 0.0000000000
82011  27.072  -7.577  -23.704 0.0000000000
82012  26.412  -7.442  -24.198 0.0000000000
82013  25.704  -7.418  -24.281 0.0000000000
82014  25.006  -7.402  -23.937 0.0000000000
82887  30.729  -6.405  -20.602 0.0000000000
82888  29.801  -6.459  -20.748 0.0000000000
82889  23.196  -6.802  -20.695 0.0000000000
82897  29.129  -6.677  -21.182 0.0000000000
82898  28.574  -6.785  -21.695 0.0000000000
82899  23.403  -6.576  -21.438 0.0000000000
82900  23.439  -6.194  -20.907 0.0000000000
82908  27.963  -6.713  -22.414 0.0000000000
82909  27.335  -6.649  -23.261 0.0000000000
82910  23.989  -6.871  -23.229 0.0000000000
82911  23.629  -6.566  -22.544 0.0000000000
82918  26.732  -6.558  -24.058 0.0000000000
82919  25.958  -6.407  -24.772 0.0000000000
82920  25.120  -6.669  -24.576 0.0000000000
82921  24.329  -6.489  -24.038 0.0000000000
82922  23.823  -6.163  -23.402 0.0000000000
82930  25.609  -5.737  -25.019 0.0000000000
82931  25.213  -5.904  -24.961 0.0000000000
82932  24.668  -6.026  -24.731 0.0000000000
83877  31.285  -5.531  -20.553 0.0000000000
83878  30.121  -5.319  -20.550 0.0000000000
83890  29.092  -5.623  -21.141 0.0000000000
83891  28.762  -6.200  -21.437 0.0000000000
83892  23.421  -5.529  -22.164 0.0000000000
83893  23.416  -5.464  -21.417 0.0000000000
83901  28.692  -5.249  -21.496 0.0000000000
83902  28.359  -5.704  -21.839 0.0000000000
83903  27.708  -5.648  -22.824 0.0000000000
83904  23.550  -5.448  -23.062 0.0000000000
83914  27.016  -5.629  -23.637 0.0000000000
83915  26.455  -5.560  -24.435 0.0000000000
83916  24.228  -5.658  -24.591 0.0000000000
83917  23.739  -5.399  -24.038 0.0000000000
83924  25.951  -5.387  -25.047 0.0000000000
83925  25.344  -5.229  -25.211 0.0000000000
83926  24.617  -5.246  -25.084 0.0000000000
83927  24.008  -4.998  -24.735 0.0000000000
84850  32.030  -4.713  -20.697 0.0000000000
84851  30.942  -4.451  -20.477 0.0000000000
84852  30.033  -4.205  -20.558 0.0000000000
84857  23.203  -4.445  -21.279 0.0000000000
84863  29.347  -4.495  -21.007 0.0000000000
84864  28.794  -4.240  -21.408 0.0000000000
84865  28.278  -4.098  -21.675 0.0000000000
84866  23.282  -4.552  -22.660 0.0000000000
84867  23.091  -4.569  -21.923 0.0000000000
84873  28.892  -4.878  -21.367 0.0000000000
84874  28.457  -4.795  -21.651 0.0000000000
84875  27.821  -4.596  -22.192 0.0000000000
84876  23.498  -4.432  -23.501 0.0000000000
84884  27.115  -4.678  -23.050 0.0000000000
84885  26.573  -4.658  -23.919 0.0000000000
84886  23.808  -4.277  -24.313 0.0000000000
84898  26.178  -4.654  -24.689 0.0000000000
84899  25.679  -4.573  -25.112 0.0000000000
84900  24.996  -4.373  -25.322 0.0000000000
84901  24.291  -4.242  -24.935 0.0000000000
85743  32.513  -3.183  -20.904 0.0000000000
85744  31.685  -3.518  -20.556 0.0000000000
85745  30.530  -3.404  -20.519 0.0000000000
85746  29.463  -3.357  -20.851 0.0000000000
85747  28.964  -2.836  -21.040 0.0000000000
85752  22.945  -3.372  -21.072 0.0000000000
85761  29.078  -3.853  -21.201 0.0000000000
85762  28.614  -3.347  -21.354 0.0000000000
85763  27.856  -3.492  -21.933 0.0000000000
85764  22.963  -3.838  -22.351 0.0000000000
85765  22.776  -3.460  -21.742 0.0000000000
85772  27.244  -3.697  -22.587 0.0000000000
85773  23.216  -3.470  -23.000 0.0000000000
85774  22.851  -3.065  -22.410 0.0000000000
85784  26.642  -3.732  -23.326 0.0000000000
85785  26.102  -3.635  -24.279 0.0000000000
85786  25.594  -3.116  -24.491 0.0000000000
85787  23.537  -3.388  -23.808 0.0000000000
85802  25.883  -4.134  -24.800 0.0000000000
85803  25.439  -3.701  -24.821 0.0000000000
85804  24.712  -3.384  -24.944 0.0000000000
85805  23.980  -3.119  -24.563 0.0000000000
86605  32.044  -2.479  -20.669 0.0000000000
86606  31.076  -2.483  -20.431 0.0000000000
86607  30.061  -2.412  -20.522 0.0000000000
86608  29.219  -2.299  -20.792 0.0000000000
86613  22.666  -2.469  -21.268 0.0000000000
86624  28.576  -2.346  -21.149 0.0000000000
86625  27.975  -2.552  -21.635 0.0000000000
86626  22.585  -2.329  -22.024 0.0000000000
86635  27.369  -2.644  -22.322 0.0000000000
86636  26.831  -2.302  -22.807 0.0000000000
86637  23.285  -2.815  -23.429 0.0000000000
86638  22.957  -2.227  -22.956 0.0000000000
86649  26.877  -3.000  -22.889 0.0000000000
86650  26.409  -2.617  -23.494 0.0000000000
86651  25.813  -2.499  -24.237 0.0000000000
86652  23.421  -2.185  -23.941 0.0000000000
86653  23.134  -1.627  -23.442 0.0000000000
86665  25.205  -2.560  -24.736 0.0000000000
86666  24.458  -2.290  -24.892 0.0000000000
86667  23.878  -2.012  -24.687 0.0000000000
87531  32.381  -1.646  -20.953 0.0000000000
87532  31.551  -1.569  -20.486 0.0000000000
87533  30.578  -1.496  -20.324 0.0000000000
87534  29.603  -1.406  -20.477 0.0000000000
87535  28.740  -1.422  -20.837 0.0000000000
87552  28.038  -1.597  -21.355 0.0000000000
87553  27.536  -1.862  -21.861 0.0000000000
87554  22.503  -1.365  -21.449 0.0000000000
87569  27.057  -1.659  -22.377 0.0000000000
87570  26.544  -1.586  -23.040 0.0000000000
87571  22.526  -1.347  -22.304 0.0000000000
87584  26.073  -1.566  -23.796 0.0000000000
87585  25.572  -1.506  -24.535 0.0000000000
87586  23.273  -1.105  -23.799 0.0000000000
87587  22.877  -1.030  -23.095 0.0000000000
87600  24.938  -1.415  -25.124 0.0000000000
87601  24.074  -1.272  -25.187 0.0000000000
87602  23.573  -1.198  -24.529 0.0000000000
88442  32.015  -0.716  -20.650 0.0000000000
88443  31.117  -0.592  -20.228 0.0000000000
88444  30.091  -0.482  -20.154 0.0000000000
88445  29.022  -0.300  -20.445 0.0000000000
88450  22.326  0.001  -20.604 0.0000000000
88461  28.151  -0.543  -21.076 0.0000000000
88462  27.402  -0.830  -21.790 0.0000000000
88463  22.405  -0.648  -21.755 0.0000000000
88478  26.728  -0.724  -22.523 0.0000000000
88479  26.263  -0.656  -23.272 0.0000000000
88480  22.519  -0.487  -22.502 0.0000000000
88492  25.821  -0.573  -24.033 0.0000000000
88493  25.271  -0.477  -24.686 0.0000000000
88494  23.178  -0.303  -23.566 0.0000000000
88495  22.773  -0.174  -23.123 0.0000000000
88505  24.566  -0.376  -24.988 0.0000000000
88506  23.899  -0.313  -24.740 0.0000000000
88507  23.528  -0.345  -24.130 0.0000000000
89421  31.665  0.326  -20.324 0.0000000000
89422  30.663  0.434  -20.031 0.0000000000
89423  29.680  0.554  -20.121 0.0000000000
89424  28.932  0.752  -20.351 0.0000000000
89432  28.288  0.537  -20.776 0.0000000000
89433  27.559  0.371  -21.444 0.0000000000
89434  22.400  -0.026  -21.968 0.0000000000
89444  26.857  0.199  -22.065 0.0000000000
89445  26.479  0.187  -22.764 0.0000000000
89446  22.634  0.316  -22.759 0.0000000000
89458  26.047  0.302  -23.443 0.0000000000
89459  25.486  0.395  -24.087 0.0000000000
89460  23.409  0.166  -23.851 0.0000000000
89461  23.118  0.615  -23.557 0.0000000000
89471  24.898  0.477  -24.551 0.0000000000
89472  24.288  0.565  -24.696 0.0000000000
89473  23.673  0.648  -24.255 0.0000000000
89474  23.352  1.188  -24.020 0.0000000000
90433  32.115  1.336  -20.566 0.0000000000
90434  31.192  1.392  -20.069 0.0000000000
90435  30.188  1.451  -19.951 0.0000000000
90436  29.306  1.494  -20.199 0.0000000000
90437  28.588  1.484  -20.603 0.0000000000
90444  27.885  1.462  -21.214 0.0000000000
90445  26.979  1.369  -22.015 0.0000000000
90446  26.693  1.809  -22.645 0.0000000000
90453  26.665  0.754  -22.436 0.0000000000
90454  26.492  1.148  -22.913 0.0000000000
90455  22.747  0.734  -22.193 0.0000000000
90459  25.805  1.273  -23.562 0.0000000000
90460  25.234  1.345  -24.206 0.0000000000
90461  22.786  1.258  -23.137 0.0000000000
90465  24.641  1.386  -24.573 0.0000000000
90466  24.037  1.479  -24.698 0.0000000000
90467  23.506  1.661  -24.382 0.0000000000
90468  23.047  1.715  -23.905 0.0000000000
91338  31.390  3.090  -20.104 0.0000000000
91339  31.075  2.979  -19.837 0.0000000000
91340  30.434  2.992  -19.790 0.0000000000
91344  31.606  2.517  -20.269 0.0000000000
91345  30.709  2.299  -19.858 0.0000000000
91346  29.654  2.555  -20.030 0.0000000000
91347  28.947  2.159  -20.425 0.0000000000
91355  28.927  2.788  -20.511 0.0000000000
91356  28.420  2.440  -20.938 0.0000000000
91357  27.636  2.468  -21.643 0.0000000000
91358  26.871  2.451  -22.330 0.0000000000
91361  23.305  1.325  -21.803 0.0000000000
91365  26.255  2.215  -23.088 0.0000000000
91366  22.907  1.914  -22.766 0.0000000000
91370  25.505  2.163  -23.763 0.0000000000
91371  24.942  2.222  -24.323 0.0000000000
91372  24.398  2.628  -24.374 0.0000000000
91373  22.725  2.248  -23.518 0.0000000000
91378  24.411  2.079  -24.688 0.0000000000
91379  23.860  2.423  -24.632 0.0000000000
91380  23.312  2.409  -24.343 0.0000000000
91381  22.932  2.520  -24.042 0.0000000000
92209  31.253  3.464  -20.026 0.0000000000
92210  30.756  3.527  -19.863 0.0000000000
92211  30.029  3.581  -19.944 0.0000000000
92215  32.197  3.289  -20.658 0.0000000000
92216  31.610  3.399  -20.295 0.0000000000
92217  29.094  3.636  -20.475 0.0000000000
92218  28.648  4.147  -20.844 0.0000000000
92227  28.655  3.114  -20.784 0.0000000000
92228  28.229  3.566  -21.209 0.0000000000
92229  27.240  3.473  -21.933 0.0000000000
92230  26.425  3.362  -22.613 0.0000000000
92236  25.451  3.181  -23.248 0.0000000000
92237  24.637  3.627  -23.402 0.0000000000
92238  24.265  3.790  -23.432 0.0000000000
92239  22.961  2.943  -22.415 0.0000000000
92243  25.138  2.596  -23.785 0.0000000000
92244  24.725  2.893  -23.832 0.0000000000
92245  23.987  3.329  -24.024 0.0000000000
92246  23.464  3.405  -23.939 0.0000000000
92247  22.684  3.011  -23.151 0.0000000000
92252  23.573  2.870  -24.401 0.0000000000
92253  23.213  3.098  -24.192 0.0000000000
92254  22.806  2.976  -23.808 0.0000000000
93070  31.455  3.773  -20.199 0.0000000000
93071  31.142  3.973  -20.057 0.0000000000
93072  30.554  4.080  -19.988 0.0000000000
93082  31.841  4.241  -20.350 0.0000000000
93083  30.926  4.661  -20.148 0.0000000000
93084  29.925  4.557  -20.228 0.0000000000
93085  29.009  4.697  -20.646 0.0000000000
93094  28.321  4.677  -21.083 0.0000000000
93095  27.568  4.533  -21.611 0.0000000000
93096  26.715  4.446  -22.191 0.0000000000
93098  23.033  4.201  -21.931 0.0000000000
93102  25.909  4.368  -22.757 0.0000000000
93103  25.130  4.374  -23.078 0.0000000000
93104  24.428  4.419  -23.215 0.0000000000
93105  23.809  4.486  -23.085 0.0000000000
93106  23.165  4.177  -22.745 0.0000000000
93110  24.044  3.933  -23.372 0.0000000000
93111  23.525  3.693  -23.484 0.0000000000
93112  22.988  3.458  -23.549 0.0000000000
93116  23.200  3.418  -23.884 0.0000000000
93117  22.963  3.262  -23.948 0.0000000000
93934  31.557  5.456  -20.340 0.0000000000
93935  30.507  5.532  -20.356 0.0000000000
93936  29.538  5.556  -20.557 0.0000000000
93937  28.649  5.576  -20.859 0.0000000000
93938  22.630  5.297  -21.303 0.0000000000
93944  27.852  5.536  -21.333 0.0000000000
93945  27.016  5.479  -21.838 0.0000000000
93946  26.203  5.430  -22.425 0.0000000000
93947  22.737  5.170  -22.071 0.0000000000
93951  25.480  5.307  -22.868 0.0000000000
93952  24.854  5.277  -23.066 0.0000000000
93953  24.188  5.317  -22.959 0.0000000000
93954  23.538  5.263  -22.731 0.0000000000
93955  23.050  5.328  -22.459 0.0000000000
94751  31.060  6.435  -20.458 0.0000000000
94752  30.056  6.467  -20.506 0.0000000000
94753  29.104  6.483  -20.729 0.0000000000
94754  28.231  6.476  -21.111 0.0000000000
94755  22.475  6.266  -20.731 0.0000000000
94761  27.343  6.461  -21.485 0.0000000000
94762  26.434  6.441  -21.939 0.0000000000
94763  25.466  6.388  -22.522 0.0000000000
94764  24.922  6.750  -22.576 0.0000000000
94765  22.898  6.602  -22.005 0.0000000000
94766  22.656  6.072  -21.596 0.0000000000
94771  25.123  5.809  -22.829 0.0000000000
94772  24.669  6.199  -22.760 0.0000000000
94773  23.867  6.128  -22.706 0.0000000000
94774  23.241  6.032  -22.443 0.0000000000
94775  22.849  5.868  -22.152 0.0000000000
95611  22.939  7.275  -19.033 0.0000000000
95619  31.509  7.276  -20.612 0.0000000000
95620  30.584  7.337  -20.548 0.0000000000
95621  29.591  7.394  -20.652 0.0000000000
95622  28.664  7.377  -20.965 0.0000000000
95623  22.595  7.284  -20.156 0.0000000000
95630  27.793  7.388  -21.306 0.0000000000
95631  26.850  7.433  -21.574 0.0000000000
95632  25.901  7.456  -21.977 0.0000000000
95633  24.863  7.462  -22.254 0.0000000000
95634  23.914  7.607  -21.960 0.0000000000
95635  23.160  7.396  -21.770 0.0000000000
95636  22.644  7.111  -21.241 0.0000000000
95642  24.672  6.838  -22.541 0.0000000000
95643  24.237  6.881  -22.487 0.0000000000
95644  23.516  6.818  -22.296 0.0000000000
96432  23.028  8.165  -18.195 0.0000000000
96436  23.615  8.891  -19.876 0.0000000000
96437  23.303  8.382  -19.563 0.0000000000
96445  31.145  8.118  -20.636 0.0000000000
96446  30.158  8.255  -20.628 0.0000000000
96447  29.047  8.375  -20.822 0.0000000000
96448  28.217  8.806  -21.075 0.0000000000
96449  24.203  9.043  -20.709 0.0000000000
96450  23.769  8.852  -20.422 0.0000000000
96451  22.936  8.040  -20.715 0.0000000000
96460  28.240  8.090  -21.172 0.0000000000
96461  27.411  8.432  -21.367 0.0000000000
96462  26.366  8.383  -21.576 0.0000000000
96463  25.401  8.447  -21.644 0.0000000000
96464  24.402  8.640  -21.226 0.0000000000
96465  23.476  8.105  -21.291 0.0000000000
96466  22.945  7.746  -21.330 0.0000000000
97197  24.304  9.735  -15.891 0.0000000000
97198  23.113  10.064  -16.094 0.0000000000
97199  22.417  9.206  -16.445 0.0000000000
97213  23.089  9.805  -17.247 0.0000000000
97214  22.714  9.015  -17.656 0.0000000000
97226  23.343  9.632  -18.371 0.0000000000
97227  23.314  8.899  -18.753 0.0000000000
97230  24.245  9.802  -19.869 0.0000000000
97231  23.787  9.423  -19.586 0.0000000000
97232  23.498  8.884  -19.299 0.0000000000
97236  30.817  9.018  -20.698 0.0000000000
97237  29.792  9.211  -20.683 0.0000000000
97238  28.747  9.438  -20.753 0.0000000000
97239  27.608  9.584  -20.968 0.0000000000
97240  26.510  9.925  -20.887 0.0000000000
97241  25.504  9.927  -20.737 0.0000000000
97242  24.502  9.537  -20.361 0.0000000000
97243  24.015  9.284  -20.146 0.0000000000
97249  26.753  9.155  -21.314 0.0000000000
97250  25.914  9.189  -21.222 0.0000000000
97251  25.045  9.171  -21.042 0.0000000000
97252  24.640  9.138  -20.897 0.0000000000
97958  23.554  10.466  -17.088 0.0000000000
97967  24.039  10.965  -17.633 0.0000000000
97968  23.628  10.345  -17.977 0.0000000000
97977  24.170  10.772  -18.581 0.0000000000
97978  23.848  10.143  -18.953 0.0000000000
97985  24.926  10.720  -19.722 0.0000000000
97986  24.480  10.388  -19.568 0.0000000000
97987  24.037  9.997  -19.390 0.0000000000
97991  30.511  9.934  -20.715 0.0000000000
97992  29.499  10.192  -20.592 0.0000000000
97993  28.402  10.447  -20.555 0.0000000000
97994  27.270  10.674  -20.374 0.0000000000
97995  26.148  10.787  -20.343 0.0000000000
97996  25.153  10.590  -20.028 0.0000000000
97997  24.716  10.176  -20.002 0.0000000000
98708  24.670  11.142  -19.040 0.0000000000
98717  25.159  11.156  -19.508 0.0000000000
98718  24.758  10.912  -19.395 0.0000000000
98723  30.303  10.873  -20.640 0.0000000000
98724  29.263  11.231  -20.519 0.0000000000
98725  28.124  11.588  -20.378 0.0000000000
98727  25.776  11.365  -19.849 0.0000000000
98728  25.339  11.053  -19.828 0.0000000000
99470  29.066  12.312  -20.594 0.0000000000
