#!ascii label  , from subject bert vox2ras=TkReg
542
129372  13.339  65.107  4.225 0.0000000000
129373  12.970  65.055  4.228 0.0000000000
129374  12.218  64.990  4.212 0.0000000000
129377  13.542  65.118  3.797 0.0000000000
129378  12.776  64.854  3.606 0.0000000000
129379  11.769  64.724  3.616 0.0000000000
129380  10.871  64.660  3.284 0.0000000000
129381  9.852  64.745  3.111 0.0000000000
129382  8.908  64.981  2.761 0.0000000000
129386  13.408  65.130  2.924 0.0000000000
129387  12.603  64.716  2.787 0.0000000000
129388  11.682  64.493  2.607 0.0000000000
129389  10.675  64.372  2.430 0.0000000000
129390  9.596  64.399  2.239 0.0000000000
129391  8.417  64.692  2.057 0.0000000000
129398  13.160  65.136  2.230 0.0000000000
129399  12.483  64.869  1.790 0.0000000000
129400  11.503  64.477  1.674 0.0000000000
129401  10.499  64.275  1.465 0.0000000000
129402  9.370  64.228  1.299 0.0000000000
129411  12.022  64.928  1.129 0.0000000000
129412  11.398  64.669  0.691 0.0000000000
129413  10.298  64.337  0.463 0.0000000000
129420  11.002  64.857  -0.141 0.0000000000
129726  14.360  65.955  6.104 0.0000000000
129727  13.546  66.064  6.142 0.0000000000
129728  13.031  66.160  6.090 0.0000000000
129735  14.917  65.716  5.484 0.0000000000
129736  13.973  65.525  5.522 0.0000000000
129737  12.895  65.777  5.610 0.0000000000
129738  11.832  65.962  5.297 0.0000000000
129739  11.272  66.147  5.104 0.0000000000
129743  15.325  65.933  4.619 0.0000000000
129744  14.550  65.479  4.668 0.0000000000
129745  13.503  65.222  4.638 0.0000000000
129746  12.429  65.387  4.770 0.0000000000
129747  11.181  65.575  4.498 0.0000000000
129748  9.807  66.031  4.185 0.0000000000
129749  9.148  66.303  3.966 0.0000000000
129753  15.494  66.348  4.060 0.0000000000
129754  15.004  66.020  3.732 0.0000000000
129755  14.237  65.397  3.960 0.0000000000
129756  11.016  64.984  3.846 0.0000000000
129757  10.291  65.259  3.764 0.0000000000
129758  9.061  65.750  3.484 0.0000000000
129759  7.817  65.657  2.623 0.0000000000
129760  7.041  65.972  2.365 0.0000000000
129764  14.912  66.202  3.058 0.0000000000
129765  14.351  65.707  3.000 0.0000000000
129766  7.664  65.138  2.111 0.0000000000
129771  13.778  65.728  2.223 0.0000000000
129772  13.222  65.720  1.615 0.0000000000
129780  12.552  65.722  0.903 0.0000000000
129781  11.989  65.209  0.661 0.0000000000
129785  12.437  66.323  0.337 0.0000000000
129786  11.838  65.695  -0.015 0.0000000000
129787  10.886  65.607  -0.738 0.0000000000
130073  15.693  66.826  6.798 0.0000000000
130074  14.911  66.953  7.005 0.0000000000
130075  14.433  67.144  7.079 0.0000000000
130086  16.191  66.616  6.063 0.0000000000
130087  15.160  66.315  6.275 0.0000000000
130088  14.119  66.715  6.676 0.0000000000
130089  12.939  66.700  6.472 0.0000000000
130090  11.959  67.192  6.301 0.0000000000
130091  11.431  67.453  6.120 0.0000000000
130096  16.462  66.790  5.079 0.0000000000
130097  15.723  66.189  5.351 0.0000000000
130098  12.768  66.239  6.037 0.0000000000
130099  12.237  66.422  5.912 0.0000000000
130100  11.123  66.894  5.552 0.0000000000
130101  9.896  67.410  5.020 0.0000000000
130102  9.298  67.691  4.676 0.0000000000
130107  16.449  67.168  4.210 0.0000000000
130108  15.891  66.520  4.453 0.0000000000
130109  10.972  66.264  4.997 0.0000000000
130110  10.322  66.520  4.775 0.0000000000
130111  8.999  67.058  4.262 0.0000000000
130112  8.171  67.445  3.772 0.0000000000
130116  16.448  67.511  3.686 0.0000000000
130117  15.817  66.942  3.398 0.0000000000
130118  15.215  66.441  3.133 0.0000000000
130119  8.794  66.461  3.797 0.0000000000
130120  8.001  66.758  3.424 0.0000000000
130121  6.857  66.579  2.676 0.0000000000
130125  15.612  67.340  2.633 0.0000000000
130126  14.979  66.797  2.443 0.0000000000
130127  14.298  66.223  2.267 0.0000000000
130132  14.676  67.266  1.827 0.0000000000
130133  13.976  66.821  1.522 0.0000000000
130134  13.217  66.283  1.150 0.0000000000
130139  13.560  67.483  0.947 0.0000000000
130140  13.056  66.938  0.608 0.0000000000
130145  12.264  66.956  -0.143 0.0000000000
130146  11.261  66.870  -0.883 0.0000000000
130147  10.654  66.228  -1.159 0.0000000000
130150  10.744  67.531  -1.261 0.0000000000
130404  16.061  67.704  7.966 0.0000000000
130415  16.678  67.118  6.982 0.0000000000
130416  15.451  67.450  7.523 0.0000000000
130417  14.605  67.596  7.438 0.0000000000
130418  13.929  67.940  7.485 0.0000000000
130419  13.310  68.169  7.333 0.0000000000
130431  17.854  67.667  6.142 0.0000000000
130432  17.069  67.262  5.693 0.0000000000
130433  14.105  67.344  7.173 0.0000000000
130434  13.479  67.422  7.065 0.0000000000
130435  12.598  67.885  6.900 0.0000000000
130436  11.631  68.081  6.449 0.0000000000
130437  10.980  68.409  6.166 0.0000000000
130443  18.514  68.519  5.717 0.0000000000
130444  17.912  68.272  5.196 0.0000000000
130445  17.112  67.573  4.721 0.0000000000
130446  11.078  67.760  6.037 0.0000000000
130447  10.391  68.130  5.629 0.0000000000
130448  9.397  68.318  4.971 0.0000000000
130449  8.647  68.632  4.560 0.0000000000
130454  17.558  68.522  4.320 0.0000000000
130455  16.956  67.849  3.932 0.0000000000
130456  8.851  67.977  4.518 0.0000000000
130457  8.085  68.214  3.991 0.0000000000
130458  7.051  68.210  3.549 0.0000000000
130459  6.105  67.758  3.421 0.0000000000
130462  17.237  68.580  3.684 0.0000000000
130463  16.595  68.161  3.208 0.0000000000
130464  15.977  67.753  2.749 0.0000000000
130465  7.616  67.650  3.555 0.0000000000
130466  6.947  67.410  3.224 0.0000000000
130467  6.392  67.236  2.925 0.0000000000
130469  16.244  68.414  2.506 0.0000000000
130470  15.530  68.045  2.086 0.0000000000
130471  14.980  67.516  1.950 0.0000000000
130473  15.215  68.637  1.601 0.0000000000
130474  14.690  68.042  1.534 0.0000000000
130475  13.891  68.079  1.092 0.0000000000
130479  13.299  68.113  0.593 0.0000000000
130480  12.637  68.014  0.073 0.0000000000
130485  11.887  68.025  -0.522 0.0000000000
130486  11.138  68.151  -1.073 0.0000000000
130620  10.645  69.429  13.822 0.0000000000
130632  10.693  69.274  13.219 0.0000000000
130644  10.888  69.167  12.338 0.0000000000
130683  15.312  68.566  8.161 0.0000000000
130684  14.731  69.083  8.133 0.0000000000
130695  14.959  68.015  7.751 0.0000000000
130696  14.498  68.512  7.801 0.0000000000
130697  13.722  68.815  7.609 0.0000000000
130698  12.941  68.909  7.329 0.0000000000
130708  12.170  68.963  6.844 0.0000000000
130709  11.357  69.074  6.441 0.0000000000
130710  10.578  69.102  6.028 0.0000000000
130711  6.925  69.294  5.628 0.0000000000
130712  6.622  68.773  6.171 0.0000000000
130719  18.685  69.195  5.307 0.0000000000
130720  9.773  69.125  5.489 0.0000000000
130721  8.964  69.278  4.911 0.0000000000
130722  8.017  69.300  4.507 0.0000000000
130723  6.993  69.350  4.924 0.0000000000
130724  6.306  68.302  4.975 0.0000000000
130726  19.379  70.049  5.050 0.0000000000
130727  18.381  69.503  4.596 0.0000000000
130728  7.292  68.935  3.978 0.0000000000
130729  6.507  68.609  4.043 0.0000000000
130730  6.036  68.119  4.204 0.0000000000
130733  17.728  69.482  3.812 0.0000000000
130734  17.236  69.036  3.229 0.0000000000
130737  17.495  69.807  3.120 0.0000000000
130738  16.855  69.318  2.524 0.0000000000
130739  16.192  68.890  2.057 0.0000000000
130742  16.383  69.583  1.892 0.0000000000
130743  15.700  69.241  1.634 0.0000000000
130744  14.910  69.238  1.280 0.0000000000
130745  14.310  68.806  1.076 0.0000000000
130748  14.385  69.494  0.832 0.0000000000
130749  13.756  69.102  0.575 0.0000000000
130750  12.934  69.025  0.209 0.0000000000
130754  12.373  68.981  -0.338 0.0000000000
130755  11.667  69.079  -0.868 0.0000000000
130759  10.864  69.072  -1.444 0.0000000000
130864  11.360  69.931  16.507 0.0000000000
130867  11.092  69.711  15.701 0.0000000000
130868  10.713  69.969  15.190 0.0000000000
130878  10.996  69.409  14.911 0.0000000000
130879  10.556  69.789  14.427 0.0000000000
130888  10.253  69.814  13.577 0.0000000000
130889  9.908  70.115  13.193 0.0000000000
130898  10.239  69.850  12.575 0.0000000000
130899  9.806  70.296  12.834 0.0000000000
130909  10.715  69.614  11.484 0.0000000000
130920  10.705  69.966  10.825 0.0000000000
130935  14.951  69.713  8.401 0.0000000000
130944  14.236  69.582  8.041 0.0000000000
130945  13.425  69.811  7.659 0.0000000000
130946  12.630  69.907  7.233 0.0000000000
130947  6.949  69.956  6.867 0.0000000000
130955  11.846  69.963  6.740 0.0000000000
130956  10.990  69.991  6.315 0.0000000000
130957  10.174  69.969  5.806 0.0000000000
130958  7.178  69.714  5.862 0.0000000000
130959  6.908  69.392  6.530 0.0000000000
130965  9.397  70.035  5.289 0.0000000000
130966  8.548  70.155  4.935 0.0000000000
130967  7.730  70.087  4.925 0.0000000000
130968  7.363  69.910  5.224 0.0000000000
130969  20.250  71.308  4.168 0.0000000000
130970  20.128  70.947  4.673 0.0000000000
130971  18.974  70.783  4.298 0.0000000000
130972  18.333  70.117  4.050 0.0000000000
130973  20.271  71.306  3.931 0.0000000000
130974  20.173  70.916  3.803 0.0000000000
130975  18.691  71.204  3.807 0.0000000000
130976  18.161  70.626  3.486 0.0000000000
130977  19.660  70.768  3.020 0.0000000000
130978  17.433  70.456  2.645 0.0000000000
130979  16.823  70.258  2.011 0.0000000000
130980  19.258  70.599  2.256 0.0000000000
130981  18.672  70.275  1.570 0.0000000000
130982  16.207  70.104  1.501 0.0000000000
130983  15.459  70.059  1.215 0.0000000000
130984  14.801  70.128  0.854 0.0000000000
130985  17.960  70.042  0.945 0.0000000000
130988  14.190  70.065  0.365 0.0000000000
130989  13.333  70.011  -0.177 0.0000000000
130990  12.745  69.550  -0.242 0.0000000000
130995  12.367  70.016  -0.674 0.0000000000
131097  11.318  70.695  17.018 0.0000000000
131100  10.741  70.619  16.254 0.0000000000
131101  10.312  71.058  16.037 0.0000000000
131104  10.679  70.239  15.617 0.0000000000
131105  10.113  70.682  15.294 0.0000000000
131106  9.537  71.258  15.018 0.0000000000
131113  9.932  70.316  14.129 0.0000000000
131114  9.480  71.038  14.401 0.0000000000
131120  9.895  70.204  13.576 0.0000000000
131121  9.555  70.715  13.345 0.0000000000
131129  10.166  70.180  11.705 0.0000000000
131130  9.647  70.675  12.218 0.0000000000
131138  10.357  70.149  11.074 0.0000000000
131139  9.836  70.670  11.152 0.0000000000
131148  11.109  70.329  10.147 0.0000000000
131149  10.559  70.579  10.325 0.0000000000
131150  9.776  71.270  10.525 0.0000000000
131157  11.511  70.792  9.717 0.0000000000
131158  10.695  71.376  9.530 0.0000000000
131162  15.140  70.868  8.722 0.0000000000
131163  14.519  71.147  8.411 0.0000000000
131164  7.236  70.765  8.445 0.0000000000
131165  14.540  70.421  8.355 0.0000000000
131166  13.949  70.777  8.064 0.0000000000
131167  13.138  70.882  7.595 0.0000000000
131168  7.168  70.737  7.471 0.0000000000
131169  12.366  70.922  7.069 0.0000000000
131170  11.529  70.938  6.593 0.0000000000
131171  10.542  70.950  6.116 0.0000000000
131172  9.802  71.287  5.755 0.0000000000
131173  7.980  71.201  5.739 0.0000000000
131174  7.588  70.896  6.217 0.0000000000
131175  9.795  70.643  5.633 0.0000000000
131176  9.099  70.963  5.290 0.0000000000
131177  8.150  70.962  5.355 0.0000000000
131178  7.543  70.375  5.431 0.0000000000
131179  20.115  71.521  4.163 0.0000000000
131180  20.013  71.436  4.250 0.0000000000
131181  19.643  71.419  4.204 0.0000000000
131182  20.268  71.533  3.971 0.0000000000
131183  20.100  71.428  3.818 0.0000000000
131184  19.079  71.617  3.878 0.0000000000
131185  18.607  71.378  3.406 0.0000000000
131186  19.695  71.397  3.400 0.0000000000
131187  19.063  71.681  3.155 0.0000000000
131188  18.089  71.220  2.666 0.0000000000
131189  17.287  70.940  2.125 0.0000000000
131190  19.318  71.238  2.739 0.0000000000
131191  18.632  71.193  2.126 0.0000000000
131192  17.688  71.045  1.796 0.0000000000
131193  16.852  70.609  1.447 0.0000000000
131194  15.992  70.571  1.015 0.0000000000
131195  15.337  70.561  0.779 0.0000000000
131196  18.064  70.719  1.472 0.0000000000
131197  17.336  70.551  1.136 0.0000000000
131198  16.514  70.637  0.662 0.0000000000
131199  15.706  70.786  0.425 0.0000000000
131200  14.832  70.762  0.264 0.0000000000
131201  14.107  70.565  -0.186 0.0000000000
131280  6.015  71.664  18.760 0.0000000000
131281  5.677  72.266  19.041 0.0000000000
131283  11.581  71.644  17.378 0.0000000000
131284  11.018  71.989  17.082 0.0000000000
131285  6.032  71.924  17.714 0.0000000000
131286  10.984  71.310  16.914 0.0000000000
131287  10.444  71.639  16.497 0.0000000000
131288  9.933  71.899  16.115 0.0000000000
131289  5.746  72.100  16.705 0.0000000000
131290  5.382  72.481  15.987 0.0000000000
131291  10.060  71.381  15.928 0.0000000000
131292  9.597  71.689  15.509 0.0000000000
131293  5.670  71.694  15.829 0.0000000000
131294  5.507  72.131  15.129 0.0000000000
131295  9.183  71.796  14.710 0.0000000000
131296  8.804  72.188  14.356 0.0000000000
131297  5.665  72.104  14.228 0.0000000000
131301  8.902  71.775  13.742 0.0000000000
131302  8.630  72.366  14.038 0.0000000000
131303  6.411  71.925  12.975 0.0000000000
131304  6.009  71.999  13.611 0.0000000000
131309  9.081  71.594  12.587 0.0000000000
131310  8.923  72.133  12.084 0.0000000000
131312  6.751  71.740  11.902 0.0000000000
131318  9.336  71.842  11.385 0.0000000000
131319  8.938  72.427  11.762 0.0000000000
131321  6.684  72.005  10.639 0.0000000000
131327  10.084  71.466  9.864 0.0000000000
131328  9.542  72.165  10.123 0.0000000000
131329  7.111  71.459  10.036 0.0000000000
131330  6.689  72.099  9.708 0.0000000000
131333  12.955  72.050  9.560 0.0000000000
131334  12.133  71.894  9.206 0.0000000000
131335  11.228  72.034  8.999 0.0000000000
131336  10.203  72.312  9.217 0.0000000000
131337  9.692  72.711  9.628 0.0000000000
131338  6.920  71.686  9.030 0.0000000000
131339  6.721  72.177  9.250 0.0000000000
131340  15.518  71.948  9.130 0.0000000000
131341  14.772  71.955  8.626 0.0000000000
131342  14.243  71.633  8.249 0.0000000000
131343  10.763  72.667  8.834 0.0000000000
131344  10.440  72.793  8.942 0.0000000000
131345  7.278  71.586  8.091 0.0000000000
131346  14.280  72.249  8.272 0.0000000000
131347  13.726  71.896  7.886 0.0000000000
131348  12.895  71.896  7.407 0.0000000000
131349  7.572  71.545  7.205 0.0000000000
131350  12.099  71.885  6.947 0.0000000000
131351  11.227  71.890  6.558 0.0000000000
131352  10.307  71.947  6.163 0.0000000000
131353  9.288  71.888  5.732 0.0000000000
131354  8.303  71.647  5.861 0.0000000000
131355  7.887  71.733  6.568 0.0000000000
131356  8.620  71.392  5.468 0.0000000000
131357  8.359  71.329  5.523 0.0000000000
131358  20.043  71.690  3.994 0.0000000000
131359  19.827  71.642  4.089 0.0000000000
131360  19.559  71.697  3.953 0.0000000000
131361  20.062  71.577  4.021 0.0000000000
131362  19.754  71.643  3.793 0.0000000000
131363  19.348  71.749  3.679 0.0000000000
131364  19.459  71.678  3.495 0.0000000000
131365  19.251  71.791  3.419 0.0000000000
131406  5.680  72.417  20.280 0.0000000000
131407  5.485  72.032  19.988 0.0000000000
131415  5.592  72.782  20.004 0.0000000000
131416  5.579  72.539  19.654 0.0000000000
131420  5.697  72.467  18.254 0.0000000000
131421  5.581  72.899  18.792 0.0000000000
131422  12.001  72.193  17.645 0.0000000000
131423  11.555  72.592  17.614 0.0000000000
131424  10.354  72.591  17.060 0.0000000000
131425  9.236  73.159  16.903 0.0000000000
131426  8.536  73.379  16.776 0.0000000000
131427  5.546  72.619  17.364 0.0000000000
131428  5.507  73.176  17.810 0.0000000000
131429  10.049  72.180  16.468 0.0000000000
131430  9.423  72.526  16.131 0.0000000000
131431  8.606  73.246  16.230 0.0000000000
131432  5.431  72.656  16.939 0.0000000000
131433  5.276  73.131  16.699 0.0000000000
131434  9.017  72.350  15.185 0.0000000000
131435  8.523  72.999  15.458 0.0000000000
131436  5.312  73.240  15.497 0.0000000000
131437  8.869  72.275  14.706 0.0000000000
131438  8.479  72.789  14.525 0.0000000000
131439  5.438  73.120  14.481 0.0000000000
131440  8.627  72.145  12.898 0.0000000000
131441  8.437  72.787  13.481 0.0000000000
131442  5.982  72.586  13.078 0.0000000000
131443  5.641  72.938  13.520 0.0000000000
131447  8.767  72.129  12.448 0.0000000000
131448  8.620  72.789  12.308 0.0000000000
131449  5.959  72.875  12.271 0.0000000000
131450  5.753  73.027  12.883 0.0000000000
131455  9.222  72.686  10.678 0.0000000000
131456  8.883  72.974  11.272 0.0000000000
131457  6.312  72.804  11.132 0.0000000000
131462  14.107  72.931  10.168 0.0000000000
131463  9.373  73.241  10.049 0.0000000000
131464  9.103  73.235  10.637 0.0000000000
131465  6.480  72.736  10.107 0.0000000000
131468  13.417  72.814  9.633 0.0000000000
131469  12.481  72.852  9.089 0.0000000000
131470  11.844  72.501  8.951 0.0000000000
131471  10.248  72.961  9.032 0.0000000000
131472  9.884  73.168  9.319 0.0000000000
131473  6.744  72.313  8.996 0.0000000000
131474  6.621  72.602  9.337 0.0000000000
131475  15.179  72.772  8.980 0.0000000000
131476  14.570  72.762  8.535 0.0000000000
131477  12.007  73.298  8.718 0.0000000000
131478  11.395  73.020  8.738 0.0000000000
131479  10.548  73.179  8.831 0.0000000000
131480  10.217  73.260  9.040 0.0000000000
131481  6.987  72.518  8.515 0.0000000000
131482  6.732  72.607  8.939 0.0000000000
131483  14.077  72.751  8.119 0.0000000000
131484  13.410  72.791  7.677 0.0000000000
131485  12.601  72.760  7.279 0.0000000000
131486  7.933  72.852  7.291 0.0000000000
131487  7.514  72.315  7.711 0.0000000000
131488  11.854  72.730  6.928 0.0000000000
131489  10.971  72.781  6.666 0.0000000000
131490  9.941  72.759  6.427 0.0000000000
131491  8.935  72.672  6.260 0.0000000000
131492  8.225  72.402  6.622 0.0000000000
131493  7.830  72.159  7.079 0.0000000000
131502  6.142  73.020  20.381 0.0000000000
131503  5.921  72.838  20.433 0.0000000000
131511  6.652  73.259  20.086 0.0000000000
131512  5.826  73.108  20.052 0.0000000000
131513  5.610  72.930  19.816 0.0000000000
131518  9.359  73.506  18.678 0.0000000000
131519  8.085  73.558  18.793 0.0000000000
131520  6.979  73.591  19.038 0.0000000000
131521  6.138  73.546  19.271 0.0000000000
131522  5.658  73.162  19.385 0.0000000000
131524  11.057  73.139  17.926 0.0000000000
131525  9.870  73.286  17.799 0.0000000000
131526  8.372  73.451  17.497 0.0000000000
131527  7.106  73.649  17.859 0.0000000000
131528  6.295  73.877  18.197 0.0000000000
131529  5.807  73.501  18.459 0.0000000000
131530  7.935  73.639  16.403 0.0000000000
131531  7.059  74.106  16.517 0.0000000000
131532  6.388  74.212  17.119 0.0000000000
131533  5.741  74.055  17.118 0.0000000000
131534  7.954  73.655  15.627 0.0000000000
131535  7.397  74.221  15.694 0.0000000000
131536  5.445  74.134  15.823 0.0000000000
131537  7.965  73.612  14.864 0.0000000000
131538  7.558  74.207  14.998 0.0000000000
131539  5.417  74.119  14.742 0.0000000000
131540  7.946  73.891  13.966 0.0000000000
131541  7.691  74.144  14.513 0.0000000000
131542  5.502  74.019  13.693 0.0000000000
131543  8.205  73.832  12.870 0.0000000000
131544  5.768  73.590  12.149 0.0000000000
131545  5.643  73.719  12.687 0.0000000000
131546  8.495  73.917  11.751 0.0000000000
131547  6.011  73.896  11.576 0.0000000000
131548  5.748  73.886  12.137 0.0000000000
131549  15.115  73.579  10.033 0.0000000000
131550  14.763  73.445  10.110 0.0000000000
131551  14.423  73.277  10.109 0.0000000000
131552  9.230  73.893  10.021 0.0000000000
131553  8.963  73.964  10.605 0.0000000000
131554  6.411  73.660  10.415 0.0000000000
131555  15.279  73.441  9.671 0.0000000000
131556  14.640  73.428  9.519 0.0000000000
131557  13.933  73.277  9.516 0.0000000000
131558  13.162  73.180  9.243 0.0000000000
131559  10.079  74.096  9.019 0.0000000000
131560  9.518  73.969  9.522 0.0000000000
131561  9.131  74.230  9.997 0.0000000000
131562  6.576  73.319  9.550 0.0000000000
131563  15.292  73.206  9.301 0.0000000000
131564  14.672  73.313  8.902 0.0000000000
131565  13.804  73.457  8.774 0.0000000000
131566  12.661  73.410  8.637 0.0000000000
131567  11.372  73.624  8.429 0.0000000000
131568  10.637  73.696  8.689 0.0000000000
131569  10.161  73.611  9.059 0.0000000000
131570  7.000  73.359  8.573 0.0000000000
131571  6.714  73.012  8.956 0.0000000000
131572  14.321  73.094  8.437 0.0000000000
131573  13.881  73.244  8.267 0.0000000000
131574  12.805  73.557  7.797 0.0000000000
131575  11.358  74.006  7.918 0.0000000000
131576  10.035  74.128  7.571 0.0000000000
131577  8.972  73.977  7.460 0.0000000000
131578  8.157  73.623  7.589 0.0000000000
131579  7.463  73.285  7.986 0.0000000000
131580  12.269  73.206  7.284 0.0000000000
131581  11.682  73.398  7.264 0.0000000000
131582  10.612  73.527  7.085 0.0000000000
131583  9.513  73.494  6.864 0.0000000000
131584  8.570  73.254  6.914 0.0000000000
131585  6.625  74.566  15.942 0.0000000000
131586  6.385  74.521  16.247 0.0000000000
131587  6.094  74.544  16.616 0.0000000000
131588  6.801  74.659  15.513 0.0000000000
131589  6.421  74.783  15.601 0.0000000000
131590  6.007  74.695  15.773 0.0000000000
131591  7.160  74.648  15.035 0.0000000000
131592  5.695  74.828  14.892 0.0000000000
131593  7.676  74.418  13.841 0.0000000000
131594  7.393  74.679  14.168 0.0000000000
131595  5.600  74.908  13.923 0.0000000000
131596  7.741  74.525  13.383 0.0000000000
131597  7.324  75.141  13.120 0.0000000000
131598  5.867  75.297  12.337 0.0000000000
131599  5.678  74.987  12.780 0.0000000000
131600  7.932  74.809  12.325 0.0000000000
131601  7.408  75.378  12.315 0.0000000000
131602  6.045  74.999  11.875 0.0000000000
131603  5.768  74.335  12.193 0.0000000000
131604  8.374  74.838  11.192 0.0000000000
131605  7.143  75.224  10.365 0.0000000000
131606  6.663  74.901  10.669 0.0000000000
131607  10.015  74.319  8.937 0.0000000000
131608  9.694  74.352  9.143 0.0000000000
131609  8.797  74.819  9.927 0.0000000000
131610  7.561  75.011  9.894 0.0000000000
131611  6.788  74.222  9.627 0.0000000000
131612  10.770  73.931  8.547 0.0000000000
131613  10.231  74.192  8.727 0.0000000000
131614  9.489  74.484  8.873 0.0000000000
131615  8.512  74.589  8.937 0.0000000000
131616  7.457  74.168  8.677 0.0000000000
131617  6.818  73.658  9.023 0.0000000000
131618  10.812  74.071  8.383 0.0000000000
131619  10.248  74.328  8.283 0.0000000000
131620  9.293  74.377  8.191 0.0000000000
131621  8.352  74.213  8.096 0.0000000000
131622  7.811  73.892  8.029 0.0000000000
131623  6.529  74.925  15.209 0.0000000000
131624  6.322  75.065  15.081 0.0000000000
131625  6.035  75.151  14.848 0.0000000000
131626  6.724  75.039  14.740 0.0000000000
131627  6.307  75.372  14.350 0.0000000000
131628  5.921  75.331  14.122 0.0000000000
131629  6.775  75.362  13.785 0.0000000000
131630  6.242  75.632  13.473 0.0000000000
131631  5.773  75.519  13.261 0.0000000000
131632  6.836  75.592  12.813 0.0000000000
131633  6.169  75.531  12.474 0.0000000000
131634  5.780  75.504  12.818 0.0000000000
131635  7.801  75.333  11.682 0.0000000000
131636  7.165  75.503  11.735 0.0000000000
131637  6.710  75.312  11.379 0.0000000000
131638  7.950  75.442  10.899 0.0000000000
131639  7.280  75.349  10.686 0.0000000000
131640  6.860  75.311  10.870 0.0000000000
131641  7.845  75.315  10.311 0.0000000000
131642  7.560  75.328  10.277 0.0000000000
