#!ascii label  , from subject bert vox2ras=TkReg
1177
38889  8.692  -48.932  21.923 0.0000000000
38890  3.181  -49.428  21.741 0.0000000000
38891  2.739  -49.397  21.813 0.0000000000
38892  2.221  -49.267  21.864 0.0000000000
38905  3.537  -49.422  21.565 0.0000000000
38906  3.064  -49.621  21.347 0.0000000000
38907  2.309  -49.497  21.228 0.0000000000
38918  6.943  -49.247  19.885 0.0000000000
38919  3.802  -49.498  20.960 0.0000000000
38920  3.090  -49.731  20.536 0.0000000000
38921  2.286  -49.622  20.185 0.0000000000
38929  6.427  -49.224  19.473 0.0000000000
38930  5.558  -49.070  19.441 0.0000000000
38931  4.372  -49.325  19.897 0.0000000000
38932  3.121  -49.651  19.492 0.0000000000
38933  2.412  -49.417  19.221 0.0000000000
38941  6.113  -49.273  18.796 0.0000000000
38942  5.128  -49.151  18.788 0.0000000000
38943  4.034  -49.422  18.706 0.0000000000
38944  3.073  -49.485  18.464 0.0000000000
38945  2.468  -49.186  18.254 0.0000000000
38952  5.911  -49.363  18.066 0.0000000000
38953  4.937  -49.153  17.922 0.0000000000
38954  3.921  -49.292  17.734 0.0000000000
38955  3.068  -49.178  17.503 0.0000000000
38956  2.673  -48.816  17.569 0.0000000000
38962  5.842  -49.471  17.236 0.0000000000
38963  4.906  -48.933  16.975 0.0000000000
38964  3.860  -48.948  16.983 0.0000000000
38965  3.334  -48.784  16.866 0.0000000000
38975  5.889  -49.498  16.283 0.0000000000
38976  5.165  -48.860  15.864 0.0000000000
38989  5.987  -49.486  15.292 0.0000000000
38990  5.522  -48.863  14.805 0.0000000000
39000  6.006  -49.522  14.450 0.0000000000
39001  5.695  -49.107  13.705 0.0000000000
39008  5.245  -49.123  12.610 0.0000000000
39009  4.745  -48.832  12.106 0.0000000000
39015  4.853  -49.458  11.972 0.0000000000
39016  4.548  -49.279  11.487 0.0000000000
39021  4.457  -49.645  10.594 0.0000000000
39032  5.292  -49.610  9.049 0.0000000000
39033  4.624  -50.092  9.630 0.0000000000
39046  6.033  -49.460  7.616 0.0000000000
39134  14.333  -49.594  3.212 0.0000000000
39780  7.755  -48.484  27.378 0.0000000000
39781  6.702  -48.727  27.324 0.0000000000
39782  5.700  -48.988  27.221 0.0000000000
39783  4.743  -49.014  27.276 0.0000000000
39784  3.720  -48.653  27.451 0.0000000000
39789  9.083  -47.921  26.537 0.0000000000
39790  8.117  -47.912  26.721 0.0000000000
39791  7.087  -48.157  26.684 0.0000000000
39792  6.039  -48.417  26.625 0.0000000000
39793  5.030  -48.531  26.746 0.0000000000
39794  4.429  -48.499  27.076 0.0000000000
39805  8.959  -48.456  22.948 0.0000000000
39806  8.258  -48.100  22.868 0.0000000000
39807  4.164  -48.495  22.810 0.0000000000
39808  3.147  -48.465  22.773 0.0000000000
39809  2.361  -48.302  22.486 0.0000000000
39810  2.016  -48.101  22.219 0.0000000000
39813  8.750  -48.756  22.259 0.0000000000
39814  8.018  -48.444  22.060 0.0000000000
39815  6.605  -48.178  21.832 0.0000000000
39816  5.498  -48.338  21.901 0.0000000000
39817  4.558  -48.692  22.049 0.0000000000
39818  3.501  -49.105  22.139 0.0000000000
39819  2.538  -48.985  22.276 0.0000000000
39820  1.931  -48.698  21.802 0.0000000000
39824  8.017  -48.875  21.234 0.0000000000
39825  7.249  -48.719  20.895 0.0000000000
39826  6.010  -48.498  21.084 0.0000000000
39827  5.023  -48.734  21.310 0.0000000000
39828  4.193  -49.178  21.504 0.0000000000
39829  1.907  -49.034  20.752 0.0000000000
39835  7.060  -49.048  20.262 0.0000000000
39836  6.316  -48.903  20.236 0.0000000000
39837  5.370  -48.820  20.611 0.0000000000
39838  4.615  -49.138  20.779 0.0000000000
39839  1.933  -49.216  19.855 0.0000000000
39845  5.935  -49.005  19.783 0.0000000000
39846  5.398  -48.959  20.031 0.0000000000
39847  4.908  -49.007  20.321 0.0000000000
39848  2.518  -48.442  18.759 0.0000000000
39849  2.236  -48.886  19.082 0.0000000000
39856  2.636  -48.160  18.391 0.0000000000
39857  2.525  -48.479  18.032 0.0000000000
39864  2.913  -48.740  17.037 0.0000000000
39865  2.691  -48.248  17.028 0.0000000000
39871  4.417  -48.730  16.445 0.0000000000
39872  3.819  -48.623  16.376 0.0000000000
39873  3.247  -48.302  16.378 0.0000000000
39874  2.971  -47.664  16.191 0.0000000000
39881  4.392  -48.564  15.916 0.0000000000
39882  3.895  -48.278  15.650 0.0000000000
39883  3.375  -47.679  15.447 0.0000000000
39884  2.980  -47.296  15.534 0.0000000000
39898  4.702  -48.420  15.207 0.0000000000
39899  4.132  -47.847  14.708 0.0000000000
39900  3.503  -47.362  14.668 0.0000000000
39912  5.020  -48.328  14.253 0.0000000000
39913  4.583  -47.806  13.713 0.0000000000
39927  5.095  -48.444  13.372 0.0000000000
39928  4.680  -48.134  12.729 0.0000000000
39931  4.540  -48.254  11.823 0.0000000000
39934  4.508  -48.543  10.940 0.0000000000
39936  6.043  -48.292  8.777 0.0000000000
39937  5.715  -48.607  9.064 0.0000000000
39938  4.890  -48.760  9.932 0.0000000000
39946  6.176  -48.549  8.264 0.0000000000
39947  5.748  -49.267  8.446 0.0000000000
39956  6.572  -48.677  7.106 0.0000000000
39970  12.727  -48.021  7.076 0.0000000000
39972  8.126  -48.686  5.731 0.0000000000
39973  7.248  -48.737  6.053 0.0000000000
39992  13.719  -49.018  4.635 0.0000000000
40006  14.699  -48.358  3.207 0.0000000000
40007  14.094  -48.821  3.457 0.0000000000
40008  13.710  -49.127  3.899 0.0000000000
40019  16.065  -48.828  2.682 0.0000000000
40020  15.148  -48.943  2.835 0.0000000000
40021  14.585  -49.111  3.089 0.0000000000
40654  3.458  -47.876  27.338 0.0000000000
40655  2.582  -47.912  27.833 0.0000000000
40656  2.038  -47.056  28.143 0.0000000000
40658  9.523  -47.923  25.793 0.0000000000
40659  9.251  -47.752  25.881 0.0000000000
40660  8.487  -47.571  26.006 0.0000000000
40661  7.504  -47.633  26.024 0.0000000000
40662  6.454  -47.882  25.964 0.0000000000
40663  5.268  -47.903  26.030 0.0000000000
40664  4.197  -47.811  26.783 0.0000000000
40666  9.469  -47.927  25.475 0.0000000000
40667  8.887  -47.586  25.320 0.0000000000
40668  8.007  -47.394  25.274 0.0000000000
40669  6.982  -47.498  25.220 0.0000000000
40670  5.913  -47.699  25.158 0.0000000000
40671  4.904  -47.390  25.099 0.0000000000
40673  9.326  -47.951  24.723 0.0000000000
40674  8.565  -47.538  24.516 0.0000000000
40675  7.597  -47.371  24.405 0.0000000000
40676  6.536  -47.472  24.357 0.0000000000
40677  5.489  -47.607  24.294 0.0000000000
40678  4.554  -47.432  24.153 0.0000000000
40681  9.062  -47.955  23.915 0.0000000000
40682  8.256  -47.684  23.537 0.0000000000
40683  7.210  -47.497  23.539 0.0000000000
40684  6.140  -47.588  23.466 0.0000000000
40685  4.993  -48.008  23.417 0.0000000000
40686  3.753  -47.801  23.464 0.0000000000
40687  2.792  -47.710  22.988 0.0000000000
40688  2.304  -47.616  22.438 0.0000000000
40690  7.753  -47.850  22.922 0.0000000000
40691  6.940  -47.757  22.679 0.0000000000
40692  5.845  -47.950  22.626 0.0000000000
40693  5.021  -48.341  22.592 0.0000000000
40694  2.021  -47.700  21.917 0.0000000000
40697  2.124  -48.121  21.179 0.0000000000
40701  2.899  -47.886  19.999 0.0000000000
40702  2.243  -48.544  20.164 0.0000000000
40706  2.971  -47.968  18.943 0.0000000000
40707  2.517  -48.423  19.393 0.0000000000
40712  2.869  -47.653  17.864 0.0000000000
40713  2.620  -47.977  17.420 0.0000000000
40719  2.984  -47.179  17.260 0.0000000000
40720  2.781  -47.428  16.830 0.0000000000
40727  2.833  -47.088  15.893 0.0000000000
40733  3.108  -47.143  14.988 0.0000000000
40734  2.927  -46.903  15.247 0.0000000000
40744  3.917  -47.313  14.008 0.0000000000
40745  3.411  -46.779  14.373 0.0000000000
40746  3.050  -46.834  14.857 0.0000000000
40754  4.306  -47.342  13.230 0.0000000000
40755  3.918  -46.883  13.501 0.0000000000
40767  4.403  -47.286  12.411 0.0000000000
40768  4.182  -47.034  13.034 0.0000000000
40778  4.515  -47.609  11.356 0.0000000000
40782  5.068  -47.386  10.103 0.0000000000
40783  4.717  -47.851  10.530 0.0000000000
40786  6.074  -47.680  8.855 0.0000000000
40787  5.393  -47.928  9.644 0.0000000000
40788  4.975  -47.963  10.057 0.0000000000
40794  6.520  -47.708  7.640 0.0000000000
40797  12.190  -47.703  7.392 0.0000000000
40798  11.447  -47.338  7.537 0.0000000000
40799  10.544  -47.496  7.756 0.0000000000
40800  9.430  -47.857  7.317 0.0000000000
40801  8.820  -48.323  6.709 0.0000000000
40802  6.879  -47.831  6.558 0.0000000000
40810  13.112  -47.937  6.388 0.0000000000
40811  12.461  -47.267  6.718 0.0000000000
40812  11.935  -47.199  7.169 0.0000000000
40813  9.086  -47.249  6.560 0.0000000000
40814  8.585  -47.805  6.176 0.0000000000
40815  7.713  -47.875  5.647 0.0000000000
40816  7.272  -47.905  6.024 0.0000000000
40827  13.304  -47.933  5.758 0.0000000000
40828  12.971  -47.259  5.724 0.0000000000
40834  13.389  -47.949  5.090 0.0000000000
40835  12.948  -47.155  4.733 0.0000000000
40849  14.775  -47.696  3.302 0.0000000000
40850  14.209  -47.744  3.405 0.0000000000
40851  13.372  -47.856  3.962 0.0000000000
40852  12.863  -46.932  4.152 0.0000000000
40863  16.558  -47.779  2.783 0.0000000000
40864  15.441  -47.779  3.099 0.0000000000
41529  1.704  -46.688  28.528 0.0000000000
41539  3.350  -47.125  27.261 0.0000000000
41540  2.560  -46.607  27.658 0.0000000000
41541  1.893  -46.167  28.008 0.0000000000
41547  4.550  -47.101  25.971 0.0000000000
41548  3.946  -46.576  26.587 0.0000000000
41550  4.489  -46.681  25.326 0.0000000000
41553  4.324  -46.768  24.654 0.0000000000
41556  3.836  -46.906  23.967 0.0000000000
41557  3.148  -46.935  23.363 0.0000000000
41558  2.595  -46.927  22.766 0.0000000000
41560  2.278  -46.872  22.239 0.0000000000
41563  2.827  -46.450  21.186 0.0000000000
41564  2.520  -46.787  21.506 0.0000000000
41567  3.665  -46.376  20.468 0.0000000000
41568  3.235  -46.692  20.717 0.0000000000
41569  2.560  -47.662  20.758 0.0000000000
41572  3.901  -46.557  20.141 0.0000000000
41573  3.574  -47.299  19.662 0.0000000000
41576  4.081  -46.660  19.241 0.0000000000
41577  3.594  -47.249  18.571 0.0000000000
41580  4.073  -46.563  18.330 0.0000000000
41581  3.498  -46.782  17.494 0.0000000000
41582  3.031  -46.876  16.885 0.0000000000
41587  3.389  -46.459  16.611 0.0000000000
41588  2.947  -46.711  16.228 0.0000000000
41594  3.379  -46.207  15.765 0.0000000000
41595  2.986  -46.557  15.434 0.0000000000
41601  7.766  -46.279  14.177 0.0000000000
41602  7.410  -46.365  14.209 0.0000000000
41603  6.730  -46.418  14.214 0.0000000000
41604  3.396  -46.146  14.713 0.0000000000
41605  3.083  -46.606  14.909 0.0000000000
41615  7.681  -46.314  13.848 0.0000000000
41616  6.995  -46.446  13.725 0.0000000000
41617  6.257  -46.392  13.778 0.0000000000
41618  4.444  -46.255  12.980 0.0000000000
41619  3.988  -46.274  13.550 0.0000000000
41624  7.410  -46.312  13.172 0.0000000000
41625  6.547  -46.408  13.177 0.0000000000
41626  5.977  -46.387  13.331 0.0000000000
41627  4.434  -46.546  12.537 0.0000000000
41628  4.195  -46.759  13.016 0.0000000000
41641  4.543  -46.881  11.674 0.0000000000
41645  5.856  -46.019  9.798 0.0000000000
41646  5.462  -46.593  10.144 0.0000000000
41647  4.772  -46.998  10.827 0.0000000000
41649  5.960  -46.424  9.176 0.0000000000
41650  5.561  -47.185  9.587 0.0000000000
41653  6.295  -46.652  8.012 0.0000000000
41657  11.322  -46.922  7.310 0.0000000000
41658  10.925  -46.876  7.393 0.0000000000
41659  10.146  -46.949  7.370 0.0000000000
41660  6.796  -46.822  6.890 0.0000000000
41667  12.347  -46.471  6.094 0.0000000000
41668  11.586  -46.619  6.925 0.0000000000
41669  10.551  -46.343  6.982 0.0000000000
41670  9.553  -46.620  6.774 0.0000000000
41671  8.754  -46.745  6.123 0.0000000000
41672  7.982  -46.941  5.562 0.0000000000
41673  7.304  -47.197  6.066 0.0000000000
41685  12.548  -46.534  5.237 0.0000000000
41690  12.562  -46.484  4.462 0.0000000000
41702  18.885  -46.797  3.256 0.0000000000
41703  14.773  -46.888  3.384 0.0000000000
41704  13.834  -46.826  3.541 0.0000000000
41705  13.030  -46.638  3.802 0.0000000000
41706  12.653  -46.483  4.039 0.0000000000
41717  18.016  -46.745  2.952 0.0000000000
41718  17.027  -46.784  2.750 0.0000000000
41719  16.019  -46.831  2.964 0.0000000000
41720  15.394  -46.863  3.236 0.0000000000
42426  1.577  -45.676  28.577 0.0000000000
42442  3.214  -46.031  27.095 0.0000000000
42443  2.384  -45.388  27.453 0.0000000000
42444  1.772  -45.505  27.965 0.0000000000
42461  4.306  -46.144  25.837 0.0000000000
42462  3.716  -45.326  26.280 0.0000000000
42463  3.049  -45.333  26.896 0.0000000000
42478  4.334  -45.843  24.998 0.0000000000
42479  4.184  -45.454  25.584 0.0000000000
42484  4.042  -46.065  24.173 0.0000000000
42487  3.496  -46.161  23.561 0.0000000000
42488  2.849  -46.015  22.927 0.0000000000
42489  2.497  -46.409  22.518 0.0000000000
42492  2.681  -45.382  22.601 0.0000000000
42493  2.364  -45.834  22.210 0.0000000000
42496  2.853  -45.897  21.242 0.0000000000
42497  2.534  -45.685  21.659 0.0000000000
42500  4.578  -45.416  20.223 0.0000000000
42501  3.864  -45.869  20.491 0.0000000000
42502  3.298  -45.713  20.880 0.0000000000
42505  5.073  -45.437  19.547 0.0000000000
42506  4.439  -46.051  19.800 0.0000000000
42509  6.221  -45.191  18.081 0.0000000000
42510  5.445  -45.400  18.495 0.0000000000
42511  4.671  -46.073  18.828 0.0000000000
42513  7.795  -45.462  17.082 0.0000000000
42514  6.817  -45.468  17.406 0.0000000000
42515  5.624  -45.564  17.387 0.0000000000
42516  4.471  -46.027  17.530 0.0000000000
42517  3.809  -46.315  16.987 0.0000000000
42520  8.806  -45.079  16.031 0.0000000000
42521  8.289  -45.452  16.349 0.0000000000
42522  7.205  -45.762  16.426 0.0000000000
42523  6.047  -45.798  16.454 0.0000000000
42524  4.901  -45.870  16.411 0.0000000000
42525  3.955  -46.033  16.421 0.0000000000
42529  9.042  -44.919  15.507 0.0000000000
42530  8.591  -45.462  15.412 0.0000000000
42531  7.694  -45.947  15.528 0.0000000000
42532  6.548  -46.112  15.571 0.0000000000
42533  5.367  -46.044  15.454 0.0000000000
42534  4.191  -45.859  15.299 0.0000000000
42539  9.288  -45.000  14.158 0.0000000000
42540  9.153  -45.117  14.532 0.0000000000
42541  8.136  -46.029  14.423 0.0000000000
42542  7.100  -46.329  14.787 0.0000000000
42543  6.005  -46.283  14.560 0.0000000000
42544  4.903  -46.007  14.400 0.0000000000
42545  4.106  -45.916  14.124 0.0000000000
42556  9.259  -45.062  13.847 0.0000000000
42557  8.865  -45.542  13.690 0.0000000000
42558  8.208  -46.055  13.403 0.0000000000
42559  5.534  -46.229  13.687 0.0000000000
42560  4.643  -46.099  13.418 0.0000000000
42561  4.153  -45.961  13.650 0.0000000000
42565  9.241  -45.115  13.102 0.0000000000
42566  8.745  -45.587  12.776 0.0000000000
42567  7.974  -45.991  12.533 0.0000000000
42568  6.989  -46.248  12.446 0.0000000000
42569  5.793  -46.371  12.711 0.0000000000
42570  4.905  -46.291  12.483 0.0000000000
42585  9.181  -45.013  12.096 0.0000000000
42586  8.546  -45.503  11.869 0.0000000000
42587  7.645  -45.825  11.665 0.0000000000
42588  6.565  -46.142  11.595 0.0000000000
42589  5.557  -46.377  11.664 0.0000000000
42590  4.848  -46.474  11.756 0.0000000000
42593  8.974  -45.109  11.312 0.0000000000
42594  8.349  -45.314  10.893 0.0000000000
42595  7.278  -45.623  10.763 0.0000000000
42596  6.118  -45.946  10.518 0.0000000000
42597  5.201  -46.447  11.021 0.0000000000
42598  4.789  -46.661  11.308 0.0000000000
42601  7.843  -45.132  10.191 0.0000000000
42602  7.036  -45.286  9.889 0.0000000000
42603  6.189  -45.384  9.382 0.0000000000
42606  6.093  -45.555  8.301 0.0000000000
42609  6.484  -45.721  7.202 0.0000000000
42615  12.171  -46.120  5.971 0.0000000000
42616  11.881  -45.998  6.134 0.0000000000
42617  11.088  -45.810  6.379 0.0000000000
42618  10.101  -45.722  6.464 0.0000000000
42619  9.209  -45.899  6.066 0.0000000000
42620  8.341  -46.023  5.615 0.0000000000
42621  7.288  -45.794  5.941 0.0000000000
42634  12.175  -46.028  5.639 0.0000000000
42635  11.573  -45.468  5.489 0.0000000000
42636  10.680  -45.264  5.857 0.0000000000
42637  9.782  -45.132  5.876 0.0000000000
42638  8.846  -45.189  5.597 0.0000000000
42639  7.995  -45.333  5.161 0.0000000000
42640  7.404  -45.054  5.242 0.0000000000
42644  12.214  -45.916  4.876 0.0000000000
42645  11.866  -45.369  4.518 0.0000000000
42654  19.387  -46.190  3.231 0.0000000000
42655  14.828  -46.268  3.378 0.0000000000
42656  14.423  -45.974  3.404 0.0000000000
42657  13.426  -45.824  3.530 0.0000000000
42658  12.382  -45.813  3.968 0.0000000000
42659  11.958  -45.371  4.091 0.0000000000
42670  19.649  -45.529  2.889 0.0000000000
42671  18.634  -45.796  2.937 0.0000000000
42672  17.514  -45.824  2.662 0.0000000000
42673  16.424  -45.845  2.693 0.0000000000
42674  15.253  -45.980  3.211 0.0000000000
42675  14.750  -45.635  3.301 0.0000000000
43437  1.553  -44.481  28.824 0.0000000000
43445  2.232  -44.114  27.237 0.0000000000
43446  1.707  -44.751  27.965 0.0000000000
43453  3.468  -44.100  25.978 0.0000000000
43454  2.925  -44.621  26.712 0.0000000000
43468  4.045  -45.277  24.347 0.0000000000
43469  4.004  -44.636  25.079 0.0000000000
43484  3.678  -45.417  23.677 0.0000000000
43485  3.718  -44.545  23.865 0.0000000000
43495  3.277  -45.618  23.290 0.0000000000
43496  3.069  -44.931  23.032 0.0000000000
43504  2.566  -44.816  22.330 0.0000000000
43505  2.483  -44.905  21.820 0.0000000000
43511  3.581  -44.640  20.897 0.0000000000
43512  3.064  -44.940  21.036 0.0000000000
43513  2.682  -45.114  21.444 0.0000000000
43517  8.205  -44.211  19.879 0.0000000000
43518  7.326  -44.280  20.076 0.0000000000
43519  6.226  -44.235  20.093 0.0000000000
43520  5.176  -44.729  20.323 0.0000000000
43521  4.152  -44.891  20.658 0.0000000000
43522  3.555  -45.196  20.775 0.0000000000
43525  8.605  -44.230  19.123 0.0000000000
43526  7.758  -44.596  19.252 0.0000000000
43527  6.742  -44.603  19.332 0.0000000000
43528  5.789  -44.805  19.402 0.0000000000
43532  8.997  -44.317  18.183 0.0000000000
43533  8.226  -44.787  18.382 0.0000000000
43534  7.115  -45.014  18.456 0.0000000000
43535  6.227  -44.876  18.717 0.0000000000
43538  9.177  -44.223  17.310 0.0000000000
43539  8.643  -44.966  17.279 0.0000000000
43540  7.775  -45.235  17.770 0.0000000000
43544  9.097  -44.466  16.308 0.0000000000
43545  8.823  -45.059  16.519 0.0000000000
43549  8.938  -44.305  15.145 0.0000000000
43553  9.231  -44.803  14.038 0.0000000000
43554  8.857  -44.357  14.112 0.0000000000
43565  9.137  -44.652  13.512 0.0000000000
43566  8.723  -44.151  13.216 0.0000000000
43571  9.049  -44.524  12.716 0.0000000000
43572  8.638  -43.998  12.442 0.0000000000
43588  8.915  -44.286  11.918 0.0000000000
43589  8.569  -43.831  11.839 0.0000000000
43596  9.066  -44.457  11.146 0.0000000000
43597  8.931  -44.808  10.698 0.0000000000
43600  9.103  -44.267  10.234 0.0000000000
43601  8.582  -44.658  9.996 0.0000000000
43602  7.783  -44.758  9.470 0.0000000000
43603  6.936  -44.776  9.220 0.0000000000
43607  9.169  -44.206  9.448 0.0000000000
43608  8.589  -44.347  8.932 0.0000000000
43609  7.504  -44.342  8.648 0.0000000000
43610  6.323  -44.531  8.548 0.0000000000
43614  8.279  -44.133  8.303 0.0000000000
43615  7.686  -43.968  8.027 0.0000000000
43616  6.167  -44.770  7.618 0.0000000000
43622  6.576  -44.680  6.612 0.0000000000
43635  11.025  -45.026  5.420 0.0000000000
43636  10.499  -44.626  5.382 0.0000000000
43637  9.511  -44.484  5.425 0.0000000000
43638  8.576  -44.493  5.051 0.0000000000
43639  7.676  -44.659  4.841 0.0000000000
43640  6.937  -44.245  5.308 0.0000000000
43644  11.307  -44.855  4.900 0.0000000000
43645  10.824  -44.192  4.533 0.0000000000
43646  8.106  -44.165  4.583 0.0000000000
43647  7.471  -44.042  4.522 0.0000000000
43648  6.950  -43.841  4.488 0.0000000000
43654  14.019  -45.472  3.405 0.0000000000
43655  13.659  -45.136  3.375 0.0000000000
43656  12.831  -44.903  3.405 0.0000000000
43657  11.736  -44.862  3.925 0.0000000000
43658  11.194  -44.171  3.870 0.0000000000
43667  20.101  -44.861  2.410 0.0000000000
43668  19.107  -44.860  2.488 0.0000000000
43669  18.067  -44.938  2.387 0.0000000000
43670  16.953  -44.900  2.240 0.0000000000
43671  15.820  -44.758  2.487 0.0000000000
43672  14.545  -45.010  3.170 0.0000000000
43673  13.489  -44.574  3.163 0.0000000000
43674  13.037  -44.491  3.174 0.0000000000
43682  19.640  -44.206  1.902 0.0000000000
43683  18.627  -44.158  1.960 0.0000000000
43684  17.646  -44.210  1.894 0.0000000000
43685  16.865  -44.173  1.895 0.0000000000
43686  16.430  -44.399  2.105 0.0000000000
44398  1.660  -43.347  29.063 0.0000000000
44405  2.238  -43.115  26.962 0.0000000000
44406  1.688  -43.310  27.940 0.0000000000
44408  3.172  -43.345  25.790 0.0000000000
44409  2.792  -43.490  26.396 0.0000000000
44412  3.462  -43.513  25.169 0.0000000000
44422  3.487  -43.649  24.235 0.0000000000
44435  3.042  -43.708  23.224 0.0000000000
44436  2.633  -43.383  22.471 0.0000000000
44448  2.722  -44.112  22.551 0.0000000000
44449  2.463  -43.881  21.962 0.0000000000
44459  7.714  -43.197  21.204 0.0000000000
44460  7.147  -43.150  21.388 0.0000000000
44461  3.900  -44.315  20.946 0.0000000000
44462  3.449  -43.948  21.127 0.0000000000
44463  2.785  -44.290  21.481 0.0000000000
44470  8.764  -43.525  19.949 0.0000000000
44471  7.962  -43.771  20.558 0.0000000000
44472  6.818  -43.586  20.851 0.0000000000
44473  5.560  -43.866  20.785 0.0000000000
44474  4.520  -44.141  20.954 0.0000000000
44475  3.956  -44.008  21.072 0.0000000000
44480  8.987  -43.544  18.823 0.0000000000
44485  9.041  -43.588  17.823 0.0000000000
44489  8.907  -43.607  16.861 0.0000000000
44493  8.406  -43.493  15.766 0.0000000000
44494  7.777  -43.030  15.505 0.0000000000
44498  8.279  -43.751  14.626 0.0000000000
44499  7.703  -43.265  14.977 0.0000000000
44503  8.210  -43.759  13.664 0.0000000000
44504  7.456  -43.271  14.034 0.0000000000
44505  6.941  -42.973  13.714 0.0000000000
44515  8.167  -43.722  12.835 0.0000000000
44516  7.615  -43.416  13.149 0.0000000000
44517  7.079  -43.086  13.237 0.0000000000
44521  8.144  -43.612  12.112 0.0000000000
44522  7.649  -43.391  12.438 0.0000000000
44523  7.244  -43.180  12.696 0.0000000000
44537  8.793  -43.819  11.277 0.0000000000
44538  8.264  -43.458  11.459 0.0000000000
44539  7.643  -43.199  11.707 0.0000000000
44540  7.217  -43.118  12.179 0.0000000000
44546  8.987  -43.766  10.515 0.0000000000
44547  8.466  -43.255  10.731 0.0000000000
44548  7.951  -43.049  11.124 0.0000000000
44550  9.144  -43.569  9.602 0.0000000000
44551  8.805  -43.239  10.081 0.0000000000
44554  9.320  -43.716  8.542 0.0000000000
44555  8.779  -44.053  8.340 0.0000000000
44556  6.813  -43.987  8.029 0.0000000000
44557  6.085  -44.128  7.946 0.0000000000
44561  9.353  -43.217  7.562 0.0000000000
44562  8.481  -43.703  7.718 0.0000000000
44563  7.230  -43.648  7.432 0.0000000000
44564  6.184  -43.883  7.317 0.0000000000
44569  9.417  -42.939  6.991 0.0000000000
44570  8.862  -43.112  6.941 0.0000000000
44571  7.743  -43.192  6.868 0.0000000000
44572  6.512  -43.478  6.439 0.0000000000
44586  10.123  -44.006  5.151 0.0000000000
44587  9.385  -43.888  4.959 0.0000000000
44588  8.695  -43.833  4.675 0.0000000000
44589  6.508  -43.255  5.448 0.0000000000
44599  10.124  -43.626  4.653 0.0000000000
44600  9.397  -43.337  4.364 0.0000000000
44601  8.238  -43.516  4.141 0.0000000000
44602  7.247  -43.569  3.984 0.0000000000
44603  6.653  -43.109  4.442 0.0000000000
44608  12.249  -44.479  3.386 0.0000000000
44609  11.696  -44.082  3.417 0.0000000000
44610  10.644  -43.470  3.738 0.0000000000
44611  9.723  -42.919  3.753 0.0000000000
44612  7.800  -43.100  3.667 0.0000000000
44613  7.182  -42.874  3.556 0.0000000000
44614  6.691  -42.409  3.605 0.0000000000
44621  15.700  -44.172  2.249 0.0000000000
44622  15.172  -44.015  2.426 0.0000000000
44623  14.054  -44.005  2.738 0.0000000000
44624  12.807  -44.011  2.946 0.0000000000
44625  11.679  -43.374  2.876 0.0000000000
44626  10.855  -42.966  2.824 0.0000000000
44633  20.217  -43.741  1.219 0.0000000000
44634  19.184  -43.505  1.274 0.0000000000
44635  18.188  -43.503  1.489 0.0000000000
44636  17.242  -43.565  1.510 0.0000000000
44637  16.115  -43.761  1.852 0.0000000000
44638  15.280  -43.220  1.956 0.0000000000
44644  20.821  -43.343  0.387 0.0000000000
44645  19.881  -43.139  0.659 0.0000000000
44646  19.178  -42.910  0.640 0.0000000000
44652  21.115  -43.025  -0.202 0.0000000000
45385  1.652  -42.284  28.600 0.0000000000
45392  2.084  -42.407  27.140 0.0000000000
45393  1.779  -41.982  27.760 0.0000000000
45395  2.910  -42.955  25.915 0.0000000000
45396  2.589  -42.248  26.033 0.0000000000
45399  2.989  -42.817  25.354 0.0000000000
45400  2.722  -42.056  24.721 0.0000000000
45402  3.085  -42.842  24.482 0.0000000000
45403  2.749  -42.166  23.750 0.0000000000
45411  3.033  -42.958  23.692 0.0000000000
45412  2.720  -42.581  22.875 0.0000000000
45421  8.646  -41.634  21.428 0.0000000000
45422  8.578  -41.840  21.756 0.0000000000
45423  8.156  -42.133  22.248 0.0000000000
45424  2.554  -42.807  22.058 0.0000000000
45435  8.683  -41.947  21.110 0.0000000000
45436  8.358  -42.588  21.442 0.0000000000
45437  7.294  -42.679  21.945 0.0000000000
45438  6.127  -42.612  21.749 0.0000000000
45439  5.032  -42.653  21.562 0.0000000000
45440  3.890  -42.875  21.304 0.0000000000
45441  2.873  -43.111  21.513 0.0000000000
45453  8.655  -42.506  20.434 0.0000000000
45454  8.402  -43.176  20.783 0.0000000000
45455  6.651  -43.047  21.445 0.0000000000
45456  5.825  -43.153  21.218 0.0000000000
45457  4.794  -43.397  21.206 0.0000000000
45458  4.081  -43.650  21.131 0.0000000000
45468  8.603  -42.614  19.325 0.0000000000
45469  8.161  -42.291  18.556 0.0000000000
45476  8.663  -42.913  18.289 0.0000000000
45477  8.099  -42.473  17.750 0.0000000000
45482  8.589  -43.013  17.384 0.0000000000
45483  7.970  -42.628  16.960 0.0000000000
45486  8.372  -43.056  16.612 0.0000000000
45487  7.679  -42.697  16.100 0.0000000000
45488  6.969  -42.454  15.758 0.0000000000
45491  7.213  -42.798  15.207 0.0000000000
45492  6.463  -42.430  15.234 0.0000000000
45493  5.749  -42.215  15.253 0.0000000000
45494  5.186  -42.090  15.341 0.0000000000
45495  4.880  -42.016  15.359 0.0000000000
45499  7.266  -43.009  14.616 0.0000000000
45500  6.712  -42.786  14.269 0.0000000000
45501  5.925  -42.462  14.459 0.0000000000
45502  5.319  -42.350  14.650 0.0000000000
45503  4.851  -42.192  14.937 0.0000000000
45504  4.630  -42.165  14.917 0.0000000000
45514  6.583  -42.825  13.340 0.0000000000
45515  6.038  -42.614  13.601 0.0000000000
45516  5.466  -42.539  13.853 0.0000000000
45517  5.041  -42.453  14.122 0.0000000000
45518  4.808  -42.366  14.393 0.0000000000
45524  6.758  -42.907  12.521 0.0000000000
45525  6.135  -42.665  12.757 0.0000000000
45526  5.598  -42.609  13.037 0.0000000000
45527  5.192  -42.577  13.340 0.0000000000
45528  4.974  -42.527  13.670 0.0000000000
45547  7.479  -42.857  11.138 0.0000000000
45548  6.965  -42.837  11.601 0.0000000000
45549  6.286  -42.700  11.917 0.0000000000
45550  5.744  -42.593  12.237 0.0000000000
45551  5.342  -42.569  12.572 0.0000000000
45552  5.122  -42.604  12.921 0.0000000000
45562  8.420  -42.851  10.116 0.0000000000
45563  7.838  -42.709  10.526 0.0000000000
45564  7.094  -42.612  10.746 0.0000000000
45565  6.468  -42.619  11.059 0.0000000000
45566  5.924  -42.575  11.425 0.0000000000
45567  5.504  -42.529  11.835 0.0000000000
45568  5.271  -42.532  12.211 0.0000000000
45573  9.280  -43.006  8.894 0.0000000000
45574  8.810  -42.742  9.476 0.0000000000
45575  8.057  -42.431  9.728 0.0000000000
45576  7.323  -42.383  9.964 0.0000000000
45577  6.672  -42.453  10.212 0.0000000000
45578  6.151  -42.521  10.559 0.0000000000
45579  5.741  -42.513  11.075 0.0000000000
45580  5.391  -42.509  11.613 0.0000000000
45585  9.426  -42.705  8.076 0.0000000000
45586  8.991  -42.352  8.640 0.0000000000
45587  8.308  -42.146  8.981 0.0000000000
45588  7.555  -42.104  9.180 0.0000000000
45589  6.900  -42.158  9.398 0.0000000000
45590  6.402  -42.302  9.681 0.0000000000
45591  6.085  -42.470  10.075 0.0000000000
45598  9.511  -42.561  7.258 0.0000000000
45603  9.359  -42.427  6.496 0.0000000000
45604  8.274  -42.617  6.335 0.0000000000
45605  7.132  -42.753  6.120 0.0000000000
45606  6.371  -42.903  5.928 0.0000000000
45617  9.508  -42.011  5.909 0.0000000000
45618  8.822  -42.130  5.773 0.0000000000
45619  7.670  -42.095  5.663 0.0000000000
45620  6.395  -42.271  5.295 0.0000000000
45631  9.000  -42.924  3.918 0.0000000000
45632  8.457  -42.853  3.670 0.0000000000
45633  6.353  -42.024  4.066 0.0000000000
45637  10.191  -42.782  3.206 0.0000000000
45638  9.285  -42.402  3.250 0.0000000000
45639  8.109  -42.385  3.247 0.0000000000
45640  7.330  -42.055  3.108 0.0000000000
45641  6.808  -41.642  3.221 0.0000000000
45647  14.593  -43.343  2.302 0.0000000000
45648  13.714  -43.127  2.375 0.0000000000
45649  12.613  -42.904  2.330 0.0000000000
45650  11.554  -42.602  2.259 0.0000000000
45651  10.414  -42.205  2.411 0.0000000000
45652  9.514  -41.825  2.516 0.0000000000
45657  18.605  -42.973  0.965 0.0000000000
45658  17.857  -42.805  1.078 0.0000000000
45659  16.864  -42.832  1.124 0.0000000000
45660  15.824  -42.540  1.341 0.0000000000
45661  14.645  -42.524  1.737 0.0000000000
45662  13.493  -42.255  1.761 0.0000000000
45663  12.420  -42.094  1.698 0.0000000000
45664  11.416  -41.810  1.717 0.0000000000
45665  10.631  -41.492  1.744 0.0000000000
45669  20.225  -42.853  0.195 0.0000000000
45670  19.651  -42.612  0.143 0.0000000000
45671  18.617  -42.294  0.202 0.0000000000
45672  17.561  -42.209  0.529 0.0000000000
45673  16.665  -41.989  0.648 0.0000000000
45674  15.895  -41.742  0.725 0.0000000000
45679  20.492  -42.500  -0.536 0.0000000000
45680  19.468  -42.182  -0.437 0.0000000000
45681  18.923  -41.893  -0.493 0.0000000000
45694  20.812  -42.082  -1.205 0.0000000000
46466  1.657  -41.311  28.269 0.0000000000
46480  2.181  -41.375  26.864 0.0000000000
46481  1.845  -41.198  27.643 0.0000000000
46489  2.416  -41.053  25.789 0.0000000000
46499  2.403  -41.181  24.888 0.0000000000
46509  2.363  -41.294  23.887 0.0000000000
46520  8.321  -40.679  22.762 0.0000000000
46521  8.086  -40.933  23.069 0.0000000000
46522  2.545  -41.509  23.042 0.0000000000
46533  8.617  -41.313  21.641 0.0000000000
46534  8.394  -41.243  22.395 0.0000000000
46535  7.362  -41.646  22.823 0.0000000000
46536  6.058  -41.583  22.684 0.0000000000
46537  5.050  -41.427  22.401 0.0000000000
46538  3.062  -41.460  22.090 0.0000000000
46539  2.820  -41.785  22.279 0.0000000000
46547  8.577  -41.414  21.103 0.0000000000
46548  6.463  -42.203  22.364 0.0000000000
46549  5.474  -42.080  22.129 0.0000000000
46550  4.297  -41.834  21.845 0.0000000000
46551  3.224  -41.958  21.732 0.0000000000
46552  2.787  -42.385  21.834 0.0000000000
46561  8.305  -41.553  20.388 0.0000000000
46562  7.782  -41.229  20.027 0.0000000000
46569  8.446  -42.036  19.855 0.0000000000
46570  7.704  -41.590  19.294 0.0000000000
46571  6.955  -41.169  18.961 0.0000000000
46576  7.527  -41.931  18.092 0.0000000000
46577  6.837  -41.418  18.349 0.0000000000
46578  6.361  -41.155  18.289 0.0000000000
46583  7.485  -42.196  17.215 0.0000000000
46584  6.839  -41.744  17.399 0.0000000000
46585  6.110  -41.307  17.685 0.0000000000
46586  5.646  -41.179  17.565 0.0000000000
46590  7.514  -42.406  16.678 0.0000000000
46591  6.933  -42.163  16.436 0.0000000000
46592  6.185  -41.696  16.694 0.0000000000
46593  5.485  -41.412  16.930 0.0000000000
46594  5.054  -41.407  16.702 0.0000000000
46595  4.839  -41.295  16.768 0.0000000000
46598  6.622  -42.282  15.831 0.0000000000
46599  6.233  -42.088  15.895 0.0000000000
46600  5.602  -41.866  15.989 0.0000000000
46601  5.007  -41.783  15.904 0.0000000000
46602  4.856  -41.597  16.201 0.0000000000
46607  4.683  -41.985  15.337 0.0000000000
46608  4.742  -41.906  15.480 0.0000000000
46653  9.482  -42.142  7.507 0.0000000000
46654  9.111  -41.970  7.942 0.0000000000
46655  8.523  -41.789  8.258 0.0000000000
46656  7.806  -41.702  8.466 0.0000000000
46657  7.134  -41.759  8.614 0.0000000000
46658  6.630  -41.889  8.842 0.0000000000
46659  6.346  -42.102  9.184 0.0000000000
46666  9.657  -41.859  6.854 0.0000000000
46667  9.365  -41.610  7.301 0.0000000000
46668  8.758  -41.446  7.570 0.0000000000
46669  8.072  -41.296  7.786 0.0000000000
46670  7.385  -41.309  7.873 0.0000000000
46671  6.844  -41.373  8.004 0.0000000000
46672  6.557  -41.557  8.306 0.0000000000
46680  10.292  -41.181  5.897 0.0000000000
46681  9.983  -41.637  6.109 0.0000000000
46693  10.196  -41.181  5.478 0.0000000000
46694  9.446  -41.530  5.408 0.0000000000
46695  8.351  -41.526  5.184 0.0000000000
46696  7.269  -41.464  4.961 0.0000000000
46697  6.574  -41.454  4.475 0.0000000000
46708  9.866  -40.925  4.793 0.0000000000
46709  8.972  -41.043  4.639 0.0000000000
46710  7.987  -40.982  4.455 0.0000000000
46711  7.184  -40.960  4.152 0.0000000000
46712  6.847  -41.143  3.589 0.0000000000
46716  8.814  -41.855  2.762 0.0000000000
46717  8.121  -41.586  2.590 0.0000000000
46718  7.464  -41.240  2.627 0.0000000000
46719  7.159  -40.872  2.790 0.0000000000
46724  9.949  -41.529  2.012 0.0000000000
46725  9.087  -41.263  2.049 0.0000000000
46726  8.134  -40.697  1.885 0.0000000000
46727  7.517  -40.610  2.239 0.0000000000
46728  7.407  -40.493  2.397 0.0000000000
46733  15.209  -41.886  1.083 0.0000000000
46734  14.328  -41.444  1.107 0.0000000000
46735  13.220  -41.497  1.235 0.0000000000
46736  12.263  -41.258  1.216 0.0000000000
46737  11.280  -40.953  1.343 0.0000000000
46738  10.146  -40.812  1.485 0.0000000000
46739  9.148  -40.391  1.542 0.0000000000
46740  8.579  -40.126  1.550 0.0000000000
46744  17.982  -41.829  0.030 0.0000000000
46745  17.416  -41.507  0.082 0.0000000000
46746  16.467  -41.030  0.177 0.0000000000
46747  15.366  -41.151  0.535 0.0000000000
46748  14.748  -40.844  0.605 0.0000000000
46751  19.861  -41.996  -0.901 0.0000000000
46752  19.316  -41.707  -0.955 0.0000000000
46753  18.346  -41.307  -0.700 0.0000000000
46754  17.369  -40.826  -0.421 0.0000000000
46755  16.832  -40.505  -0.372 0.0000000000
46766  20.233  -41.450  -1.543 0.0000000000
46767  19.194  -41.174  -1.425 0.0000000000
46768  18.704  -40.838  -1.401 0.0000000000
46783  20.570  -40.840  -2.212 0.0000000000
47548  1.719  -40.752  28.626 0.0000000000
47553  1.969  -40.112  28.287 0.0000000000
47554  1.774  -40.689  28.130 0.0000000000
47569  2.110  -40.416  27.401 0.0000000000
47570  1.782  -40.899  27.877 0.0000000000
47580  2.341  -40.290  26.141 0.0000000000
47591  2.195  -40.239  25.037 0.0000000000
47600  2.102  -40.348  24.030 0.0000000000
47610  8.202  -40.191  23.089 0.0000000000
47611  7.406  -40.508  23.454 0.0000000000
47612  6.221  -40.336  23.495 0.0000000000
47613  5.141  -40.177  23.130 0.0000000000
47614  2.261  -40.591  23.172 0.0000000000
47628  8.513  -40.789  21.812 0.0000000000
47629  8.367  -40.263  22.296 0.0000000000
47630  6.522  -41.062  23.190 0.0000000000
47631  5.515  -40.872  22.869 0.0000000000
47632  4.113  -40.698  22.395 0.0000000000
47633  3.055  -40.854  22.315 0.0000000000
47634  2.614  -40.928  22.653 0.0000000000
47648  8.391  -40.907  21.202 0.0000000000
47649  8.100  -40.306  21.417 0.0000000000
47650  3.666  -41.433  21.993 0.0000000000
47651  3.341  -41.291  22.110 0.0000000000
47666  8.304  -41.119  20.793 0.0000000000
47667  7.672  -40.647  20.506 0.0000000000
47668  6.971  -40.216  20.183 0.0000000000
47684  7.475  -41.040  19.842 0.0000000000
47685  6.785  -40.676  19.511 0.0000000000
47686  6.244  -40.554  19.313 0.0000000000
47687  5.641  -40.112  19.377 0.0000000000
47703  6.572  -41.045  18.702 0.0000000000
47704  6.055  -40.882  18.453 0.0000000000
47705  5.458  -40.404  18.810 0.0000000000
47706  5.180  -40.277  18.793 0.0000000000
47717  5.769  -41.077  17.866 0.0000000000
47718  5.441  -40.952  17.798 0.0000000000
47719  5.187  -40.534  18.348 0.0000000000
47730  5.208  -41.211  17.191 0.0000000000
47731  5.091  -41.065  17.354 0.0000000000
47787  9.989  -41.423  6.520 0.0000000000
47788  9.737  -41.242  6.766 0.0000000000
47789  9.153  -41.017  7.023 0.0000000000
47790  8.427  -40.820  7.223 0.0000000000
47791  7.697  -40.719  7.320 0.0000000000
47792  7.083  -40.704  7.348 0.0000000000
47793  6.716  -40.723  7.353 0.0000000000
47800  10.344  -40.870  5.671 0.0000000000
47801  10.235  -40.952  6.208 0.0000000000
47802  9.642  -40.617  6.490 0.0000000000
47803  8.867  -40.423  6.632 0.0000000000
47804  8.085  -40.235  6.756 0.0000000000
47805  7.381  -40.147  6.764 0.0000000000
47806  6.866  -40.058  6.708 0.0000000000
47807  6.606  -39.852  6.505 0.0000000000
47827  10.380  -40.492  5.032 0.0000000000
47840  10.216  -40.358  4.194 0.0000000000
47841  9.466  -40.577  4.073 0.0000000000
47842  8.591  -40.578  3.904 0.0000000000
47843  7.783  -40.532  3.697 0.0000000000
47844  7.281  -40.629  3.465 0.0000000000
47847  9.812  -40.149  3.600 0.0000000000
47848  9.088  -40.095  3.448 0.0000000000
47849  8.299  -40.045  3.271 0.0000000000
47850  7.666  -40.097  2.953 0.0000000000
47851  7.264  -40.539  2.935 0.0000000000
47855  7.691  -40.270  1.880 0.0000000000
47856  7.551  -40.068  2.266 0.0000000000
47857  7.330  -40.490  2.633 0.0000000000
47861  13.716  -41.033  0.996 0.0000000000
47862  13.133  -40.745  0.907 0.0000000000
47863  12.229  -40.129  1.083 0.0000000000
47864  11.096  -40.031  1.297 0.0000000000
47865  10.075  -39.820  1.248 0.0000000000
47866  9.128  -39.698  1.486 0.0000000000
47867  8.148  -39.815  1.684 0.0000000000
47868  7.820  -39.676  1.861 0.0000000000
47872  15.829  -40.619  0.186 0.0000000000
47873  15.206  -40.251  0.228 0.0000000000
47874  14.172  -40.417  0.720 0.0000000000
47875  13.284  -39.890  0.766 0.0000000000
47876  12.749  -39.546  0.832 0.0000000000
47880  17.802  -40.614  -0.910 0.0000000000
47881  17.246  -40.092  -0.957 0.0000000000
47882  16.218  -40.107  -0.346 0.0000000000
47883  15.626  -39.675  -0.188 0.0000000000
47890  19.629  -40.866  -1.805 0.0000000000
47891  19.110  -40.558  -1.804 0.0000000000
47892  18.247  -40.205  -1.550 0.0000000000
47893  17.638  -39.765  -1.480 0.0000000000
47906  19.990  -40.263  -2.423 0.0000000000
47907  18.929  -39.938  -2.164 0.0000000000
47908  18.539  -39.827  -1.952 0.0000000000
48673  2.367  -39.313  27.578 0.0000000000
48681  2.424  -39.337  26.469 0.0000000000
48689  2.270  -39.293  25.318 0.0000000000
48697  7.994  -38.752  24.028 0.0000000000
48698  7.538  -38.925  24.186 0.0000000000
48699  6.741  -38.999  24.288 0.0000000000
48700  2.025  -39.318  24.247 0.0000000000
48709  7.913  -39.298  23.584 0.0000000000
48710  6.987  -39.663  23.955 0.0000000000
48711  5.746  -39.441  23.809 0.0000000000
48712  4.256  -39.490  22.989 0.0000000000
48713  3.020  -38.990  22.880 0.0000000000
48714  2.239  -39.569  23.319 0.0000000000
48725  8.171  -39.348  22.697 0.0000000000
48726  3.886  -40.002  22.536 0.0000000000
48727  3.420  -39.962  22.496 0.0000000000
48728  2.606  -40.090  22.639 0.0000000000
48738  7.699  -39.388  21.649 0.0000000000
48739  7.120  -38.945  21.258 0.0000000000
48748  7.608  -39.947  21.042 0.0000000000
48749  6.887  -39.501  20.639 0.0000000000
48750  6.238  -39.219  20.329 0.0000000000
48762  6.651  -40.031  20.054 0.0000000000
48763  6.085  -39.744  19.893 0.0000000000
48764  5.401  -39.759  19.450 0.0000000000
48765  5.207  -39.603  19.420 0.0000000000
48779  5.231  -40.153  19.028 0.0000000000
48780  4.779  -39.893  18.959 0.0000000000
48877  10.331  -40.464  5.578 0.0000000000
48878  10.141  -40.187  5.899 0.0000000000
48879  9.395  -40.017  6.056 0.0000000000
48880  8.549  -39.870  6.126 0.0000000000
48881  7.768  -39.694  6.189 0.0000000000
48882  7.127  -39.547  6.186 0.0000000000
48883  6.688  -39.425  6.062 0.0000000000
48884  6.469  -39.259  5.845 0.0000000000
48904  10.909  -39.443  4.605 0.0000000000
48905  10.592  -39.739  4.985 0.0000000000
48906  9.964  -39.547  5.485 0.0000000000
48907  9.091  -39.508  5.485 0.0000000000
48908  8.235  -39.321  5.564 0.0000000000
48909  7.494  -39.139  5.614 0.0000000000
48910  6.918  -38.979  5.602 0.0000000000
48911  6.535  -38.840  5.525 0.0000000000
48912  6.344  -38.755  5.456 0.0000000000
48929  11.895  -38.970  4.152 0.0000000000
48930  11.275  -39.217  4.330 0.0000000000
48931  10.741  -39.810  4.302 0.0000000000
48941  11.832  -39.115  3.923 0.0000000000
48942  11.289  -39.325  3.644 0.0000000000
48943  10.434  -39.712  3.487 0.0000000000
48944  9.595  -39.626  3.085 0.0000000000
48945  8.777  -39.560  2.901 0.0000000000
48946  8.142  -39.637  2.761 0.0000000000
48953  10.838  -39.187  3.005 0.0000000000
48954  10.148  -39.217  2.728 0.0000000000
48955  9.340  -39.163  2.440 0.0000000000
48956  8.475  -39.315  2.364 0.0000000000
48957  7.854  -39.604  2.374 0.0000000000
48965  11.695  -39.543  1.137 0.0000000000
48966  11.203  -39.100  1.148 0.0000000000
48967  10.078  -39.087  1.447 0.0000000000
48968  9.088  -39.182  1.888 0.0000000000
48969  8.104  -39.439  1.990 0.0000000000
48970  7.747  -39.626  2.087 0.0000000000
48979  14.657  -39.826  0.356 0.0000000000
48980  14.196  -39.329  0.457 0.0000000000
48981  13.236  -39.108  0.658 0.0000000000
48982  12.289  -39.059  0.885 0.0000000000
48983  11.889  -38.664  0.963 0.0000000000
48991  16.650  -39.494  -0.958 0.0000000000
48992  15.982  -39.069  -0.711 0.0000000000
48993  15.060  -39.256  0.040 0.0000000000
48994  14.632  -39.077  0.241 0.0000000000
49004  17.861  -39.541  -1.772 0.0000000000
49005  17.236  -39.157  -1.592 0.0000000000
49006  16.574  -39.019  -1.204 0.0000000000
49017  19.959  -39.593  -3.045 0.0000000000
49018  19.335  -39.310  -2.956 0.0000000000
49019  18.380  -39.406  -2.246 0.0000000000
49020  17.798  -39.152  -2.035 0.0000000000
49035  19.903  -39.257  -3.368 0.0000000000
49782  2.504  -38.314  26.781 0.0000000000
49788  2.423  -38.302  25.658 0.0000000000
49796  7.994  -38.316  24.353 0.0000000000
49797  7.241  -38.334  24.575 0.0000000000
49798  6.046  -38.368  24.371 0.0000000000
49799  4.979  -38.031  24.197 0.0000000000
49800  2.207  -38.301  24.600 0.0000000000
49807  8.231  -38.353  23.814 0.0000000000
49808  4.950  -38.754  23.852 0.0000000000
49809  4.002  -38.239  23.494 0.0000000000
49810  3.068  -38.043  23.363 0.0000000000
49811  2.407  -38.381  23.626 0.0000000000
49819  8.213  -38.476  23.078 0.0000000000
49825  7.779  -38.486  22.297 0.0000000000
49826  7.227  -38.432  21.642 0.0000000000
49834  6.714  -38.484  21.141 0.0000000000
49835  6.127  -38.585  20.612 0.0000000000
49836  5.731  -38.306  20.515 0.0000000000
49847  5.977  -39.098  20.250 0.0000000000
49848  5.656  -38.848  20.162 0.0000000000
49849  5.373  -39.079  19.814 0.0000000000
49984  10.896  -39.255  4.630 0.0000000000
49985  10.467  -39.129  4.867 0.0000000000
49986  9.701  -38.956  5.063 0.0000000000
49987  8.799  -38.846  5.044 0.0000000000
49988  7.968  -38.656  5.120 0.0000000000
49989  7.271  -38.490  5.155 0.0000000000
49990  6.756  -38.352  5.132 0.0000000000
49991  6.447  -38.258  5.051 0.0000000000
50012  11.851  -38.741  4.286 0.0000000000
50013  11.206  -38.682  4.513 0.0000000000
50014  10.348  -38.450  4.670 0.0000000000
50015  9.424  -38.289  4.691 0.0000000000
50016  8.516  -38.125  4.715 0.0000000000
50017  7.717  -37.957  4.774 0.0000000000
50018  7.066  -37.798  4.835 0.0000000000
50019  6.648  -37.654  4.859 0.0000000000
50036  12.210  -38.597  3.803 0.0000000000
50037  11.839  -38.923  3.506 0.0000000000
50051  12.054  -38.551  3.166 0.0000000000
50052  11.433  -38.783  2.926 0.0000000000
50053  10.660  -38.714  2.446 0.0000000000
50054  9.976  -38.851  2.282 0.0000000000
50063  11.061  -38.567  1.514 0.0000000000
50064  10.289  -38.622  1.926 0.0000000000
50065  9.607  -38.837  2.102 0.0000000000
50075  13.864  -38.489  0.391 0.0000000000
50076  13.115  -38.399  0.574 0.0000000000
50077  12.426  -38.246  0.775 0.0000000000
50078  11.756  -38.367  1.141 0.0000000000
50089  15.913  -38.423  -0.961 0.0000000000
50090  15.371  -38.228  -0.531 0.0000000000
50091  14.611  -38.640  0.146 0.0000000000
50105  17.148  -38.528  -1.915 0.0000000000
50106  16.498  -38.290  -1.500 0.0000000000
50107  15.875  -38.084  -1.064 0.0000000000
50125  19.140  -38.727  -3.389 0.0000000000
50126  18.609  -38.785  -3.012 0.0000000000
50127  17.743  -38.462  -2.535 0.0000000000
50128  17.110  -38.197  -2.084 0.0000000000
50145  19.691  -38.603  -4.022 0.0000000000
50146  18.833  -38.301  -3.591 0.0000000000
50147  18.355  -38.351  -3.169 0.0000000000
50853  2.278  -37.296  26.066 0.0000000000
50860  8.130  -37.386  24.655 0.0000000000
50861  7.920  -37.571  24.689 0.0000000000
50862  6.895  -37.500  24.865 0.0000000000
50863  5.698  -37.340  24.612 0.0000000000
50864  4.487  -37.254  24.104 0.0000000000
50865  2.171  -37.314  25.011 0.0000000000
50872  8.269  -37.418  24.466 0.0000000000
50873  8.310  -37.603  24.212 0.0000000000
50874  3.474  -37.359  23.649 0.0000000000
50875  2.774  -37.427  23.586 0.0000000000
50876  2.303  -37.295  24.082 0.0000000000
50883  8.258  -37.481  23.382 0.0000000000
50884  7.749  -37.086  22.711 0.0000000000
50889  7.905  -37.797  22.680 0.0000000000
50890  7.259  -37.499  22.081 0.0000000000
50891  6.634  -37.256  21.689 0.0000000000
50899  6.808  -37.848  21.531 0.0000000000
50900  6.265  -37.639  21.246 0.0000000000
50901  5.768  -37.723  20.841 0.0000000000
50902  5.496  -37.572  20.726 0.0000000000
50912  5.558  -38.110  20.503 0.0000000000
50913  5.382  -38.164  20.364 0.0000000000
51060  12.226  -38.045  4.300 0.0000000000
51061  11.102  -37.889  4.557 0.0000000000
51062  10.085  -37.713  4.545 0.0000000000
51063  9.118  -37.544  4.545 0.0000000000
51064  8.242  -37.380  4.609 0.0000000000
51065  7.502  -37.232  4.704 0.0000000000
51066  6.917  -37.104  4.790 0.0000000000
51100  11.858  -38.260  2.558 0.0000000000
51101  11.207  -38.364  2.374 0.0000000000
51113  10.838  -38.343  2.140 0.0000000000
51125  13.669  -38.016  0.326 0.0000000000
51126  13.451  -37.684  0.508 0.0000000000
51127  12.568  -37.714  1.289 0.0000000000
51140  15.194  -37.511  -0.623 0.0000000000
51141  14.443  -37.647  -0.078 0.0000000000
51142  14.124  -37.063  0.092 0.0000000000
51154  16.407  -37.498  -1.836 0.0000000000
51155  15.770  -37.440  -1.294 0.0000000000
51171  17.695  -37.527  -3.188 0.0000000000
51172  17.048  -37.517  -2.448 0.0000000000
51188  19.424  -37.848  -4.694 0.0000000000
51189  18.906  -37.515  -4.349 0.0000000000
51190  18.286  -37.800  -3.483 0.0000000000
51199  19.278  -37.327  -5.181 0.0000000000
51806  7.103  -35.789  25.360 0.0000000000
51807  6.239  -35.728  25.134 0.0000000000
51808  5.687  -35.603  24.962 0.0000000000
51809  1.971  -36.295  25.432 0.0000000000
51818  8.166  -37.138  24.584 0.0000000000
51819  7.710  -36.536  24.959 0.0000000000
51820  6.513  -36.549  25.051 0.0000000000
51821  5.246  -36.204  24.701 0.0000000000
51822  3.667  -36.346  23.956 0.0000000000
51823  2.617  -36.019  24.002 0.0000000000
51824  2.222  -36.447  24.516 0.0000000000
51831  8.305  -37.198  24.356 0.0000000000
51832  8.247  -36.694  24.153 0.0000000000
51833  3.117  -36.940  23.648 0.0000000000
51834  2.732  -36.741  23.774 0.0000000000
51835  2.398  -36.612  24.041 0.0000000000
51840  7.904  -36.440  23.245 0.0000000000
51841  7.057  -36.349  22.475 0.0000000000
51842  6.441  -35.840  22.314 0.0000000000
51847  6.767  -36.882  21.970 0.0000000000
51848  6.147  -36.488  21.783 0.0000000000
51849  5.609  -36.227  21.620 0.0000000000
51857  5.893  -37.159  21.260 0.0000000000
51858  5.578  -36.811  21.231 0.0000000000
51859  5.394  -37.160  20.876 0.0000000000
52019  11.815  -37.322  4.510 0.0000000000
52020  10.738  -37.177  4.587 0.0000000000
52021  9.723  -37.010  4.561 0.0000000000
52022  8.786  -36.849  4.564 0.0000000000
52023  7.969  -36.711  4.642 0.0000000000
52024  7.292  -36.599  4.765 0.0000000000
52112  15.196  -36.954  -0.775 0.0000000000
52113  14.809  -36.683  -0.381 0.0000000000
52128  16.386  -36.822  -2.178 0.0000000000
52129  15.762  -36.267  -1.658 0.0000000000
52130  15.337  -36.490  -0.854 0.0000000000
52144  17.437  -37.059  -3.268 0.0000000000
52145  17.005  -36.471  -3.294 0.0000000000
52146  16.400  -35.971  -2.737 0.0000000000
52159  18.646  -36.938  -4.488 0.0000000000
52160  18.086  -36.716  -4.125 0.0000000000
52161  17.445  -35.824  -4.220 0.0000000000
52174  18.869  -36.629  -4.933 0.0000000000
52175  18.471  -35.939  -5.073 0.0000000000
52186  18.924  -36.649  -5.761 0.0000000000
52754  7.304  -35.207  25.507 0.0000000000
52755  6.755  -35.128  25.494 0.0000000000
52756  5.869  -35.055  25.176 0.0000000000
52757  5.110  -34.904  24.972 0.0000000000
52767  7.689  -35.334  25.232 0.0000000000
52768  5.279  -35.417  24.882 0.0000000000
52769  4.447  -35.272  24.505 0.0000000000
52770  3.265  -35.199  24.119 0.0000000000
52771  2.343  -35.220  24.827 0.0000000000
52778  8.065  -35.454  24.517 0.0000000000
52779  8.049  -35.027  23.844 0.0000000000
52786  8.054  -35.789  23.780 0.0000000000
52787  7.506  -35.362  23.220 0.0000000000
52788  6.705  -35.258  22.653 0.0000000000
52796  6.041  -35.232  22.301 0.0000000000
52797  5.556  -35.544  21.914 0.0000000000
52798  5.239  -35.504  21.746 0.0000000000
52799  5.056  -35.594  21.618 0.0000000000
52810  5.390  -36.060  21.578 0.0000000000
52811  5.272  -36.224  21.412 0.0000000000
53078  15.944  -35.397  -1.658 0.0000000000
53079  15.477  -36.204  -0.958 0.0000000000
53090  16.817  -35.296  -3.831 0.0000000000
53091  16.274  -35.198  -2.803 0.0000000000
53098  18.000  -35.579  -4.886 0.0000000000
53790  7.356  -34.497  25.610 0.0000000000
53791  6.380  -34.324  25.588 0.0000000000
53792  5.364  -34.301  25.322 0.0000000000
53793  4.560  -34.436  24.889 0.0000000000
53799  7.979  -34.424  25.077 0.0000000000
53800  3.846  -34.510  24.494 0.0000000000
53801  3.029  -34.418  24.563 0.0000000000
53808  8.086  -34.326  24.342 0.0000000000
53809  7.600  -34.306  23.651 0.0000000000
53815  6.978  -34.407  23.046 0.0000000000
53816  6.315  -34.375  22.653 0.0000000000
53817  5.874  -34.053  22.530 0.0000000000
53823  5.911  -34.546  22.431 0.0000000000
53824  5.591  -34.542  22.295 0.0000000000
53825  5.288  -34.759  22.085 0.0000000000
53826  5.143  -34.931  21.952 0.0000000000
54878  7.724  -33.399  24.165 0.0000000000
54879  6.985  -33.366  23.452 0.0000000000
54880  6.525  -32.840  23.317 0.0000000000
54884  6.629  -33.854  22.955 0.0000000000
54885  6.195  -33.345  22.932 0.0000000000
54886  5.532  -33.508  22.523 0.0000000000
54887  5.287  -33.168  22.485 0.0000000000
54895  5.359  -34.163  22.278 0.0000000000
54896  5.245  -33.882  22.299 0.0000000000
56078  5.743  -32.464  22.902 0.0000000000
56079  5.369  -32.524  22.668 0.0000000000
