#!ascii label  , from subject bert vox2ras=TkReg
1948
89960  36.125  1.530  27.732 0.0000000000
89961  35.622  1.841  28.173 0.0000000000
89971  36.541  1.617  26.796 0.0000000000
89980  36.928  1.648  26.109 0.0000000000
90861  34.659  3.188  28.916 0.0000000000
90870  35.640  2.090  27.713 0.0000000000
90871  35.178  2.668  28.076 0.0000000000
90872  34.884  3.574  28.313 0.0000000000
90878  35.734  2.437  26.999 0.0000000000
90879  35.326  3.097  27.325 0.0000000000
90885  36.990  1.923  25.603 0.0000000000
90886  36.453  2.400  25.881 0.0000000000
90894  36.533  2.865  25.184 0.0000000000
91750  34.487  3.849  29.572 0.0000000000
91758  34.696  4.037  28.807 0.0000000000
91763  35.138  3.853  27.633 0.0000000000
91764  34.923  4.161  28.274 0.0000000000
91766  35.847  3.066  26.221 0.0000000000
91767  35.472  3.515  26.735 0.0000000000
91769  36.094  3.534  25.557 0.0000000000
91770  35.736  3.583  26.148 0.0000000000
91772  37.117  3.088  24.245 0.0000000000
91773  36.643  3.376  24.680 0.0000000000
91777  36.947  3.527  24.159 0.0000000000
92592  34.493  4.715  30.126 0.0000000000
92595  34.709  4.645  29.312 0.0000000000
92601  35.229  5.137  28.213 0.0000000000
92602  34.968  4.765  28.662 0.0000000000
92608  35.277  4.849  27.598 0.0000000000
92609  35.097  4.556  28.064 0.0000000000
92611  35.381  4.430  26.930 0.0000000000
92613  36.031  4.567  25.590 0.0000000000
92614  35.653  4.261  26.197 0.0000000000
92616  36.381  4.306  24.964 0.0000000000
92618  37.037  4.573  23.553 0.0000000000
92619  36.704  4.194  24.212 0.0000000000
93440  35.165  6.110  30.313 0.0000000000
93441  34.833  5.829  30.637 0.0000000000
93444  35.284  5.994  29.924 0.0000000000
93445  34.906  5.336  29.669 0.0000000000
93450  35.375  5.621  28.944 0.0000000000
93451  34.969  5.103  29.137 0.0000000000
93457  35.864  6.054  27.587 0.0000000000
93458  35.597  5.797  27.848 0.0000000000
93460  35.882  5.862  27.184 0.0000000000
93461  35.522  5.222  27.028 0.0000000000
93463  35.924  5.317  26.251 0.0000000000
93464  35.575  4.825  26.571 0.0000000000
93466  36.627  5.660  24.884 0.0000000000
93467  36.446  5.343  25.218 0.0000000000
93469  36.728  5.359  24.325 0.0000000000
93470  36.543  4.808  24.665 0.0000000000
93472  37.225  5.472  23.255 0.0000000000
93475  37.722  5.590  22.390 0.0000000000
94275  34.863  6.559  31.558 0.0000000000
94278  35.406  6.492  30.369 0.0000000000
94279  35.152  6.652  30.900 0.0000000000
94283  36.415  7.137  29.422 0.0000000000
94284  35.950  6.617  29.552 0.0000000000
94289  36.981  7.361  28.608 0.0000000000
94290  36.522  7.022  28.801 0.0000000000
94291  35.876  6.319  28.483 0.0000000000
94297  36.929  7.148  28.108 0.0000000000
94298  36.179  6.418  27.766 0.0000000000
94299  35.830  6.235  28.014 0.0000000000
94302  36.986  6.776  27.254 0.0000000000
94303  36.406  6.156  26.752 0.0000000000
94306  37.011  6.535  26.278 0.0000000000
94307  36.523  5.911  25.835 0.0000000000
94309  36.831  6.200  25.152 0.0000000000
94310  36.580  5.835  25.393 0.0000000000
94312  37.245  6.338  24.016 0.0000000000
94314  38.009  6.943  22.592 0.0000000000
94315  37.697  6.436  22.912 0.0000000000
94319  38.047  6.459  21.919 0.0000000000
94320  37.790  6.172  22.391 0.0000000000
94326  38.598  6.705  20.684 0.0000000000
94331  30.757  6.864  20.338 0.0000000000
94338  39.209  6.592  19.731 0.0000000000
94339  38.759  7.159  20.140 0.0000000000
94344  31.551  7.207  19.867 0.0000000000
94345  31.143  7.448  19.927 0.0000000000
94349  40.266  6.533  18.246 0.0000000000
94350  39.735  6.558  18.861 0.0000000000
94356  41.265  6.728  17.064 0.0000000000
94357  40.750  6.583  17.702 0.0000000000
94367  41.951  6.611  16.460 0.0000000000
94382  42.874  6.698  15.488 0.0000000000
94383  42.363  6.688  15.947 0.0000000000
94398  43.440  6.769  15.120 0.0000000000
95077  34.707  7.396  32.132 0.0000000000
95090  35.673  8.007  30.770 0.0000000000
95091  35.211  7.454  31.158 0.0000000000
95098  36.717  7.854  30.129 0.0000000000
95099  35.892  7.374  30.399 0.0000000000
95100  35.415  6.985  30.715 0.0000000000
95104  38.202  8.080  29.028 0.0000000000
95105  37.538  7.855  29.292 0.0000000000
95106  36.866  7.546  29.487 0.0000000000
95107  36.381  7.294  29.824 0.0000000000
95113  38.274  7.829  28.241 0.0000000000
95114  37.512  7.596  28.579 0.0000000000
95115  37.071  7.496  28.961 0.0000000000
95120  39.142  7.826  27.070 0.0000000000
95121  38.362  7.604  27.388 0.0000000000
95122  37.608  7.377  27.731 0.0000000000
95124  40.094  7.773  25.967 0.0000000000
95125  39.256  7.665  26.207 0.0000000000
95126  38.432  7.446  26.487 0.0000000000
95127  37.672  7.133  26.832 0.0000000000
95130  40.982  7.900  24.939 0.0000000000
95131  40.222  7.799  25.144 0.0000000000
95132  39.377  7.639  25.341 0.0000000000
95133  38.512  7.381  25.562 0.0000000000
95134  37.686  6.964  25.857 0.0000000000
95136  40.987  8.052  24.525 0.0000000000
95137  40.412  8.047  24.362 0.0000000000
95138  39.509  7.825  24.516 0.0000000000
95139  38.635  7.470  24.628 0.0000000000
95140  37.749  6.985  24.838 0.0000000000
95142  40.172  8.249  23.863 0.0000000000
95143  39.660  8.105  23.907 0.0000000000
95144  38.800  7.770  23.637 0.0000000000
95145  37.972  7.095  23.845 0.0000000000
95147  38.374  7.607  22.516 0.0000000000
95148  38.135  7.188  23.094 0.0000000000
95152  38.382  7.641  21.390 0.0000000000
95155  38.594  7.725  20.460 0.0000000000
95156  30.119  7.576  20.313 0.0000000000
95162  39.264  7.451  19.083 0.0000000000
95163  38.849  7.617  19.765 0.0000000000
95165  32.755  7.405  19.194 0.0000000000
95166  32.001  7.564  19.303 0.0000000000
95167  31.392  7.884  19.486 0.0000000000
95168  30.831  7.805  19.936 0.0000000000
95172  40.227  7.085  17.779 0.0000000000
95173  39.704  7.385  18.221 0.0000000000
95176  33.111  7.663  18.532 0.0000000000
95177  32.339  7.961  18.664 0.0000000000
95178  31.775  8.100  18.982 0.0000000000
95181  40.953  7.241  16.746 0.0000000000
95182  40.508  7.385  17.180 0.0000000000
95183  39.971  7.590  17.585 0.0000000000
95186  34.211  7.641  17.602 0.0000000000
95187  33.396  7.936  17.788 0.0000000000
95188  32.795  8.128  18.171 0.0000000000
95191  41.344  7.202  16.321 0.0000000000
95192  40.719  7.658  16.394 0.0000000000
95194  35.245  7.720  16.637 0.0000000000
95195  34.475  8.000  16.835 0.0000000000
95196  33.840  8.110  17.215 0.0000000000
95200  42.570  7.139  15.035 0.0000000000
95201  41.989  7.156  15.543 0.0000000000
95202  41.119  7.685  15.574 0.0000000000
95205  35.533  7.990  15.800 0.0000000000
95206  34.845  8.133  16.165 0.0000000000
95216  43.229  7.157  14.532 0.0000000000
95217  42.218  7.502  14.493 0.0000000000
95218  41.549  7.680  14.898 0.0000000000
95222  36.014  8.031  15.078 0.0000000000
95232  43.671  7.545  13.320 0.0000000000
95233  42.777  7.605  13.769 0.0000000000
95246  44.378  7.855  12.555 0.0000000000
95270  42.946  8.199  9.460 0.0000000000
95271  42.306  8.127  9.535 0.0000000000
95272  41.823  8.205  9.649 0.0000000000
95933  34.789  8.275  31.739 0.0000000000
95944  35.680  8.397  30.677 0.0000000000
95945  35.275  8.469  31.018 0.0000000000
95953  38.621  8.731  29.992 0.0000000000
95954  38.073  8.731  30.131 0.0000000000
95955  37.241  8.618  30.216 0.0000000000
95956  36.228  8.433  30.403 0.0000000000
95957  35.648  8.786  30.574 0.0000000000
95960  40.186  8.899  28.742 0.0000000000
95961  39.605  8.813  29.112 0.0000000000
95962  38.859  8.585  29.522 0.0000000000
95963  38.103  8.378  29.653 0.0000000000
95964  37.422  8.160  29.853 0.0000000000
95970  41.122  8.718  27.705 0.0000000000
95971  40.497  8.693  28.127 0.0000000000
95972  39.666  8.503  28.380 0.0000000000
95973  38.923  8.323  28.713 0.0000000000
95979  42.119  8.556  26.628 0.0000000000
95980  41.460  8.535  27.053 0.0000000000
95981  40.595  8.381  27.300 0.0000000000
95982  39.804  8.255  27.596 0.0000000000
95983  39.040  8.023  27.920 0.0000000000
95985  43.217  8.426  25.483 0.0000000000
95986  42.504  8.329  25.980 0.0000000000
95987  41.600  8.135  26.249 0.0000000000
95988  40.777  8.063  26.532 0.0000000000
95989  39.942  8.004  26.779 0.0000000000
95992  43.432  8.303  24.785 0.0000000000
95993  42.592  7.974  25.076 0.0000000000
95994  41.723  7.892  25.422 0.0000000000
95995  40.914  7.838  25.725 0.0000000000
95997  44.580  8.666  23.672 0.0000000000
95998  43.857  8.417  24.056 0.0000000000
95999  42.789  8.126  24.194 0.0000000000
96000  41.605  8.061  24.454 0.0000000000
96001  40.949  8.161  24.279 0.0000000000
96003  44.754  8.789  23.054 0.0000000000
96004  44.034  8.598  23.239 0.0000000000
96005  43.127  8.471  23.404 0.0000000000
96006  42.037  8.454  23.566 0.0000000000
96007  40.801  8.455  23.711 0.0000000000
96008  39.842  8.402  23.444 0.0000000000
96009  39.334  8.173  23.506 0.0000000000
96011  44.797  8.977  22.665 0.0000000000
96012  44.318  8.885  22.672 0.0000000000
96013  43.520  8.843  22.729 0.0000000000
96014  42.534  8.867  22.812 0.0000000000
96015  41.418  8.971  22.880 0.0000000000
96016  40.064  8.985  22.596 0.0000000000
96017  39.144  8.319  22.982 0.0000000000
96021  39.445  9.179  21.436 0.0000000000
96022  38.913  8.475  21.996 0.0000000000
96025  39.178  9.220  20.815 0.0000000000
96026  38.774  8.611  20.916 0.0000000000
96027  30.464  8.453  20.051 0.0000000000
96028  29.753  8.185  20.329 0.0000000000
96033  38.968  8.254  19.357 0.0000000000
96034  38.803  8.541  20.010 0.0000000000
96035  31.517  8.551  19.103 0.0000000000
96036  31.146  8.665  19.543 0.0000000000
96041  39.245  8.334  18.620 0.0000000000
96042  32.393  8.527  18.269 0.0000000000
96043  31.913  8.708  18.662 0.0000000000
96047  39.999  7.863  17.261 0.0000000000
96048  39.648  8.353  17.602 0.0000000000
96049  33.431  8.438  17.291 0.0000000000
96050  32.874  8.622  17.738 0.0000000000
96054  40.113  8.229  16.776 0.0000000000
96055  39.757  8.891  16.959 0.0000000000
96056  34.385  8.448  16.196 0.0000000000
96057  33.839  8.554  16.683 0.0000000000
96060  40.483  8.379  15.802 0.0000000000
96061  35.431  8.373  15.015 0.0000000000
96062  34.781  8.521  15.512 0.0000000000
96066  41.631  7.873  14.318 0.0000000000
96067  40.968  8.355  14.560 0.0000000000
96068  36.690  8.246  14.160 0.0000000000
96069  36.058  8.523  14.286 0.0000000000
96073  42.904  7.790  13.131 0.0000000000
96074  41.970  8.128  13.344 0.0000000000
96075  41.036  8.884  13.471 0.0000000000
96078  36.982  8.584  13.482 0.0000000000
96079  36.189  9.012  13.625 0.0000000000
96086  43.344  8.183  12.224 0.0000000000
96087  42.190  8.854  11.960 0.0000000000
96089  38.982  8.423  12.191 0.0000000000
96090  37.815  8.927  12.546 0.0000000000
96091  37.082  9.297  12.829 0.0000000000
96098  44.042  8.462  10.926 0.0000000000
96099  43.046  8.968  11.133 0.0000000000
96100  42.332  9.489  11.147 0.0000000000
96101  40.564  7.986  10.746 0.0000000000
96102  39.923  8.413  11.050 0.0000000000
96103  39.167  9.081  11.247 0.0000000000
96109  43.898  8.797  9.915 0.0000000000
96110  43.207  9.252  9.578 0.0000000000
96111  41.547  8.358  9.753 0.0000000000
96112  40.986  8.540  10.066 0.0000000000
96113  40.362  9.154  10.262 0.0000000000
96116  43.301  8.705  9.535 0.0000000000
96117  42.670  9.003  9.334 0.0000000000
96118  41.827  8.845  9.424 0.0000000000
96119  41.393  9.285  9.524 0.0000000000
96763  34.464  9.120  32.144 0.0000000000
96773  34.730  9.022  31.365 0.0000000000
96783  41.794  10.266  30.128 0.0000000000
96784  41.290  10.099  30.199 0.0000000000
96785  40.232  9.762  30.331 0.0000000000
96786  39.028  9.351  30.272 0.0000000000
96787  38.004  9.382  30.218 0.0000000000
96788  36.998  9.218  30.212 0.0000000000
96789  36.043  9.338  30.144 0.0000000000
96790  35.133  9.415  30.658 0.0000000000
96793  42.523  10.137  29.157 0.0000000000
96794  41.964  10.045  29.529 0.0000000000
96795  40.595  9.375  29.375 0.0000000000
96796  39.542  9.106  29.825 0.0000000000
96797  39.041  8.842  30.027 0.0000000000
96798  37.593  9.772  30.070 0.0000000000
96799  36.906  9.848  29.824 0.0000000000
96800  36.144  10.061  29.698 0.0000000000
96805  43.422  10.042  28.150 0.0000000000
96806  42.780  9.958  28.504 0.0000000000
96807  41.450  9.207  28.371 0.0000000000
96808  40.676  9.020  28.679 0.0000000000
96815  44.463  9.934  27.260 0.0000000000
96816  43.780  9.820  27.555 0.0000000000
96817  42.399  9.110  27.305 0.0000000000
96818  41.603  8.885  27.611 0.0000000000
96820  45.377  9.952  26.479 0.0000000000
96821  44.800  9.806  26.712 0.0000000000
96822  43.506  9.029  26.296 0.0000000000
96823  42.629  8.747  26.547 0.0000000000
96826  45.488  9.869  26.057 0.0000000000
96827  44.760  9.340  25.645 0.0000000000
96828  43.970  8.735  25.225 0.0000000000
96830  46.316  10.186  24.963 0.0000000000
96831  45.850  9.906  25.110 0.0000000000
96832  44.838  8.904  24.520 0.0000000000
96833  44.027  8.569  24.640 0.0000000000
96835  46.364  10.175  24.595 0.0000000000
96836  45.810  9.629  24.132 0.0000000000
96837  45.264  9.075  23.542 0.0000000000
96839  46.415  10.170  23.899 0.0000000000
96840  46.030  9.733  23.225 0.0000000000
96841  45.293  9.248  22.739 0.0000000000
96842  44.755  9.221  22.320 0.0000000000
96843  44.017  9.256  22.217 0.0000000000
96844  43.100  9.272  22.168 0.0000000000
96845  42.061  9.378  22.186 0.0000000000
96846  41.078  9.469  22.204 0.0000000000
96850  45.883  9.741  22.491 0.0000000000
96851  45.386  9.638  22.072 0.0000000000
96852  44.655  9.642  21.767 0.0000000000
96853  43.768  9.705  21.625 0.0000000000
96854  42.749  9.794  21.547 0.0000000000
96855  41.577  9.942  21.482 0.0000000000
96856  40.412  9.642  21.571 0.0000000000
96858  40.802  10.191  20.964 0.0000000000
96859  39.750  9.828  20.587 0.0000000000
96860  39.019  9.123  20.288 0.0000000000
96861  31.508  9.684  19.552 0.0000000000
96862  31.073  9.386  19.822 0.0000000000
96863  29.925  9.138  20.373 0.0000000000
96868  39.174  9.297  19.468 0.0000000000
96869  38.936  9.006  19.921 0.0000000000
96870  32.179  9.679  18.796 0.0000000000
96871  31.730  9.414  19.133 0.0000000000
96872  31.291  9.164  19.490 0.0000000000
96876  39.416  9.316  18.222 0.0000000000
96877  32.323  9.276  18.353 0.0000000000
96878  31.933  9.147  18.681 0.0000000000
96881  39.654  9.348  17.377 0.0000000000
96882  33.297  8.903  17.096 0.0000000000
96883  32.971  9.235  17.590 0.0000000000
96887  39.977  9.166  16.297 0.0000000000
96888  39.806  9.413  16.831 0.0000000000
96889  34.134  8.893  15.909 0.0000000000
96890  33.690  9.106  16.542 0.0000000000
96893  40.298  9.333  15.243 0.0000000000
96894  35.147  8.933  14.673 0.0000000000
96895  34.559  9.015  15.264 0.0000000000
96899  40.634  9.516  14.100 0.0000000000
96900  36.142  9.791  13.673 0.0000000000
96901  35.852  9.316  13.923 0.0000000000
96905  41.439  9.045  12.660 0.0000000000
96906  40.912  9.744  12.923 0.0000000000
96907  36.458  9.507  13.326 0.0000000000
96908  36.131  9.295  13.607 0.0000000000
96912  41.521  9.812  11.817 0.0000000000
96913  41.088  10.156  12.348 0.0000000000
96914  38.483  9.538  11.759 0.0000000000
96915  37.586  9.758  12.397 0.0000000000
96916  36.965  9.833  12.794 0.0000000000
96920  43.449  9.093  10.413 0.0000000000
96921  42.819  9.557  10.452 0.0000000000
96922  42.018  10.117  10.652 0.0000000000
96923  39.728  9.500  10.564 0.0000000000
96924  39.155  9.778  11.076 0.0000000000
96929  43.247  9.407  9.957 0.0000000000
96930  42.496  9.867  9.806 0.0000000000
96931  42.058  10.510  10.197 0.0000000000
96932  40.908  9.594  9.712 0.0000000000
96933  40.367  9.770  10.104 0.0000000000
96937  42.189  9.589  9.330 0.0000000000
96938  41.806  9.595  9.362 0.0000000000
96939  41.458  9.761  9.458 0.0000000000
97542  42.195  10.836  31.138 0.0000000000
97543  41.893  10.842  31.213 0.0000000000
97544  34.457  10.011  31.482 0.0000000000
97556  43.810  11.209  30.103 0.0000000000
97557  43.357  10.942  30.226 0.0000000000
97558  42.227  10.592  30.563 0.0000000000
97559  41.109  10.509  30.987 0.0000000000
97560  39.907  10.393  30.750 0.0000000000
97561  38.912  10.053  30.330 0.0000000000
97562  38.221  10.045  30.156 0.0000000000
97563  35.469  9.966  29.967 0.0000000000
97564  34.779  10.596  30.360 0.0000000000
97567  44.662  11.149  29.214 0.0000000000
97568  44.070  11.055  29.537 0.0000000000
97569  42.884  10.402  29.411 0.0000000000
97570  42.332  10.354  29.857 0.0000000000
97571  39.453  10.719  30.439 0.0000000000
97572  38.828  10.601  30.030 0.0000000000
97573  37.850  10.469  29.714 0.0000000000
97574  36.801  10.633  29.407 0.0000000000
97575  35.673  10.796  29.467 0.0000000000
97576  34.944  11.418  29.734 0.0000000000
97581  45.685  11.049  28.393 0.0000000000
97582  45.006  10.994  28.643 0.0000000000
97583  43.762  10.311  28.433 0.0000000000
97584  43.112  10.254  28.769 0.0000000000
97592  47.672  11.030  27.838 0.0000000000
97593  47.271  10.955  27.791 0.0000000000
97594  46.094  10.849  27.913 0.0000000000
97595  44.755  10.284  27.510 0.0000000000
97596  44.107  10.110  27.833 0.0000000000
97599  47.702  10.940  27.479 0.0000000000
97600  47.005  10.613  27.138 0.0000000000
97601  45.789  10.205  26.735 0.0000000000
97602  45.144  10.051  26.987 0.0000000000
97605  47.661  10.792  26.707 0.0000000000
97606  46.898  10.447  26.218 0.0000000000
97607  46.198  10.170  25.761 0.0000000000
97609  47.530  10.749  25.842 0.0000000000
97610  46.715  10.367  25.234 0.0000000000
97611  46.263  10.193  25.342 0.0000000000
97613  47.499  10.769  25.103 0.0000000000
97614  47.066  10.622  24.365 0.0000000000
97616  46.843  10.542  23.307 0.0000000000
97617  46.391  10.153  22.638 0.0000000000
97621  46.883  10.665  22.383 0.0000000000
97622  46.203  10.171  21.925 0.0000000000
97623  45.442  10.091  21.402 0.0000000000
97624  44.561  10.126  21.105 0.0000000000
97625  43.560  10.215  20.976 0.0000000000
97626  42.509  10.370  20.905 0.0000000000
97627  41.594  10.468  20.770 0.0000000000
97628  30.609  10.779  20.892 0.0000000000
97629  30.200  10.735  21.032 0.0000000000
97630  29.350  10.753  21.150 0.0000000000
97631  28.625  10.843  21.141 0.0000000000
97635  46.815  10.749  21.665 0.0000000000
97636  46.302  10.562  21.122 0.0000000000
97637  45.508  10.540  20.577 0.0000000000
97638  44.454  10.590  20.347 0.0000000000
97639  43.379  10.715  20.338 0.0000000000
97640  42.290  10.932  20.183 0.0000000000
97641  40.933  10.680  20.157 0.0000000000
97642  39.934  10.392  19.632 0.0000000000
97643  32.354  10.564  19.601 0.0000000000
97644  31.778  10.217  19.708 0.0000000000
97645  30.730  10.372  20.549 0.0000000000
97646  29.623  10.037  20.815 0.0000000000
97647  28.695  10.103  20.874 0.0000000000
97651  45.266  10.842  20.002 0.0000000000
97652  44.793  10.977  19.778 0.0000000000
97653  41.752  11.148  19.548 0.0000000000
97654  40.854  10.996  19.036 0.0000000000
97655  39.792  10.277  18.687 0.0000000000
97656  34.475  10.722  18.667 0.0000000000
97657  33.947  10.605  18.719 0.0000000000
97658  32.639  10.238  19.010 0.0000000000
97659  32.006  9.987  19.250 0.0000000000
97662  40.496  10.866  18.056 0.0000000000
97663  39.821  10.132  17.731 0.0000000000
97664  36.240  10.942  17.594 0.0000000000
97665  35.798  10.813  17.735 0.0000000000
97666  34.758  10.598  18.170 0.0000000000
97667  33.670  10.136  17.985 0.0000000000
97668  33.006  9.649  17.911 0.0000000000
97671  40.335  10.738  17.135 0.0000000000
97672  39.924  9.943  16.961 0.0000000000
97673  36.260  10.867  17.066 0.0000000000
97674  35.356  10.488  17.044 0.0000000000
97675  34.378  10.066  17.086 0.0000000000
97676  33.532  9.477  17.153 0.0000000000
97677  33.155  9.448  17.542 0.0000000000
97681  40.196  10.308  16.097 0.0000000000
97682  39.940  9.707  16.551 0.0000000000
97683  36.017  10.494  16.135 0.0000000000
97684  35.075  10.070  16.110 0.0000000000
97685  34.199  9.444  16.240 0.0000000000
97686  33.771  9.337  16.623 0.0000000000
97690  40.477  10.410  14.788 0.0000000000
97691  35.827  10.238  15.190 0.0000000000
97692  35.040  9.502  15.198 0.0000000000
97693  34.404  9.214  15.595 0.0000000000
97697  40.761  10.473  13.675 0.0000000000
97698  35.922  9.973  14.222 0.0000000000
97699  35.449  9.428  14.475 0.0000000000
97702  41.006  10.562  12.744 0.0000000000
97703  36.965  10.799  13.081 0.0000000000
97704  36.579  10.279  13.402 0.0000000000
97708  41.516  10.701  11.321 0.0000000000
97709  41.244  10.575  12.018 0.0000000000
97710  38.165  10.472  12.012 0.0000000000
97711  37.248  10.487  12.684 0.0000000000
97712  36.713  10.063  12.975 0.0000000000
97715  41.578  10.898  10.603 0.0000000000
97716  39.595  10.356  10.659 0.0000000000
97717  38.957  10.474  11.306 0.0000000000
97721  42.037  9.996  9.532 0.0000000000
97722  41.653  10.692  10.047 0.0000000000
97723  40.776  10.432  9.937 0.0000000000
97724  40.112  10.174  10.260 0.0000000000
97728  41.994  9.825  9.337 0.0000000000
97729  41.760  10.021  9.489 0.0000000000
97730  41.334  10.153  9.598 0.0000000000
98282  34.435  10.838  32.175 0.0000000000
98288  43.857  11.905  31.094 0.0000000000
98289  43.423  11.748  31.230 0.0000000000
98290  42.449  11.282  31.326 0.0000000000
98291  41.590  11.327  31.358 0.0000000000
98292  34.408  11.216  31.369 0.0000000000
98304  45.739  12.035  30.310 0.0000000000
98305  45.236  11.941  30.296 0.0000000000
98306  44.076  11.620  30.514 0.0000000000
98307  43.039  11.101  30.923 0.0000000000
98308  42.569  10.904  31.064 0.0000000000
98309  40.785  11.268  31.125 0.0000000000
98310  40.074  11.319  30.739 0.0000000000
98311  34.477  11.731  30.489 0.0000000000
98315  48.096  12.064  30.035 0.0000000000
98316  47.865  11.980  29.967 0.0000000000
98317  47.186  11.934  29.831 0.0000000000
98318  46.090  11.869  29.894 0.0000000000
98319  44.943  11.418  29.484 0.0000000000
98320  44.334  11.382  29.835 0.0000000000
98321  39.504  11.362  30.180 0.0000000000
98322  38.774  11.340  29.573 0.0000000000
98323  37.720  11.449  29.132 0.0000000000
98324  36.577  11.489  29.005 0.0000000000
98325  35.566  11.911  29.074 0.0000000000
98326  34.723  12.232  29.693 0.0000000000
98330  48.105  12.070  29.791 0.0000000000
98331  47.879  11.831  29.297 0.0000000000
98332  46.978  11.598  28.999 0.0000000000
98333  45.923  11.256  28.730 0.0000000000
98334  45.294  11.199  28.944 0.0000000000
98335  37.270  12.069  28.776 0.0000000000
98336  36.546  12.340  28.675 0.0000000000
98337  35.864  12.674  28.716 0.0000000000
98344  47.766  11.379  28.185 0.0000000000
98345  46.782  11.171  28.288 0.0000000000
98346  46.301  11.094  28.276 0.0000000000
98351  47.927  11.372  27.265 0.0000000000
98354  47.813  11.265  26.398 0.0000000000
98356  47.831  11.170  25.538 0.0000000000
98358  47.717  11.142  24.707 0.0000000000
98359  47.428  11.200  23.894 0.0000000000
98361  47.298  11.274  22.976 0.0000000000
98363  47.164  11.336  22.059 0.0000000000
98364  32.533  11.572  20.703 0.0000000000
98365  32.042  11.533  20.866 0.0000000000
98366  30.933  11.213  21.062 0.0000000000
98367  29.972  11.353  21.461 0.0000000000
98368  29.083  11.425  21.524 0.0000000000
98369  28.184  11.456  21.342 0.0000000000
98374  46.952  11.310  21.141 0.0000000000
98375  46.448  11.000  20.432 0.0000000000
98376  45.906  10.987  20.003 0.0000000000
98377  44.108  10.929  19.868 0.0000000000
98378  43.394  11.136  19.694 0.0000000000
98379  42.616  11.284  19.452 0.0000000000
98380  35.734  11.926  19.717 0.0000000000
98381  35.226  11.759  19.830 0.0000000000
98382  34.065  11.534  19.937 0.0000000000
98383  32.714  11.179  20.115 0.0000000000
98384  31.521  10.911  20.496 0.0000000000
98385  31.048  10.840  20.711 0.0000000000
98389  46.818  11.608  20.478 0.0000000000
98390  46.414  11.587  19.895 0.0000000000
98391  45.550  11.309  19.546 0.0000000000
98392  44.502  11.350  19.314 0.0000000000
98393  43.470  11.525  18.986 0.0000000000
98394  42.232  11.487  18.767 0.0000000000
98395  41.378  11.325  18.239 0.0000000000
98396  37.514  12.159  18.521 0.0000000000
98397  37.129  11.958  18.736 0.0000000000
98398  36.039  11.705  19.274 0.0000000000
98399  34.732  11.017  19.058 0.0000000000
98400  33.487  10.915  19.384 0.0000000000
98401  32.931  10.788  19.501 0.0000000000
98404  46.083  11.907  19.368 0.0000000000
98405  45.439  11.844  18.951 0.0000000000
98406  44.542  11.863  18.558 0.0000000000
98407  43.451  12.024  18.154 0.0000000000
98408  42.234  11.787  17.833 0.0000000000
98409  41.219  11.404  17.454 0.0000000000
98410  37.709  12.081  18.066 0.0000000000
98411  36.651  11.246  17.932 0.0000000000
98412  35.508  10.987  18.495 0.0000000000
98413  34.998  10.841  18.597 0.0000000000
98416  43.077  12.163  17.412 0.0000000000
98417  42.213  11.982  16.860 0.0000000000
98418  40.981  11.419  16.489 0.0000000000
98419  37.594  11.775  17.049 0.0000000000
98420  36.954  11.286  16.855 0.0000000000
98423  41.835  11.955  15.858 0.0000000000
98424  40.878  11.344  15.402 0.0000000000
98425  37.442  11.654  16.092 0.0000000000
98426  36.740  11.101  16.095 0.0000000000
98430  41.688  12.035  14.846 0.0000000000
98431  41.020  11.297  14.292 0.0000000000
98432  37.265  11.460  15.219 0.0000000000
98433  36.598  10.811  15.228 0.0000000000
98438  41.698  12.016  13.780 0.0000000000
98439  41.229  11.244  13.258 0.0000000000
98440  37.114  11.235  14.384 0.0000000000
98441  36.493  10.597  14.394 0.0000000000
98445  41.716  11.961  12.695 0.0000000000
98446  41.354  11.182  12.321 0.0000000000
98447  36.980  10.997  13.578 0.0000000000
98448  36.487  10.458  13.877 0.0000000000
98452  41.656  11.670  11.521 0.0000000000
98453  41.387  11.055  11.752 0.0000000000
98454  38.026  11.252  12.318 0.0000000000
98455  37.407  11.231  12.887 0.0000000000
98458  41.726  11.729  10.718 0.0000000000
98459  40.447  11.972  10.746 0.0000000000
98460  39.767  11.404  10.897 0.0000000000
98461  38.750  11.291  11.628 0.0000000000
98465  41.498  11.815  10.597 0.0000000000
98466  40.867  11.554  10.398 0.0000000000
98467  40.233  10.787  10.385 0.0000000000
99036  46.736  13.073  31.638 0.0000000000
99037  46.297  12.918  31.638 0.0000000000
99038  45.309  12.691  31.658 0.0000000000
99039  44.133  12.379  31.413 0.0000000000
99040  43.100  12.335  31.684 0.0000000000
99041  42.125  12.246  31.564 0.0000000000
99042  41.376  11.915  31.310 0.0000000000
99043  34.436  12.299  31.462 0.0000000000
99055  48.126  12.511  30.639 0.0000000000
99056  47.839  12.565  30.865 0.0000000000
99057  46.992  12.781  31.216 0.0000000000
99058  45.919  12.292  30.756 0.0000000000
99059  44.808  12.150  30.960 0.0000000000
99060  44.317  12.012  31.016 0.0000000000
99061  41.597  12.542  31.317 0.0000000000
99062  40.887  12.233  30.880 0.0000000000
99063  40.134  11.963  30.396 0.0000000000
99064  34.400  12.667  30.560 0.0000000000
99069  48.153  12.300  30.265 0.0000000000
99070  47.475  12.240  30.452 0.0000000000
99071  46.654  12.202  30.414 0.0000000000
99072  46.217  12.128  30.346 0.0000000000
99073  40.492  12.594  30.280 0.0000000000
99074  39.700  12.370  29.719 0.0000000000
99075  38.703  12.180  29.108 0.0000000000
99076  37.970  12.286  28.803 0.0000000000
99077  35.166  12.742  29.101 0.0000000000
99078  34.560  13.035  29.733 0.0000000000
99082  48.292  12.363  29.536 0.0000000000
99083  48.235  12.233  28.740 0.0000000000
99084  39.266  12.917  29.096 0.0000000000
99085  38.546  12.942  28.743 0.0000000000
99086  37.537  12.906  28.538 0.0000000000
99087  36.557  13.166  28.467 0.0000000000
99088  35.651  13.300  28.630 0.0000000000
99094  48.115  12.081  27.905 0.0000000000
99095  47.305  12.579  27.140 0.0000000000
99096  47.073  12.644  27.077 0.0000000000
99101  47.787  12.007  27.047 0.0000000000
99102  47.403  12.316  26.870 0.0000000000
99103  46.769  12.506  26.532 0.0000000000
99104  46.163  12.604  26.187 0.0000000000
99107  47.590  11.645  26.143 0.0000000000
99108  47.279  12.026  25.846 0.0000000000
99109  46.715  12.332  25.559 0.0000000000
99110  45.899  12.522  25.472 0.0000000000
99113  47.666  11.611  25.225 0.0000000000
99114  47.324  12.024  24.874 0.0000000000
99115  46.630  12.337  24.586 0.0000000000
99116  45.599  12.477  24.458 0.0000000000
99117  44.911  12.549  24.040 0.0000000000
99119  47.665  11.626  24.449 0.0000000000
99120  47.290  11.910  23.811 0.0000000000
99121  46.493  12.332  23.554 0.0000000000
99122  45.609  12.486  23.376 0.0000000000
99123  44.762  12.643  23.348 0.0000000000
99125  47.002  11.916  22.752 0.0000000000
99126  46.339  12.342  22.553 0.0000000000
99127  45.471  12.604  22.442 0.0000000000
99128  44.666  12.760  22.679 0.0000000000
99129  31.604  12.714  21.981 0.0000000000
99130  31.177  12.736  22.061 0.0000000000
99131  30.296  12.748  22.258 0.0000000000
99132  29.407  12.780  22.341 0.0000000000
99133  28.678  12.848  22.269 0.0000000000
99135  46.912  12.009  21.801 0.0000000000
99136  46.264  12.477  21.580 0.0000000000
99137  45.581  12.723  21.681 0.0000000000
99138  34.468  12.653  20.931 0.0000000000
99139  33.985  12.515  21.040 0.0000000000
99140  32.866  12.019  21.079 0.0000000000
99141  31.736  12.319  21.645 0.0000000000
99142  30.622  12.068  21.755 0.0000000000
99143  29.684  12.064  21.928 0.0000000000
99144  28.808  12.151  21.917 0.0000000000
99145  27.980  12.472  21.781 0.0000000000
99150  46.876  12.093  20.957 0.0000000000
99151  46.423  12.491  20.686 0.0000000000
99152  36.425  12.616  19.906 0.0000000000
99153  35.938  12.332  19.981 0.0000000000
99154  34.733  12.377  20.614 0.0000000000
99155  33.566  11.872  20.595 0.0000000000
99156  33.044  11.681  20.618 0.0000000000
99159  46.780  12.094  20.286 0.0000000000
99160  46.398  12.408  19.822 0.0000000000
99161  37.685  12.495  18.686 0.0000000000
99162  36.860  12.548  19.516 0.0000000000
99163  36.285  12.181  19.620 0.0000000000
99166  45.992  12.479  18.909 0.0000000000
99167  45.399  12.327  18.289 0.0000000000
99168  44.622  12.290  17.835 0.0000000000
99169  43.914  12.297  17.437 0.0000000000
99170  39.081  13.431  17.810 0.0000000000
99171  38.542  13.016  18.094 0.0000000000
99174  45.899  12.785  18.036 0.0000000000
99175  45.381  12.640  17.553 0.0000000000
99176  44.635  12.539  17.107 0.0000000000
99177  43.576  12.381  16.726 0.0000000000
99178  42.792  12.294  16.126 0.0000000000
99179  39.803  13.796  16.547 0.0000000000
99180  39.333  13.261  17.110 0.0000000000
99181  38.470  12.441  17.127 0.0000000000
99184  45.753  13.033  17.396 0.0000000000
99185  45.320  13.018  16.825 0.0000000000
99186  44.509  12.835  16.387 0.0000000000
99187  43.665  12.629  15.813 0.0000000000
99188  42.668  12.484  15.320 0.0000000000
99189  39.746  13.486  15.968 0.0000000000
99190  39.094  12.752  16.121 0.0000000000
99191  38.220  12.198  16.136 0.0000000000
99195  45.010  13.328  16.200 0.0000000000
99196  44.508  13.170  15.588 0.0000000000
99197  43.664  12.993  14.799 0.0000000000
99198  42.527  12.619  14.307 0.0000000000
99199  39.390  13.272  15.119 0.0000000000
99200  38.691  12.665  15.209 0.0000000000
99201  37.945  12.104  15.207 0.0000000000
99205  43.253  13.207  13.764 0.0000000000
99206  42.344  12.738  13.242 0.0000000000
99207  38.998  13.161  14.476 0.0000000000
99208  38.414  12.679  14.270 0.0000000000
99209  37.725  11.937  14.359 0.0000000000
99213  42.978  13.443  12.756 0.0000000000
99214  42.213  12.757  12.129 0.0000000000
99215  38.133  12.373  13.545 0.0000000000
99216  37.582  11.697  13.617 0.0000000000
99220  42.837  13.542  11.653 0.0000000000
99221  42.138  12.611  11.184 0.0000000000
99222  38.824  12.534  11.995 0.0000000000
99223  38.123  12.069  12.755 0.0000000000
99224  37.505  11.510  13.190 0.0000000000
99227  42.299  13.314  10.821 0.0000000000
99228  41.813  12.471  10.788 0.0000000000
99229  40.175  12.523  11.024 0.0000000000
99230  39.243  12.155  11.479 0.0000000000
99231  38.537  11.892  11.982 0.0000000000
99236  41.946  13.487  10.594 0.0000000000
99237  41.491  12.747  10.572 0.0000000000
99238  40.791  12.405  10.615 0.0000000000
99794  46.704  13.824  32.642 0.0000000000
99795  46.381  13.762  32.817 0.0000000000
99796  45.710  13.740  33.035 0.0000000000
99804  47.383  13.636  31.674 0.0000000000
99805  46.918  13.537  32.015 0.0000000000
99806  45.914  13.281  32.350 0.0000000000
99807  44.877  13.358  32.519 0.0000000000
99808  43.780  13.277  32.085 0.0000000000
99809  42.873  13.204  31.804 0.0000000000
99810  42.113  13.175  31.523 0.0000000000
99811  34.414  13.199  31.472 0.0000000000
99812  34.022  13.828  31.549 0.0000000000
99824  48.198  12.810  30.670 0.0000000000
99825  47.702  13.318  31.328 0.0000000000
99826  47.224  13.191  31.545 0.0000000000
99827  41.568  13.166  31.051 0.0000000000
99828  41.090  13.186  30.472 0.0000000000
99829  34.174  13.408  30.584 0.0000000000
99830  33.679  13.914  30.656 0.0000000000
99835  48.420  12.944  30.006 0.0000000000
99836  40.532  13.291  29.920 0.0000000000
99837  39.870  13.521  29.432 0.0000000000
99838  34.910  13.350  29.051 0.0000000000
99839  34.241  13.776  29.532 0.0000000000
99840  33.587  14.183  29.941 0.0000000000
99843  48.467  13.025  29.198 0.0000000000
99844  48.294  12.959  28.436 0.0000000000
99845  39.218  13.698  28.875 0.0000000000
99846  38.373  13.781  28.540 0.0000000000
99847  37.410  13.884  28.378 0.0000000000
99848  36.383  13.967  28.302 0.0000000000
99849  35.215  13.970  28.517 0.0000000000
99850  34.463  14.275  28.762 0.0000000000
99856  47.876  12.822  27.804 0.0000000000
99857  47.352  12.854  27.458 0.0000000000
99858  46.619  13.133  27.298 0.0000000000
99859  45.953  13.444  27.152 0.0000000000
99865  47.706  12.438  27.333 0.0000000000
99866  47.508  12.508  27.216 0.0000000000
99867  46.146  12.897  26.783 0.0000000000
99868  45.394  13.090  26.544 0.0000000000
99869  44.567  13.419  26.210 0.0000000000
99871  44.946  12.731  25.537 0.0000000000
99872  44.128  13.340  25.459 0.0000000000
99873  43.541  13.584  25.044 0.0000000000
99876  44.665  12.691  24.772 0.0000000000
99877  44.134  12.996  24.328 0.0000000000
99878  43.212  13.418  24.297 0.0000000000
99879  42.601  13.583  23.936 0.0000000000
99881  44.007  12.982  23.358 0.0000000000
99882  43.238  13.243  23.232 0.0000000000
99883  42.429  13.574  23.195 0.0000000000
99885  45.007  12.780  22.060 0.0000000000
99886  44.189  13.006  22.309 0.0000000000
99887  43.195  13.270  22.270 0.0000000000
99888  42.277  13.604  22.295 0.0000000000
99889  33.181  13.499  21.868 0.0000000000
99890  32.820  13.415  21.965 0.0000000000
99891  31.916  13.131  22.139 0.0000000000
99892  30.953  13.466  22.484 0.0000000000
99893  29.994  13.509  22.691 0.0000000000
99894  29.098  13.501  22.662 0.0000000000
99895  28.248  13.447  22.380 0.0000000000
99897  45.923  12.765  21.135 0.0000000000
99898  45.138  12.928  21.328 0.0000000000
99899  44.148  13.241  21.340 0.0000000000
99900  43.094  13.512  21.321 0.0000000000
99901  42.200  13.770  21.553 0.0000000000
99902  35.112  13.307  20.945 0.0000000000
99903  34.690  13.066  21.077 0.0000000000
99904  33.544  13.231  21.651 0.0000000000
99905  32.489  12.789  21.771 0.0000000000
99906  32.043  12.732  21.887 0.0000000000
99907  27.464  13.297  21.880 0.0000000000
99912  45.884  12.849  20.488 0.0000000000
99913  45.069  13.146  20.439 0.0000000000
99914  44.132  13.538  20.415 0.0000000000
99915  43.271  13.764  20.565 0.0000000000
99916  36.450  12.992  20.123 0.0000000000
99917  35.505  13.160  20.695 0.0000000000
99918  34.987  12.854  20.837 0.0000000000
99921  45.759  12.892  19.615 0.0000000000
99922  45.064  13.364  19.517 0.0000000000
99923  44.360  13.681  19.657 0.0000000000
99924  38.535  13.802  18.650 0.0000000000
99925  38.137  13.451  18.886 0.0000000000
99926  37.173  13.632  19.685 0.0000000000
99929  45.714  13.239  18.622 0.0000000000
99930  45.252  13.528  18.885 0.0000000000
99931  39.402  14.473  17.764 0.0000000000
99932  38.973  13.885  18.257 0.0000000000
99933  38.552  13.448  18.425 0.0000000000
99936  45.881  13.315  17.731 0.0000000000
99937  39.691  14.181  17.178 0.0000000000
99938  39.313  13.671  17.622 0.0000000000
99941  45.743  13.522  16.908 0.0000000000
99942  45.403  13.562  16.354 0.0000000000
99943  40.693  14.715  15.203 0.0000000000
99944  40.308  14.298  15.861 0.0000000000
99948  45.618  13.919  16.056 0.0000000000
99949  45.229  13.698  15.547 0.0000000000
99950  44.659  13.539  14.739 0.0000000000
99951  44.064  13.505  14.113 0.0000000000
99952  40.557  14.463  14.786 0.0000000000
99953  40.082  13.855  14.977 0.0000000000
99956  45.555  14.144  15.333 0.0000000000
99957  45.263  14.122  14.620 0.0000000000
99958  44.624  13.935  13.947 0.0000000000
99959  43.835  13.781  13.368 0.0000000000
99960  40.256  14.264  14.223 0.0000000000
99961  39.633  13.793  14.020 0.0000000000
99962  38.951  13.309  13.834 0.0000000000
99967  44.952  14.407  13.912 0.0000000000
99968  44.174  14.392  13.314 0.0000000000
99969  43.547  14.013  12.467 0.0000000000
99970  39.213  13.711  13.146 0.0000000000
99971  38.663  13.019  13.359 0.0000000000
99975  43.646  14.550  12.366 0.0000000000
99976  43.399  14.187  11.708 0.0000000000
99977  38.955  13.175  12.470 0.0000000000
99978  38.457  12.681  13.017 0.0000000000
99981  43.405  14.675  11.510 0.0000000000
99982  43.100  14.069  10.971 0.0000000000
99983  40.333  13.385  11.048 0.0000000000
99984  39.553  13.149  11.538 0.0000000000
99989  42.998  14.818  10.855 0.0000000000
99990  42.279  14.155  10.649 0.0000000000
99991  41.508  13.654  10.630 0.0000000000
99992  40.861  13.122  10.684 0.0000000000
100555  46.596  14.835  33.498 0.0000000000
100556  45.993  14.995  33.687 0.0000000000
100557  45.563  15.079  33.597 0.0000000000
100565  46.793  14.219  32.938 0.0000000000
100566  46.153  14.244  33.433 0.0000000000
100567  45.289  14.483  33.354 0.0000000000
100576  47.526  14.049  31.688 0.0000000000
100577  47.285  14.501  32.373 0.0000000000
100578  44.336  14.277  32.684 0.0000000000
100579  43.580  14.134  31.983 0.0000000000
100580  42.735  14.048  31.546 0.0000000000
100581  42.069  13.775  31.231 0.0000000000
100586  29.412  14.485  31.299 0.0000000000
100596  48.256  13.439  30.556 0.0000000000
100597  48.054  14.274  30.848 0.0000000000
100598  42.336  14.351  31.119 0.0000000000
100599  41.688  14.105  30.692 0.0000000000
100600  41.076  13.873  30.184 0.0000000000
100601  33.084  14.323  30.674 0.0000000000
100602  32.339  14.607  30.623 0.0000000000
100603  31.401  14.779  30.583 0.0000000000
100604  30.408  14.893  30.757 0.0000000000
100605  29.713  15.130  30.760 0.0000000000
100608  48.386  13.875  29.797 0.0000000000
100609  48.313  14.782  30.033 0.0000000000
100610  41.298  14.482  30.176 0.0000000000
100611  40.634  14.323  29.751 0.0000000000
100612  39.825  14.483  29.214 0.0000000000
100613  33.898  14.327  29.280 0.0000000000
100614  33.182  14.624  29.579 0.0000000000
100615  32.271  14.887  29.794 0.0000000000
100616  31.635  15.105  29.777 0.0000000000
100619  48.415  13.878  28.862 0.0000000000
100620  48.102  13.803  28.289 0.0000000000
100621  39.107  14.580  28.706 0.0000000000
100622  38.259  14.687  28.405 0.0000000000
100623  37.283  14.768  28.186 0.0000000000
100624  36.198  14.754  28.095 0.0000000000
100625  35.147  14.746  28.214 0.0000000000
100626  34.132  14.792  28.589 0.0000000000
100627  33.416  15.011  28.663 0.0000000000
100632  47.682  13.820  27.945 0.0000000000
100633  47.058  13.990  27.746 0.0000000000
100634  46.301  14.151  27.504 0.0000000000
100635  45.510  14.105  27.286 0.0000000000
100641  44.761  14.112  26.886 0.0000000000
100642  44.117  14.213  26.333 0.0000000000
100646  43.536  14.219  25.776 0.0000000000
100647  42.994  14.189  25.232 0.0000000000
100650  42.472  14.092  24.679 0.0000000000
100651  41.988  14.072  24.096 0.0000000000
100654  41.557  14.103  23.268 0.0000000000
100655  40.910  14.432  22.866 0.0000000000
100656  30.325  14.754  23.146 0.0000000000
100657  30.042  14.749  23.192 0.0000000000
100658  29.474  14.760  23.179 0.0000000000
100661  41.505  14.011  22.184 0.0000000000
100662  40.751  14.540  22.029 0.0000000000
100663  33.209  13.832  21.966 0.0000000000
100664  32.610  14.022  22.238 0.0000000000
100665  31.745  14.243  22.534 0.0000000000
100666  30.619  14.522  22.980 0.0000000000
100667  29.652  14.209  23.007 0.0000000000
100668  28.768  14.363  22.914 0.0000000000
100669  27.703  14.306  22.498 0.0000000000
100670  27.000  14.645  22.190 0.0000000000
100674  42.603  13.847  20.931 0.0000000000
100675  41.738  14.229  21.120 0.0000000000
100676  40.913  15.006  21.095 0.0000000000
100677  35.154  13.681  21.024 0.0000000000
100678  34.569  13.950  21.421 0.0000000000
100679  33.848  14.313  21.765 0.0000000000
100680  27.065  13.948  21.891 0.0000000000
100685  43.724  13.839  20.013 0.0000000000
100686  42.855  14.182  20.177 0.0000000000
100687  41.846  14.903  20.167 0.0000000000
100688  41.058  15.473  20.406 0.0000000000
100689  36.429  13.867  20.284 0.0000000000
100690  35.738  14.175  20.676 0.0000000000
100693  44.800  13.674  19.118 0.0000000000
100694  43.985  14.064  19.257 0.0000000000
100695  42.930  14.770  19.233 0.0000000000
100696  42.143  15.335  19.444 0.0000000000
100697  38.487  14.070  18.766 0.0000000000
100698  37.901  14.424  19.173 0.0000000000
100699  36.990  14.543  19.699 0.0000000000
100702  45.779  13.602  18.060 0.0000000000
100703  45.176  13.964  18.426 0.0000000000
100704  44.027  14.589  18.323 0.0000000000
100705  43.194  15.082  18.478 0.0000000000
100706  39.206  14.714  18.060 0.0000000000
100707  38.651  14.779  18.524 0.0000000000
100708  38.015  15.197  18.761 0.0000000000
100711  45.716  13.877  17.516 0.0000000000
100712  44.973  14.570  17.385 0.0000000000
100713  44.203  14.836  17.689 0.0000000000
100714  39.611  15.087  17.464 0.0000000000
100718  45.628  14.189  16.648 0.0000000000
100719  45.267  14.704  16.449 0.0000000000
100720  40.826  15.060  15.511 0.0000000000
100721  40.327  15.060  16.534 0.0000000000
100725  45.507  14.537  15.707 0.0000000000
100726  45.291  14.928  15.955 0.0000000000
100727  40.977  14.941  14.661 0.0000000000
100731  45.534  14.538  14.931 0.0000000000
100732  45.310  14.709  14.283 0.0000000000
100733  40.744  14.744  13.866 0.0000000000
100734  40.211  14.413  13.603 0.0000000000
100739  44.712  14.821  13.697 0.0000000000
100740  43.952  14.835  13.096 0.0000000000
100741  40.568  14.759  13.047 0.0000000000
100742  39.877  14.391  13.037 0.0000000000
100746  43.556  15.046  12.218 0.0000000000
100747  41.225  14.931  11.900 0.0000000000
100748  40.602  14.730  12.232 0.0000000000
100749  39.644  14.099  12.311 0.0000000000
100754  43.121  15.202  11.465 0.0000000000
100755  42.646  15.313  11.280 0.0000000000
100756  41.149  14.733  11.531 0.0000000000
100757  40.298  14.128  11.428 0.0000000000
100758  39.534  13.720  11.878 0.0000000000
100764  42.816  15.177  11.045 0.0000000000
100765  42.244  15.063  10.924 0.0000000000
100766  41.405  14.449  10.889 0.0000000000
100767  40.852  13.811  10.813 0.0000000000
101318  47.324  16.035  33.235 0.0000000000
101319  46.645  15.753  33.609 0.0000000000
101320  45.726  15.701  33.450 0.0000000000
101321  45.336  15.157  33.444 0.0000000000
101325  47.527  15.724  32.523 0.0000000000
101326  47.172  15.133  33.084 0.0000000000
101327  45.351  15.996  33.057 0.0000000000
101328  44.925  15.357  32.979 0.0000000000
101332  47.583  15.063  31.713 0.0000000000
101333  47.398  15.107  32.466 0.0000000000
101334  44.198  15.068  32.220 0.0000000000
101335  43.474  14.955  31.581 0.0000000000
101336  42.820  14.726  31.237 0.0000000000
101337  29.020  15.006  30.974 0.0000000000
101346  47.983  15.387  30.648 0.0000000000
101347  43.130  15.231  31.117 0.0000000000
101348  42.436  15.069  30.721 0.0000000000
101349  41.734  14.867  30.358 0.0000000000
101350  31.011  15.119  30.109 0.0000000000
101351  30.338  15.419  30.173 0.0000000000
101352  29.320  15.759  30.445 0.0000000000
101360  48.433  14.787  29.235 0.0000000000
101361  48.272  15.560  29.689 0.0000000000
101362  41.958  15.412  30.227 0.0000000000
101363  41.294  15.231  29.926 0.0000000000
101364  40.459  15.327  29.428 0.0000000000
101365  39.695  15.354  28.973 0.0000000000
101366  32.801  14.991  29.053 0.0000000000
101367  32.168  15.243  29.071 0.0000000000
101368  31.242  15.628  29.317 0.0000000000
101369  30.285  16.090  29.663 0.0000000000
101370  29.638  16.485  29.851 0.0000000000
101373  48.321  14.822  28.449 0.0000000000
101374  48.039  14.529  28.075 0.0000000000
101375  39.034  15.445  28.599 0.0000000000
101376  38.193  15.619  28.288 0.0000000000
101377  37.125  15.672  27.927 0.0000000000
101378  35.998  15.455  27.857 0.0000000000
101379  34.996  15.391  27.864 0.0000000000
101380  34.071  15.486  28.081 0.0000000000
101381  33.077  15.630  28.336 0.0000000000
101382  32.156  15.897  28.539 0.0000000000
101383  31.578  16.275  28.636 0.0000000000
101389  48.167  15.216  27.951 0.0000000000
101390  47.647  14.961  27.760 0.0000000000
101391  46.840  15.064  27.557 0.0000000000
101392  45.945  15.148  27.364 0.0000000000
101393  45.176  14.870  27.206 0.0000000000
101394  36.607  16.108  27.718 0.0000000000
101395  35.826  16.122  27.617 0.0000000000
101396  34.874  16.116  27.555 0.0000000000
101397  33.973  16.191  27.699 0.0000000000
101398  33.320  16.352  27.799 0.0000000000
101405  45.359  15.573  27.084 0.0000000000
101406  44.590  15.246  26.828 0.0000000000
101407  43.797  15.142  26.321 0.0000000000
101412  43.190  15.103  25.848 0.0000000000
101413  42.495  15.077  25.344 0.0000000000
101414  41.970  15.347  24.982 0.0000000000
101417  42.029  14.694  24.736 0.0000000000
101418  41.428  14.990  24.387 0.0000000000
101419  40.725  15.420  24.054 0.0000000000
101422  40.900  14.756  23.595 0.0000000000
101423  40.196  15.180  23.137 0.0000000000
101424  39.656  15.809  22.631 0.0000000000
101425  30.326  15.001  23.193 0.0000000000
101426  29.880  15.329  23.248 0.0000000000
101427  29.111  15.221  23.226 0.0000000000
101430  40.075  15.303  21.930 0.0000000000
101431  39.584  16.146  21.884 0.0000000000
101432  33.223  14.514  22.060 0.0000000000
101433  32.648  15.055  22.252 0.0000000000
101434  31.630  15.329  22.595 0.0000000000
101435  30.698  15.656  22.993 0.0000000000
101436  30.026  16.058  23.128 0.0000000000
101437  28.304  15.239  23.036 0.0000000000
101438  27.438  15.394  22.658 0.0000000000
101442  40.343  15.894  21.041 0.0000000000
101443  39.791  16.605  21.256 0.0000000000
101444  35.198  14.417  21.046 0.0000000000
101445  34.692  14.997  21.312 0.0000000000
101446  33.697  15.298  21.729 0.0000000000
101447  33.037  15.882  21.749 0.0000000000
101450  41.530  15.568  19.815 0.0000000000
101451  40.880  16.175  20.003 0.0000000000
101452  36.314  14.671  20.181 0.0000000000
101453  35.603  15.169  20.438 0.0000000000
101454  34.925  15.657  20.672 0.0000000000
101457  42.600  15.401  18.882 0.0000000000
101458  41.852  16.034  19.105 0.0000000000
101459  41.069  16.657  19.301 0.0000000000
101460  37.392  15.091  19.141 0.0000000000
101461  36.529  15.389  19.415 0.0000000000
101462  35.740  15.739  19.624 0.0000000000
101465  43.643  15.031  17.918 0.0000000000
101466  42.873  15.711  18.100 0.0000000000
101467  42.024  16.391  18.333 0.0000000000
101468  39.110  15.267  18.021 0.0000000000
101469  38.509  15.681  18.144 0.0000000000
101470  37.489  15.772  18.566 0.0000000000
101471  36.699  16.069  18.705 0.0000000000
101474  44.838  14.870  16.807 0.0000000000
101475  44.067  15.167  17.162 0.0000000000
101476  43.011  15.806  17.042 0.0000000000
101477  39.313  15.847  17.611 0.0000000000
101478  38.882  16.320  17.710 0.0000000000
101482  44.837  15.089  16.313 0.0000000000
101483  44.002  15.466  16.167 0.0000000000
101484  42.869  15.957  16.111 0.0000000000
101485  42.037  16.021  15.883 0.0000000000
101486  41.069  15.793  16.008 0.0000000000
101487  40.089  15.898  16.999 0.0000000000
101491  45.473  14.798  15.154 0.0000000000
101492  45.075  15.194  15.413 0.0000000000
101493  44.001  15.628  15.145 0.0000000000
101494  42.988  15.917  14.970 0.0000000000
101495  42.112  15.762  14.899 0.0000000000
101496  41.469  15.363  14.810 0.0000000000
101500  45.404  14.942  14.762 0.0000000000
101501  44.838  15.282  14.332 0.0000000000
101502  43.813  15.513  14.140 0.0000000000
101503  42.895  15.719  13.952 0.0000000000
101504  42.074  15.554  13.894 0.0000000000
101505  41.389  15.208  13.863 0.0000000000
101510  44.264  15.156  13.624 0.0000000000
101511  43.519  15.332  13.128 0.0000000000
101512  42.651  15.579  13.030 0.0000000000
101513  41.842  15.411  13.030 0.0000000000
101514  41.169  15.047  13.089 0.0000000000
101518  43.048  15.412  12.235 0.0000000000
101519  42.330  15.449  12.260 0.0000000000
101520  41.481  15.156  12.262 0.0000000000
101521  40.968  14.903  12.637 0.0000000000
101526  42.697  15.402  11.706 0.0000000000
101527  42.138  15.339  11.562 0.0000000000
101528  41.601  15.097  11.594 0.0000000000
101533  41.900  15.226  11.253 0.0000000000
101534  41.660  14.975  11.191 0.0000000000
102053  47.180  16.966  33.551 0.0000000000
102054  46.301  16.732  33.644 0.0000000000
102055  45.664  16.626  33.203 0.0000000000
102059  47.657  16.722  32.731 0.0000000000
102060  45.089  16.336  32.455 0.0000000000
102061  44.626  15.683  32.333 0.0000000000
102064  47.744  16.320  31.510 0.0000000000
102065  44.846  16.548  31.851 0.0000000000
102066  44.259  16.008  31.582 0.0000000000
102067  43.564  15.516  31.257 0.0000000000
102072  47.945  16.329  30.189 0.0000000000
102073  43.934  16.494  30.881 0.0000000000
102074  43.313  15.942  30.756 0.0000000000
102075  42.466  15.951  30.243 0.0000000000
102084  48.405  15.803  28.789 0.0000000000
102085  48.267  16.275  29.376 0.0000000000
102086  41.833  15.944  29.925 0.0000000000
102087  41.169  16.174  29.534 0.0000000000
102088  40.174  16.292  29.026 0.0000000000
102089  39.545  15.904  28.806 0.0000000000
102090  30.905  16.435  28.957 0.0000000000
102091  30.224  16.919  29.283 0.0000000000
102092  29.422  17.132  29.704 0.0000000000
102095  48.316  15.750  28.127 0.0000000000
102096  39.959  16.799  28.759 0.0000000000
102097  39.261  16.459  28.554 0.0000000000
102098  38.117  16.598  28.001 0.0000000000
102099  37.253  16.449  27.760 0.0000000000
102100  32.746  16.265  28.059 0.0000000000
102101  32.211  16.723  28.166 0.0000000000
102102  31.450  16.935  28.481 0.0000000000
102103  30.853  17.068  28.786 0.0000000000
102108  48.096  16.052  27.501 0.0000000000
102109  47.381  15.965  27.313 0.0000000000
102110  46.612  15.982  27.135 0.0000000000
102111  45.911  15.992  27.011 0.0000000000
102112  37.572  17.021  27.683 0.0000000000
102113  36.697  16.855  27.573 0.0000000000
102114  35.660  16.898  27.447 0.0000000000
102115  34.693  16.911  27.403 0.0000000000
102116  33.817  16.935  27.480 0.0000000000
102117  32.988  16.949  27.696 0.0000000000
102118  32.535  17.309  27.893 0.0000000000
102123  47.775  16.696  26.830 0.0000000000
102124  47.141  16.755  26.621 0.0000000000
102125  46.302  16.680  26.585 0.0000000000
102126  45.294  16.336  26.650 0.0000000000
102127  44.303  16.135  26.354 0.0000000000
102128  43.650  15.825  26.085 0.0000000000
102133  43.899  16.421  26.005 0.0000000000
102134  43.189  16.174  25.761 0.0000000000
102135  42.325  16.153  25.323 0.0000000000
102136  41.733  15.831  24.940 0.0000000000
102138  41.923  16.468  25.031 0.0000000000
102139  41.246  16.197  24.654 0.0000000000
102140  40.262  16.260  24.046 0.0000000000
102141  39.653  16.747  23.628 0.0000000000
102143  39.709  16.080  23.308 0.0000000000
102144  39.295  16.687  22.803 0.0000000000
102145  29.473  15.834  23.231 0.0000000000
102146  28.892  15.876  23.229 0.0000000000
102148  39.324  17.071  21.834 0.0000000000
102149  32.360  15.943  22.128 0.0000000000
102150  31.602  16.493  22.297 0.0000000000
102151  30.534  16.721  22.717 0.0000000000
102152  29.470  16.671  23.080 0.0000000000
102153  28.203  16.415  23.064 0.0000000000
102154  27.135  16.448  22.549 0.0000000000
102157  40.216  16.636  20.628 0.0000000000
102158  39.640  17.348  20.848 0.0000000000
102159  34.360  15.749  21.083 0.0000000000
102160  33.710  16.224  21.125 0.0000000000
102161  32.697  16.775  21.338 0.0000000000
102162  31.863  17.328  21.618 0.0000000000
102166  40.371  17.105  19.868 0.0000000000
102167  39.699  17.740  20.038 0.0000000000
102168  35.257  15.872  20.079 0.0000000000
102169  34.539  16.265  20.253 0.0000000000
102170  33.614  16.943  20.185 0.0000000000
102171  32.918  17.497  20.465 0.0000000000
102175  41.496  16.721  18.736 0.0000000000
102176  40.862  17.268  18.875 0.0000000000
102177  36.039  15.962  18.999 0.0000000000
102178  35.327  16.311  19.282 0.0000000000
102179  34.454  16.920  19.252 0.0000000000
102180  33.812  17.364  19.346 0.0000000000
102184  42.304  16.286  17.708 0.0000000000
102185  41.544  16.984  17.995 0.0000000000
102186  40.797  17.464  18.244 0.0000000000
102187  38.169  16.445  17.935 0.0000000000
102188  37.312  16.628  18.269 0.0000000000
102189  36.250  16.702  18.567 0.0000000000
102190  35.327  17.093  18.658 0.0000000000
102191  34.713  17.471  18.732 0.0000000000
102195  42.133  16.398  17.113 0.0000000000
102196  41.251  16.848  17.264 0.0000000000
102197  40.508  16.868  17.178 0.0000000000
102198  39.683  16.603  17.373 0.0000000000
102199  38.814  16.884  17.713 0.0000000000
102202  41.892  16.317  16.621 0.0000000000
102203  41.218  16.352  16.690 0.0000000000
102204  40.469  16.323  16.929 0.0000000000
102205  40.082  16.316  17.093 0.0000000000
102748  47.305  18.139  33.545 0.0000000000
102749  46.663  17.780  33.755 0.0000000000
102750  45.976  17.584  33.516 0.0000000000
102754  47.788  17.779  33.047 0.0000000000
102755  45.548  17.408  32.791 0.0000000000
102759  47.843  17.605  31.974 0.0000000000
102760  45.142  17.257  31.831 0.0000000000
102761  44.715  16.707  31.566 0.0000000000
102767  47.834  17.396  30.676 0.0000000000
102768  44.931  17.697  31.253 0.0000000000
102769  44.484  17.100  31.018 0.0000000000
102770  43.487  17.054  30.340 0.0000000000
102771  42.891  16.467  30.257 0.0000000000
102780  48.353  16.617  28.851 0.0000000000
102781  48.127  17.108  29.454 0.0000000000
102782  43.024  17.632  29.825 0.0000000000
102783  42.258  16.939  29.749 0.0000000000
102784  41.019  17.236  29.084 0.0000000000
102785  40.308  16.954  28.865 0.0000000000
102786  30.007  17.871  29.392 0.0000000000
102790  48.441  16.879  28.027 0.0000000000
102791  48.342  17.096  28.736 0.0000000000
102792  40.807  17.894  28.713 0.0000000000
102793  40.051  17.472  28.576 0.0000000000
102794  38.977  17.435  28.176 0.0000000000
102795  38.216  17.547  27.781 0.0000000000
102796  32.055  17.642  28.168 0.0000000000
102797  31.215  17.628  28.566 0.0000000000
102798  30.609  17.527  28.945 0.0000000000
102802  48.336  17.094  26.803 0.0000000000
102803  37.391  17.709  27.522 0.0000000000
102804  36.371  17.725  27.425 0.0000000000
102805  35.351  17.739  27.385 0.0000000000
102806  34.389  17.722  27.398 0.0000000000
102807  33.537  17.663  27.515 0.0000000000
102808  32.888  17.644  27.701 0.0000000000
102809  32.528  17.657  27.895 0.0000000000
102814  47.695  17.569  25.904 0.0000000000
102815  46.818  17.449  25.906 0.0000000000
102816  45.849  17.254  26.039 0.0000000000
102817  44.849  16.919  26.099 0.0000000000
102818  44.289  16.681  26.050 0.0000000000
102824  47.625  18.066  25.178 0.0000000000
102825  47.238  18.078  25.094 0.0000000000
102826  46.409  18.057  25.209 0.0000000000
102827  45.271  17.662  25.576 0.0000000000
102828  44.110  17.142  25.724 0.0000000000
102829  43.038  17.181  25.317 0.0000000000
102830  42.332  16.791  25.165 0.0000000000
102832  47.141  18.363  24.672 0.0000000000
102833  46.948  18.268  24.828 0.0000000000
102834  42.879  17.716  24.947 0.0000000000
102835  42.074  17.259  24.917 0.0000000000
102836  40.971  17.213  24.538 0.0000000000
102837  40.073  17.344  24.130 0.0000000000
102838  39.405  17.544  23.497 0.0000000000
102840  38.867  17.866  22.580 0.0000000000
102841  38.550  18.487  22.422 0.0000000000
102843  38.992  17.898  21.542 0.0000000000
102844  38.547  18.419  21.914 0.0000000000
102845  31.142  17.469  22.113 0.0000000000
102846  30.198  17.934  22.483 0.0000000000
102847  28.870  17.695  22.888 0.0000000000
102848  27.722  17.555  22.772 0.0000000000
102852  39.052  18.345  20.638 0.0000000000
102853  38.700  18.443  21.354 0.0000000000
102854  32.306  17.726  20.956 0.0000000000
102855  31.579  18.205  21.394 0.0000000000
102856  30.961  18.089  21.979 0.0000000000
102860  40.116  17.749  19.291 0.0000000000
102861  39.377  18.180  19.565 0.0000000000
102862  33.264  17.687  19.696 0.0000000000
102863  32.616  18.307  20.131 0.0000000000
102864  32.123  18.265  20.785 0.0000000000
102867  40.367  17.696  18.617 0.0000000000
102868  39.714  17.988  18.723 0.0000000000
102869  34.183  17.512  18.898 0.0000000000
102870  33.633  17.901  18.913 0.0000000000
102871  33.090  18.242  19.302 0.0000000000
102874  40.896  17.341  17.786 0.0000000000
102875  40.232  17.685  18.030 0.0000000000
102876  39.233  17.802  18.093 0.0000000000
102877  38.322  17.322  18.027 0.0000000000
102878  37.175  17.396  18.514 0.0000000000
102879  36.175  17.588  18.728 0.0000000000
102880  35.264  17.879  18.702 0.0000000000
102881  34.382  18.075  18.634 0.0000000000
102882  33.773  18.420  18.553 0.0000000000
102886  40.561  17.288  17.534 0.0000000000
102887  39.880  17.362  17.544 0.0000000000
102888  39.119  17.227  17.729 0.0000000000
102889  38.754  17.176  17.782 0.0000000000
103419  47.418  18.815  33.607 0.0000000000
103420  46.969  18.727  33.771 0.0000000000
103421  46.303  18.513  33.623 0.0000000000
103426  47.808  18.747  33.304 0.0000000000
103427  45.797  18.363  33.163 0.0000000000
103433  48.113  18.668  32.480 0.0000000000
103434  45.516  18.250  32.375 0.0000000000
103439  47.958  18.730  31.179 0.0000000000
103440  45.242  18.252  31.540 0.0000000000
103441  44.675  18.269  30.710 0.0000000000
103442  44.126  17.660  30.470 0.0000000000
103451  47.892  18.281  29.789 0.0000000000
103452  44.360  18.820  30.208 0.0000000000
103453  43.741  18.288  29.959 0.0000000000
103454  42.580  18.265  29.339 0.0000000000
103455  41.862  17.700  29.228 0.0000000000
103456  31.185  18.762  28.897 0.0000000000
103457  30.509  18.758  29.367 0.0000000000
103462  48.423  17.956  27.903 0.0000000000
103463  48.223  17.833  28.675 0.0000000000
103464  42.216  18.786  28.973 0.0000000000
103465  41.559  18.385  28.828 0.0000000000
103466  40.552  18.511  28.439 0.0000000000
103467  39.423  18.498  28.071 0.0000000000
103468  38.743  18.008  27.911 0.0000000000
103469  32.271  18.429  28.173 0.0000000000
103470  31.630  18.439  28.503 0.0000000000
103471  30.823  18.180  28.876 0.0000000000
103474  48.501  17.914  27.112 0.0000000000
103475  38.971  19.184  27.793 0.0000000000
103476  38.245  18.584  27.656 0.0000000000
103477  37.022  18.600  27.410 0.0000000000
103478  35.950  18.606  27.416 0.0000000000
103479  34.906  18.611  27.468 0.0000000000
103480  33.935  18.496  27.540 0.0000000000
103481  33.166  18.266  27.682 0.0000000000
103482  32.600  18.053  27.884 0.0000000000
103487  48.413  18.054  26.040 0.0000000000
103493  47.945  18.418  25.003 0.0000000000
103494  47.567  18.258  24.883 0.0000000000
103495  46.293  18.423  24.722 0.0000000000
103496  45.668  18.291  24.969 0.0000000000
103497  44.633  17.942  25.198 0.0000000000
103498  43.878  17.619  25.274 0.0000000000
103501  47.877  18.956  23.994 0.0000000000
103502  47.405  18.556  24.392 0.0000000000
103503  46.793  18.527  24.450 0.0000000000
103504  46.099  18.726  24.292 0.0000000000
103505  45.070  18.550  24.653 0.0000000000
103506  43.760  18.123  24.814 0.0000000000
103507  42.684  18.169  24.651 0.0000000000
103508  41.684  18.099  24.561 0.0000000000
103509  40.727  18.109  24.352 0.0000000000
103510  39.900  18.272  24.008 0.0000000000
103512  47.899  19.184  23.182 0.0000000000
103513  47.535  18.975  23.531 0.0000000000
103514  47.043  18.907  23.600 0.0000000000
103515  46.614  18.828  23.955 0.0000000000
103516  39.173  18.512  23.446 0.0000000000
103517  38.570  18.771  22.870 0.0000000000
103519  47.891  19.267  22.737 0.0000000000
103520  47.630  19.170  22.923 0.0000000000
103521  47.362  19.086  23.177 0.0000000000
103522  38.223  18.910  22.244 0.0000000000
103523  30.211  19.185  22.245 0.0000000000
103524  29.336  18.831  22.569 0.0000000000
103525  28.284  18.668  22.694 0.0000000000
103526  27.292  18.586  22.537 0.0000000000
103529  38.462  18.758  20.464 0.0000000000
103530  38.140  19.051  21.215 0.0000000000
103531  37.453  19.488  21.071 0.0000000000
103532  31.389  19.226  21.173 0.0000000000
103533  30.873  18.753  21.854 0.0000000000
103537  38.621  18.562  19.828 0.0000000000
103538  37.934  18.951  20.146 0.0000000000
103539  37.391  19.359  20.522 0.0000000000
103540  32.222  19.174  19.912 0.0000000000
103541  31.924  18.810  20.602 0.0000000000
103544  38.782  18.168  18.917 0.0000000000
103545  37.867  18.455  19.359 0.0000000000
103546  36.826  18.908  19.704 0.0000000000
103547  35.652  18.975  19.425 0.0000000000
103548  35.112  19.097  19.242 0.0000000000
103549  33.270  18.525  18.757 0.0000000000
103550  32.730  18.906  19.171 0.0000000000
103553  38.576  17.876  18.368 0.0000000000
103554  37.957  17.939  18.644 0.0000000000
103555  37.004  18.112  18.977 0.0000000000
103556  35.973  18.326  19.085 0.0000000000
103557  34.928  18.690  18.928 0.0000000000
103558  34.119  18.815  18.480 0.0000000000
103559  33.464  18.946  18.409 0.0000000000
103560  33.043  18.957  18.594 0.0000000000
104054  47.880  20.394  33.590 0.0000000000
104055  47.550  19.662  33.650 0.0000000000
104056  46.563  19.480  33.627 0.0000000000
104057  46.026  19.066  33.393 0.0000000000
104062  48.235  20.256  33.323 0.0000000000
104063  48.277  19.507  33.030 0.0000000000
104064  46.089  19.654  33.263 0.0000000000
104065  45.745  19.228  32.765 0.0000000000
104071  48.506  20.212  32.760 0.0000000000
104072  48.341  19.755  32.037 0.0000000000
104073  45.513  18.980  31.979 0.0000000000
104079  48.066  19.854  31.068 0.0000000000
104080  45.279  19.168  31.204 0.0000000000
104081  44.770  19.363  30.449 0.0000000000
104089  47.863  19.515  30.125 0.0000000000
104090  44.169  19.399  29.844 0.0000000000
104091  43.295  19.337  29.329 0.0000000000
104092  42.594  19.096  29.047 0.0000000000
104093  31.919  19.569  28.922 0.0000000000
104094  31.376  19.374  29.149 0.0000000000
104099  48.219  18.423  28.197 0.0000000000
104100  47.913  19.168  28.719 0.0000000000
104101  42.740  19.694  28.947 0.0000000000
104102  42.096  19.405  28.731 0.0000000000
104103  41.196  19.379  28.416 0.0000000000
104104  40.210  19.481  28.131 0.0000000000
104105  39.506  19.375  27.926 0.0000000000
104106  33.899  19.854  28.084 0.0000000000
104107  33.476  19.698  28.169 0.0000000000
104108  32.354  19.314  28.504 0.0000000000
104109  31.625  18.994  28.723 0.0000000000
104111  48.278  18.807  27.578 0.0000000000
104112  47.963  19.702  27.758 0.0000000000
104113  39.701  19.912  27.922 0.0000000000
104114  39.144  19.846  27.799 0.0000000000
104115  38.428  19.677  27.664 0.0000000000
104116  37.516  19.534  27.497 0.0000000000
104117  36.484  19.490  27.492 0.0000000000
104118  35.450  19.491  27.580 0.0000000000
104119  34.267  19.584  27.805 0.0000000000
104120  33.308  19.037  27.858 0.0000000000
104121  32.737  18.637  27.977 0.0000000000
104126  48.419  18.890  26.510 0.0000000000
104132  48.393  19.027  25.469 0.0000000000
104136  48.347  19.189  24.441 0.0000000000
104137  46.056  18.955  23.971 0.0000000000
104138  45.587  18.998  24.113 0.0000000000
104139  44.510  18.954  24.284 0.0000000000
104140  43.376  18.881  24.312 0.0000000000
104141  42.331  18.880  24.325 0.0000000000
104142  41.347  18.854  24.286 0.0000000000
104143  40.530  18.828  24.171 0.0000000000
104145  48.264  19.407  23.495 0.0000000000
104146  46.901  19.104  23.257 0.0000000000
104147  46.317  19.199  23.503 0.0000000000
104148  45.140  19.497  23.710 0.0000000000
104149  44.016  19.552  23.794 0.0000000000
104150  42.952  19.641  23.990 0.0000000000
104151  41.914  19.634  24.117 0.0000000000
104152  40.903  19.568  24.111 0.0000000000
104153  39.847  19.318  23.897 0.0000000000
104154  38.916  19.455  23.370 0.0000000000
104156  48.179  19.511  22.602 0.0000000000
104157  47.815  19.346  22.348 0.0000000000
104158  47.165  19.277  22.672 0.0000000000
104160  38.198  19.613  22.741 0.0000000000
104161  37.663  19.995  22.312 0.0000000000
104162  30.235  19.885  22.154 0.0000000000
104163  29.673  19.820  22.390 0.0000000000
104164  28.763  19.707  22.558 0.0000000000
104165  27.788  19.643  22.587 0.0000000000
104166  26.886  19.598  22.335 0.0000000000
104168  48.156  19.634  21.704 0.0000000000
104172  37.818  19.422  22.074 0.0000000000
104173  37.309  19.863  21.588 0.0000000000
104174  36.741  20.213  21.086 0.0000000000
104175  31.282  19.898  21.050 0.0000000000
104176  30.752  19.870  21.656 0.0000000000
104183  36.983  19.736  20.870 0.0000000000
104184  36.268  20.007  20.553 0.0000000000
104185  35.573  19.972  20.116 0.0000000000
104186  32.057  19.549  19.869 0.0000000000
104187  31.720  19.788  20.283 0.0000000000
104190  36.699  19.490  20.334 0.0000000000
104191  35.992  19.430  20.008 0.0000000000
104192  35.151  19.594  19.497 0.0000000000
104193  34.660  19.655  18.968 0.0000000000
104194  32.248  19.728  19.438 0.0000000000
104195  31.895  20.364  19.612 0.0000000000
104198  34.810  19.257  19.054 0.0000000000
104199  34.396  19.403  18.583 0.0000000000
104200  33.739  19.543  18.245 0.0000000000
104201  32.890  19.674  18.437 0.0000000000
104699  48.097  20.981  33.505 0.0000000000
104700  47.534  20.718  33.762 0.0000000000
104701  46.886  20.446  33.816 0.0000000000
104711  48.536  20.883  32.978 0.0000000000
104712  46.351  20.299  33.381 0.0000000000
104713  45.938  20.189  32.853 0.0000000000
104719  48.484  20.749  32.231 0.0000000000
104720  48.270  20.646  31.417 0.0000000000
104721  45.596  20.016  31.962 0.0000000000
104727  47.976  20.588  30.524 0.0000000000
104728  45.224  20.230  30.906 0.0000000000
104729  44.636  20.327  30.090 0.0000000000
104730  31.746  20.418  29.939 0.0000000000
104737  47.779  20.466  29.457 0.0000000000
104738  43.902  20.330  29.468 0.0000000000
104739  43.148  20.338  29.047 0.0000000000
104740  32.795  20.335  29.111 0.0000000000
104741  32.037  19.959  29.196 0.0000000000
104742  31.162  19.973  29.742 0.0000000000
104748  47.782  20.456  28.328 0.0000000000
104749  42.478  20.298  28.723 0.0000000000
104750  41.741  20.247  28.457 0.0000000000
104751  40.892  20.315  28.224 0.0000000000
104752  40.112  20.416  28.027 0.0000000000
104753  35.565  21.033  28.271 0.0000000000
104754  34.670  20.753  28.374 0.0000000000
104755  33.919  20.236  28.341 0.0000000000
104756  33.081  20.046  28.602 0.0000000000
104757  32.562  19.944  28.820 0.0000000000
104759  48.201  19.691  26.968 0.0000000000
104760  47.973  20.453  27.323 0.0000000000
104761  39.443  20.476  27.899 0.0000000000
104762  38.718  20.479  27.812 0.0000000000
104763  37.859  20.445  27.706 0.0000000000
104764  36.916  20.382  27.643 0.0000000000
104765  35.983  20.300  27.783 0.0000000000
104766  35.057  20.292  27.870 0.0000000000
104767  34.477  20.245  28.058 0.0000000000
104771  48.297  20.010  26.057 0.0000000000
104772  48.167  20.320  26.692 0.0000000000
104778  48.439  19.895  24.991 0.0000000000
104783  48.530  19.938  23.985 0.0000000000
104786  48.553  19.979  22.987 0.0000000000
104789  43.538  20.390  23.335 0.0000000000
104790  42.478  20.348  23.687 0.0000000000
104791  41.450  20.348  23.823 0.0000000000
104792  40.428  20.282  23.787 0.0000000000
104793  39.490  20.231  23.528 0.0000000000
104794  38.688  20.353  23.132 0.0000000000
104797  48.571  20.000  21.964 0.0000000000
104801  37.994  20.549  22.657 0.0000000000
104802  37.350  20.661  22.141 0.0000000000
104803  30.201  20.674  22.151 0.0000000000
104804  29.243  20.657  22.487 0.0000000000
104805  28.288  20.647  22.594 0.0000000000
104806  27.330  20.666  22.490 0.0000000000
104814  36.782  20.720  21.525 0.0000000000
104815  36.296  20.718  20.871 0.0000000000
104816  31.209  20.723  21.023 0.0000000000
104817  30.719  20.675  21.642 0.0000000000
104826  35.675  20.593  20.369 0.0000000000
104827  35.131  20.437  19.705 0.0000000000
104828  31.591  20.799  20.048 0.0000000000
104835  34.668  20.182  19.086 0.0000000000
104836  34.438  19.935  18.629 0.0000000000
104837  32.235  20.743  18.900 0.0000000000
104838  31.816  20.847  19.494 0.0000000000
104844  34.128  20.129  18.115 0.0000000000
104845  33.468  20.468  17.761 0.0000000000
104846  32.786  20.650  18.076 0.0000000000
104850  34.002  20.629  17.576 0.0000000000
104851  33.779  20.877  17.330 0.0000000000
105302  48.125  21.583  33.601 0.0000000000
105303  47.737  21.514  33.842 0.0000000000
105304  47.075  21.346  34.068 0.0000000000
105318  48.376  21.594  33.222 0.0000000000
105319  46.443  21.227  33.539 0.0000000000
105320  46.064  20.843  33.111 0.0000000000
105333  48.484  21.557  32.476 0.0000000000
105334  48.381  21.460  31.700 0.0000000000
105335  45.973  21.403  33.085 0.0000000000
105336  45.780  21.085  32.521 0.0000000000
105342  33.595  21.417  31.593 0.0000000000
105343  32.588  21.251  31.381 0.0000000000
105347  48.176  21.459  30.970 0.0000000000
105348  45.457  21.191  31.541 0.0000000000
105349  44.974  21.289  30.569 0.0000000000
105351  35.362  21.716  31.194 0.0000000000
105352  34.427  21.548  30.865 0.0000000000
105353  33.412  21.233  30.621 0.0000000000
105354  32.354  20.872  30.415 0.0000000000
105355  31.491  20.683  30.515 0.0000000000
105357  47.903  21.530  30.072 0.0000000000
105358  44.320  21.305  29.775 0.0000000000
105359  43.510  21.238  29.231 0.0000000000
105360  36.021  22.159  29.702 0.0000000000
105361  35.429  21.965  30.092 0.0000000000
105362  34.254  21.364  29.855 0.0000000000
105363  33.256  20.830  29.642 0.0000000000
105364  32.444  20.496  29.651 0.0000000000
105369  47.732  21.504  28.973 0.0000000000
105370  42.806  21.085  28.835 0.0000000000
105371  42.182  20.996  28.598 0.0000000000
105372  41.445  21.086  28.425 0.0000000000
105373  40.521  21.253  28.240 0.0000000000
105374  39.685  21.640  28.320 0.0000000000
105375  38.810  21.772  28.463 0.0000000000
105376  37.784  21.854  28.624 0.0000000000
105377  36.382  21.911  29.003 0.0000000000
105378  35.018  21.443  29.028 0.0000000000
105379  34.053  20.958  28.963 0.0000000000
105380  33.412  20.527  28.900 0.0000000000
105382  47.778  21.412  27.823 0.0000000000
105383  39.794  21.019  28.019 0.0000000000
105384  39.124  21.140  28.029 0.0000000000
105385  38.258  21.211  28.037 0.0000000000
105386  37.255  21.230  28.065 0.0000000000
105387  36.402  21.043  28.054 0.0000000000
105390  48.272  20.592  26.013 0.0000000000
105391  48.069  21.088  26.481 0.0000000000
105397  48.318  20.638  25.561 0.0000000000
105398  48.067  21.467  25.357 0.0000000000
105403  48.355  20.680  24.597 0.0000000000
105404  47.948  21.403  24.257 0.0000000000
105406  48.348  20.660  23.559 0.0000000000
105407  48.009  21.319  23.159 0.0000000000
105409  42.974  20.906  23.208 0.0000000000
105410  42.004  21.004  23.368 0.0000000000
105411  40.989  21.047  23.462 0.0000000000
105412  40.024  20.992  23.376 0.0000000000
105413  39.260  20.905  23.176 0.0000000000
105415  48.452  20.682  22.494 0.0000000000
105419  42.590  21.523  22.835 0.0000000000
105420  41.544  21.676  22.958 0.0000000000
105421  40.529  21.701  22.999 0.0000000000
105422  39.567  21.612  22.936 0.0000000000
105423  38.612  21.309  22.765 0.0000000000
105424  37.759  21.346  22.359 0.0000000000
105425  30.205  21.504  22.115 0.0000000000
105426  29.674  21.533  22.367 0.0000000000
105427  28.798  21.573  22.546 0.0000000000
105428  27.856  21.652  22.567 0.0000000000
105429  26.877  21.833  22.287 0.0000000000
105436  37.083  21.557  21.827 0.0000000000
105437  36.386  21.438  21.144 0.0000000000
105438  31.107  21.704  21.084 0.0000000000
105439  30.658  21.446  21.666 0.0000000000
105448  35.807  21.284  20.583 0.0000000000
105449  35.302  21.203  19.972 0.0000000000
105450  31.409  21.599  20.439 0.0000000000
105457  34.774  21.104  18.935 0.0000000000
105458  34.460  20.410  18.517 0.0000000000
105459  32.170  21.781  18.817 0.0000000000
105460  31.746  21.553  19.541 0.0000000000
105466  34.797  21.456  17.770 0.0000000000
105467  34.383  20.793  17.965 0.0000000000
105468  32.963  21.065  17.574 0.0000000000
105469  32.549  21.519  18.075 0.0000000000
105475  34.850  21.683  16.848 0.0000000000
105476  34.223  21.198  17.122 0.0000000000
105477  33.447  21.338  17.047 0.0000000000
105478  32.867  21.663  17.388 0.0000000000
105484  34.488  21.791  16.483 0.0000000000
105485  33.970  21.648  16.568 0.0000000000
105906  48.107  22.282  33.685 0.0000000000
105907  47.406  22.235  34.252 0.0000000000
105908  46.635  22.128  33.969 0.0000000000
105909  42.281  22.980  33.260 0.0000000000
105913  48.414  22.293  32.866 0.0000000000
105914  45.955  22.150  33.294 0.0000000000
105915  45.570  22.613  32.967 0.0000000000
105916  42.250  23.030  32.569 0.0000000000
105917  41.526  22.725  32.324 0.0000000000
105918  40.255  21.948  32.680 0.0000000000
105922  48.406  22.364  31.856 0.0000000000
105923  48.303  21.957  31.324 0.0000000000
105924  45.794  21.704  32.813 0.0000000000
105925  45.538  22.132  32.336 0.0000000000
105926  41.291  22.859  31.520 0.0000000000
105927  40.475  22.656  31.315 0.0000000000
105928  39.139  22.286  31.708 0.0000000000
105929  37.940  21.763  31.910 0.0000000000
105933  48.356  22.913  31.429 0.0000000000
105934  48.189  22.507  30.835 0.0000000000
105935  45.112  22.208  31.225 0.0000000000
105936  44.518  22.223  30.352 0.0000000000
105937  40.146  22.752  30.168 0.0000000000
105938  39.242  22.670  30.640 0.0000000000
105939  38.178  22.346  30.904 0.0000000000
105940  37.146  22.009  30.958 0.0000000000
105941  36.177  21.878  31.075 0.0000000000
105942  35.698  21.929  30.725 0.0000000000
105944  47.826  22.550  29.647 0.0000000000
105945  43.768  22.138  29.689 0.0000000000
105946  42.772  22.007  29.159 0.0000000000
105947  41.800  22.321  29.123 0.0000000000
105948  40.964  22.466  29.137 0.0000000000
105949  40.168  22.580  29.311 0.0000000000
105950  39.314  22.574  29.656 0.0000000000
105951  38.342  22.556  29.964 0.0000000000
105952  37.379  22.423  30.169 0.0000000000
105953  36.372  22.253  30.143 0.0000000000
105954  35.896  22.054  30.513 0.0000000000
105959  47.632  22.499  28.532 0.0000000000
105960  42.461  21.466  28.792 0.0000000000
105961  42.003  21.674  28.720 0.0000000000
105962  41.205  21.882  28.635 0.0000000000
105963  40.351  22.110  28.648 0.0000000000
105964  39.474  22.258  28.845 0.0000000000
105965  38.535  22.285  29.119 0.0000000000
105966  37.537  22.288  29.392 0.0000000000
105967  36.890  22.313  29.645 0.0000000000
105969  47.610  22.365  27.376 0.0000000000
105971  47.624  22.290  26.243 0.0000000000
105976  47.416  22.398  25.104 0.0000000000
105991  43.133  21.981  22.226 0.0000000000
105992  42.115  22.259  22.389 0.0000000000
105993  41.070  22.356  22.498 0.0000000000
105994  40.043  22.360  22.525 0.0000000000
105995  39.036  22.249  22.471 0.0000000000
105996  38.144  22.036  22.257 0.0000000000
105997  37.599  21.868  22.085 0.0000000000
105998  30.143  22.353  22.057 0.0000000000
105999  29.295  22.421  22.407 0.0000000000
106000  28.410  22.522  22.546 0.0000000000
106001  27.529  22.666  22.514 0.0000000000
106002  26.849  22.899  22.311 0.0000000000
106008  42.683  22.765  21.578 0.0000000000
106009  41.640  22.962  21.939 0.0000000000
106010  40.587  23.025  21.993 0.0000000000
106011  39.533  22.968  21.919 0.0000000000
106012  38.491  22.825  21.824 0.0000000000
106013  37.505  22.458  21.696 0.0000000000
106014  36.621  22.257  21.234 0.0000000000
106015  31.217  22.253  20.768 0.0000000000
106016  30.778  22.484  21.328 0.0000000000
106025  43.285  22.743  21.157 0.0000000000
106026  35.884  22.046  20.587 0.0000000000
106027  35.529  21.669  20.251 0.0000000000
106028  31.464  22.570  20.099 0.0000000000
106029  31.114  22.879  20.747 0.0000000000
106036  35.831  22.518  20.084 0.0000000000
106037  35.390  22.050  19.645 0.0000000000
106038  32.354  22.514  18.391 0.0000000000
106039  31.887  22.595  19.179 0.0000000000
106045  35.208  21.983  18.521 0.0000000000
106046  32.694  22.344  17.647 0.0000000000
106055  35.401  22.164  17.393 0.0000000000
106056  33.633  22.180  16.583 0.0000000000
106057  33.060  22.233  17.005 0.0000000000
106504  43.388  24.481  35.758 0.0000000000
106519  47.497  23.848  34.373 0.0000000000
106520  47.268  23.760  34.706 0.0000000000
106521  46.549  23.738  34.907 0.0000000000
106522  43.628  24.320  35.517 0.0000000000
106523  43.170  23.726  34.988 0.0000000000
106533  48.095  22.841  33.732 0.0000000000
106534  47.748  23.320  34.014 0.0000000000
106535  46.821  23.030  34.430 0.0000000000
106536  45.985  23.545  34.434 0.0000000000
106537  45.289  23.911  34.193 0.0000000000
106538  44.240  24.065  34.547 0.0000000000
106539  43.131  23.542  33.842 0.0000000000
106541  48.215  22.903  33.341 0.0000000000
106542  48.141  23.618  33.068 0.0000000000
106543  46.238  22.829  33.907 0.0000000000
106544  45.642  23.155  33.510 0.0000000000
106545  44.849  23.618  33.356 0.0000000000
106546  43.906  23.651  33.077 0.0000000000
106547  42.893  23.366  32.601 0.0000000000
106548  42.273  23.099  32.081 0.0000000000
106550  48.363  23.017  32.520 0.0000000000
106551  48.277  23.728  32.182 0.0000000000
106552  45.221  22.983  32.703 0.0000000000
106553  44.536  23.301  32.321 0.0000000000
106554  43.700  23.478  31.871 0.0000000000
106555  42.804  23.265  31.544 0.0000000000
106556  41.914  23.047  31.372 0.0000000000
106557  41.265  22.948  31.023 0.0000000000
106559  48.395  23.136  31.833 0.0000000000
106560  48.277  23.574  31.268 0.0000000000
106561  45.019  22.809  31.903 0.0000000000
106562  44.437  23.055  31.155 0.0000000000
106563  43.461  23.193  30.849 0.0000000000
106564  42.569  23.031  30.639 0.0000000000
106565  41.740  22.938  30.474 0.0000000000
106566  40.961  22.885  30.396 0.0000000000
106568  47.966  23.563  30.251 0.0000000000
106569  43.943  22.812  30.293 0.0000000000
106570  43.163  22.758  29.981 0.0000000000
106571  42.268  22.718  29.788 0.0000000000
106572  41.426  22.737  29.735 0.0000000000
106573  40.740  22.732  29.724 0.0000000000
106578  47.685  23.559  29.203 0.0000000000
106582  47.431  23.482  28.149 0.0000000000
106584  47.255  23.345  27.053 0.0000000000
106589  47.170  22.997  26.130 0.0000000000
106607  30.076  22.932  22.023 0.0000000000
106608  29.733  23.181  22.161 0.0000000000
106609  28.910  23.323  22.410 0.0000000000
106610  28.061  23.472  22.514 0.0000000000
106611  27.244  23.603  22.429 0.0000000000
106615  42.572  23.157  21.219 0.0000000000
106616  42.143  23.332  21.311 0.0000000000
106617  41.175  23.553  21.386 0.0000000000
106618  40.123  23.469  21.228 0.0000000000
106619  39.005  23.508  21.104 0.0000000000
106620  37.848  23.372  21.078 0.0000000000
106621  37.011  22.948  21.026 0.0000000000
106622  30.261  23.226  21.733 0.0000000000
106623  29.909  23.884  21.923 0.0000000000
106630  42.906  23.334  20.725 0.0000000000
106631  41.811  23.853  20.732 0.0000000000
106632  40.759  23.978  20.612 0.0000000000
106633  39.714  23.827  20.325 0.0000000000
106634  38.417  23.827  19.785 0.0000000000
106635  37.056  23.398  20.182 0.0000000000
106636  36.338  22.766  20.486 0.0000000000
106637  31.213  23.561  20.376 0.0000000000
106638  30.745  23.486  21.046 0.0000000000
106648  37.095  23.595  18.940 0.0000000000
106649  36.035  22.948  19.400 0.0000000000
106650  35.512  22.441  19.002 0.0000000000
106662  36.259  23.157  18.189 0.0000000000
106663  35.662  22.604  18.361 0.0000000000
106676  35.852  22.707  17.642 0.0000000000
107188  46.251  25.028  35.401 0.0000000000
107189  45.462  25.043  35.552 0.0000000000
107190  44.600  25.031  35.765 0.0000000000
107191  43.614  24.762  35.783 0.0000000000
107206  47.430  24.446  34.351 0.0000000000
107207  46.821  24.437  35.160 0.0000000000
107208  45.850  24.276  35.170 0.0000000000
107209  45.000  24.635  35.377 0.0000000000
107210  44.319  24.511  35.524 0.0000000000
107227  47.807  24.186  33.529 0.0000000000
107228  45.567  23.995  34.702 0.0000000000
107229  45.120  24.263  34.881 0.0000000000
107230  44.681  24.387  35.159 0.0000000000
107238  47.981  24.401  32.713 0.0000000000
107245  48.105  24.477  31.750 0.0000000000
107249  47.982  24.487  30.777 0.0000000000
107251  47.769  24.538  29.793 0.0000000000
107254  47.512  24.550  28.797 0.0000000000
107258  47.117  24.487  27.804 0.0000000000
107283  29.333  24.044  22.194 0.0000000000
107284  28.561  24.244  22.357 0.0000000000
107285  27.720  24.413  22.390 0.0000000000
107286  26.929  24.448  22.286 0.0000000000
107290  30.285  24.209  21.414 0.0000000000
107291  29.695  24.662  21.811 0.0000000000
107297  42.932  23.813  20.093 0.0000000000
107298  42.383  24.033  20.070 0.0000000000
107299  41.424  24.243  19.929 0.0000000000
107300  40.440  24.167  19.706 0.0000000000
107301  39.567  24.062  19.463 0.0000000000
107820  46.374  25.388  35.361 0.0000000000
107821  45.970  25.581  35.474 0.0000000000
107822  45.022  25.648  35.537 0.0000000000
107823  44.101  25.466  35.627 0.0000000000
107824  43.143  25.269  35.670 0.0000000000
107829  47.354  25.273  34.252 0.0000000000
107830  46.815  25.522  35.016 0.0000000000
107831  46.166  26.012  35.213 0.0000000000
107832  44.566  25.950  35.348 0.0000000000
107833  43.662  25.936  34.911 0.0000000000
107847  47.593  25.064  33.448 0.0000000000
107848  47.159  25.838  33.970 0.0000000000
107864  47.714  25.166  32.314 0.0000000000
107865  47.209  25.795  32.887 0.0000000000
107875  47.740  25.193  31.316 0.0000000000
107876  47.272  25.739  31.776 0.0000000000
107886  47.649  25.378  30.378 0.0000000000
107887  47.392  25.692  30.971 0.0000000000
107888  44.057  26.294  29.848 0.0000000000
107898  47.502  25.485  29.366 0.0000000000
107899  44.189  26.526  29.475 0.0000000000
107908  47.184  25.538  28.424 0.0000000000
107938  29.030  24.880  22.165 0.0000000000
108428  45.525  26.083  35.288 0.0000000000
108429  45.025  26.085  35.344 0.0000000000
108434  46.405  26.116  34.944 0.0000000000
108435  45.927  26.318  34.852 0.0000000000
108436  44.984  26.325  34.774 0.0000000000
108437  44.244  26.385  34.041 0.0000000000
108443  46.528  26.238  34.439 0.0000000000
108444  45.851  26.461  34.056 0.0000000000
108445  45.058  26.473  33.577 0.0000000000
108446  44.215  26.372  32.980 0.0000000000
108458  46.600  26.309  33.462 0.0000000000
108459  45.900  26.590  32.948 0.0000000000
108460  45.064  26.566  32.395 0.0000000000
108461  44.194  26.376  31.810 0.0000000000
108469  46.630  26.225  32.294 0.0000000000
108470  45.917  26.572  31.717 0.0000000000
108471  45.005  26.526  31.212 0.0000000000
108472  44.178  26.298  30.766 0.0000000000
108476  47.336  25.870  30.541 0.0000000000
108477  46.789  26.178  30.897 0.0000000000
108478  45.819  26.675  30.483 0.0000000000
108479  44.730  26.538  30.060 0.0000000000
108480  44.138  26.277  30.202 0.0000000000
108485  47.281  26.110  29.938 0.0000000000
108486  46.577  26.747  29.548 0.0000000000
108487  45.610  26.998  29.374 0.0000000000
108488  44.637  26.914  29.200 0.0000000000
108489  43.880  26.726  28.939 0.0000000000
108496  47.063  26.545  28.828 0.0000000000
108497  46.812  27.036  28.911 0.0000000000
108498  45.049  27.423  28.828 0.0000000000
108499  44.261  27.354  28.634 0.0000000000
109044  46.516  27.218  28.860 0.0000000000
109045  46.217  27.153  29.072 0.0000000000
109051  46.841  27.654  28.409 0.0000000000
109052  45.895  27.748  28.570 0.0000000000
109053  44.685  28.118  28.403 0.0000000000
109054  43.821  27.965  28.277 0.0000000000
109062  44.419  28.408  28.318 0.0000000000
109063  44.205  28.273  28.307 0.0000000000
109571  45.399  28.960  28.251 0.0000000000
109572  44.303  28.934  28.320 0.0000000000
109580  44.202  28.522  28.311 0.0000000000
109581  43.958  28.464  28.292 0.0000000000
