#!ascii label  , from subject bert vox2ras=TkReg
2003
306  11.722  -99.965  2.686 0.0000000000
307  11.221  -99.554  2.650 0.0000000000
312  12.526  -99.098  1.978 0.0000000000
313  12.120  -99.405  2.241 0.0000000000
314  11.756  -99.182  2.070 0.0000000000
318  12.662  -98.664  1.167 0.0000000000
319  12.221  -98.776  1.334 0.0000000000
320  11.937  -98.635  1.149 0.0000000000
328  12.545  -98.372  0.215 0.0000000000
329  12.344  -98.326  0.379 0.0000000000
330  12.174  -98.367  0.624 0.0000000000
339  12.377  -98.455  -0.323 0.0000000000
340  12.358  -98.548  -0.224 0.0000000000
465  10.787  -99.584  3.266 0.0000000000
466  10.387  -99.126  3.734 0.0000000000
467  10.206  -98.489  3.801 0.0000000000
476  14.279  -99.575  2.373 0.0000000000
477  13.596  -99.653  2.629 0.0000000000
478  10.949  -99.020  2.792 0.0000000000
479  10.572  -98.457  3.096 0.0000000000
480  10.319  -98.179  3.507 0.0000000000
486  16.408  -99.409  0.805 0.0000000000
488  15.337  -99.247  1.628 0.0000000000
489  14.484  -99.010  1.833 0.0000000000
490  13.363  -98.959  1.806 0.0000000000
491  11.398  -98.918  2.000 0.0000000000
492  10.955  -98.409  2.037 0.0000000000
497  18.101  -99.279  -0.264 0.0000000000
498  17.594  -99.335  0.081 0.0000000000
501  13.055  -98.166  -0.244 0.0000000000
502  13.039  -98.417  0.495 0.0000000000
503  11.535  -98.431  1.288 0.0000000000
504  11.246  -98.202  1.341 0.0000000000
510  18.330  -99.046  -0.615 0.0000000000
513  13.001  -98.083  -0.620 0.0000000000
514  12.903  -98.177  -0.349 0.0000000000
515  12.252  -98.185  0.126 0.0000000000
516  12.019  -98.172  0.311 0.0000000000
517  11.579  -98.002  0.833 0.0000000000
526  13.079  -97.766  -1.121 0.0000000000
527  12.700  -98.018  -0.507 0.0000000000
528  12.563  -98.091  -0.248 0.0000000000
529  12.338  -97.781  -0.615 0.0000000000
537  13.004  -97.843  -1.938 0.0000000000
538  12.852  -97.641  -1.537 0.0000000000
539  12.584  -97.648  -1.286 0.0000000000
540  12.477  -97.740  -0.952 0.0000000000
546  13.153  -97.408  -2.350 0.0000000000
547  12.956  -97.498  -2.261 0.0000000000
548  12.664  -97.413  -2.127 0.0000000000
702  9.332  -97.929  4.520 0.0000000000
711  9.968  -97.998  3.866 0.0000000000
720  10.612  -98.091  2.642 0.0000000000
721  10.388  -97.944  3.198 0.0000000000
726  16.244  -99.216  1.026 0.0000000000
727  15.827  -98.915  1.241 0.0000000000
728  14.960  -98.580  1.331 0.0000000000
729  14.016  -98.481  1.164 0.0000000000
730  13.390  -98.439  0.858 0.0000000000
731  10.739  -97.879  2.178 0.0000000000
732  10.501  -97.700  2.723 0.0000000000
737  18.154  -98.858  -0.102 0.0000000000
738  17.655  -98.367  0.084 0.0000000000
739  16.646  -98.748  0.722 0.0000000000
740  15.548  -98.214  0.838 0.0000000000
741  14.556  -98.031  0.698 0.0000000000
742  13.573  -98.003  0.247 0.0000000000
743  13.286  -98.344  0.520 0.0000000000
744  11.086  -97.733  1.267 0.0000000000
750  18.344  -98.187  -0.590 0.0000000000
751  17.910  -98.024  -0.198 0.0000000000
752  13.271  -97.857  -0.654 0.0000000000
753  12.014  -97.803  0.123 0.0000000000
754  11.543  -97.540  0.484 0.0000000000
763  14.068  -97.159  -1.836 0.0000000000
764  13.598  -97.377  -1.444 0.0000000000
765  12.021  -97.643  -0.504 0.0000000000
766  11.698  -97.358  -0.215 0.0000000000
772  13.892  -97.148  -2.362 0.0000000000
773  13.406  -97.394  -2.226 0.0000000000
774  12.199  -97.166  -1.980 0.0000000000
775  11.979  -97.290  -1.437 0.0000000000
781  13.914  -97.506  -3.395 0.0000000000
782  13.356  -97.391  -2.995 0.0000000000
783  12.903  -97.250  -2.890 0.0000000000
784  12.428  -97.071  -2.670 0.0000000000
785  11.967  -97.071  -2.367 0.0000000000
793  14.176  -97.759  -4.207 0.0000000000
794  13.706  -97.832  -4.049 0.0000000000
795  13.397  -97.270  -3.707 0.0000000000
796  12.944  -96.894  -3.485 0.0000000000
803  14.761  -97.467  -5.435 0.0000000000
804  14.391  -97.566  -4.977 0.0000000000
805  13.720  -97.462  -4.679 0.0000000000
806  13.402  -96.919  -4.287 0.0000000000
807  13.033  -96.541  -4.025 0.0000000000
812  14.716  -97.496  -5.859 0.0000000000
813  14.052  -97.507  -5.691 0.0000000000
814  13.589  -97.053  -5.188 0.0000000000
815  13.385  -96.748  -4.802 0.0000000000
972  9.286  -97.221  4.455 0.0000000000
982  9.695  -97.432  3.886 0.0000000000
992  10.384  -97.303  2.826 0.0000000000
993  10.241  -97.438  3.279 0.0000000000
1000  10.666  -97.351  2.209 0.0000000000
1001  10.445  -97.517  2.758 0.0000000000
1008  16.960  -97.914  0.213 0.0000000000
1009  16.125  -97.744  0.350 0.0000000000
1010  15.132  -97.534  0.276 0.0000000000
1011  14.220  -97.538  0.060 0.0000000000
1012  13.826  -97.630  -0.104 0.0000000000
1013  11.089  -96.959  1.146 0.0000000000
1020  18.238  -97.250  -0.545 0.0000000000
1021  17.643  -97.561  -0.192 0.0000000000
1022  16.698  -97.237  -0.117 0.0000000000
1023  15.741  -97.042  -0.191 0.0000000000
1024  14.674  -96.941  -0.484 0.0000000000
1025  13.807  -97.423  -0.635 0.0000000000
1026  11.350  -97.164  0.148 0.0000000000
1033  18.909  -97.261  -1.008 0.0000000000
1034  14.061  -96.871  -1.564 0.0000000000
1035  13.978  -97.189  -0.989 0.0000000000
1036  11.724  -97.325  -0.970 0.0000000000
1037  11.490  -97.141  -0.629 0.0000000000
1042  14.865  -96.795  -3.155 0.0000000000
1043  14.471  -96.820  -2.520 0.0000000000
1044  11.767  -97.052  -1.594 0.0000000000
1045  11.493  -97.101  -1.113 0.0000000000
1051  14.928  -97.036  -3.740 0.0000000000
1052  14.426  -97.133  -3.270 0.0000000000
1053  12.329  -96.719  -3.096 0.0000000000
1054  12.111  -96.819  -2.520 0.0000000000
1060  15.213  -97.004  -4.335 0.0000000000
1061  14.607  -97.375  -4.299 0.0000000000
1062  12.526  -96.462  -3.736 0.0000000000
1063  12.173  -96.305  -3.471 0.0000000000
1067  16.243  -97.062  -5.764 0.0000000000
1068  15.291  -97.232  -5.367 0.0000000000
1069  14.714  -97.394  -4.914 0.0000000000
1070  13.191  -96.570  -4.571 0.0000000000
1071  12.822  -96.288  -4.687 0.0000000000
1078  16.380  -97.186  -6.571 0.0000000000
1079  15.407  -97.465  -6.667 0.0000000000
1082  13.194  -96.503  -5.307 0.0000000000
1083  12.899  -96.266  -5.136 0.0000000000
1288  9.215  -96.045  4.848 0.0000000000
1302  9.539  -96.199  4.321 0.0000000000
1303  9.398  -96.609  4.364 0.0000000000
1313  10.483  -96.079  3.184 0.0000000000
1314  10.066  -96.250  3.687 0.0000000000
1315  9.696  -96.968  3.771 0.0000000000
1327  11.254  -95.775  1.730 0.0000000000
1328  10.807  -96.085  2.538 0.0000000000
1329  10.310  -96.943  2.960 0.0000000000
1330  9.962  -97.157  3.513 0.0000000000
1339  11.408  -95.831  1.357 0.0000000000
1340  11.258  -96.206  1.251 0.0000000000
1341  10.913  -96.748  1.782 0.0000000000
1347  11.350  -96.398  0.578 0.0000000000
1348  11.242  -96.628  0.750 0.0000000000
1353  17.877  -96.949  -0.448 0.0000000000
1354  17.341  -96.709  -0.432 0.0000000000
1355  16.405  -96.461  -0.526 0.0000000000
1356  15.438  -96.331  -0.752 0.0000000000
1357  14.741  -96.417  -1.214 0.0000000000
1358  11.436  -96.446  0.022 0.0000000000
1359  11.339  -96.754  0.014 0.0000000000
1362  19.172  -96.436  -1.414 0.0000000000
1363  18.224  -96.345  -0.860 0.0000000000
1364  17.118  -95.878  -0.896 0.0000000000
1365  16.094  -95.764  -1.137 0.0000000000
1366  15.271  -96.027  -1.626 0.0000000000
1367  14.743  -96.463  -1.829 0.0000000000
1368  11.507  -96.364  -0.905 0.0000000000
1369  11.396  -96.872  -0.856 0.0000000000
1375  15.759  -95.816  -3.208 0.0000000000
1376  15.054  -96.262  -2.543 0.0000000000
1377  14.599  -96.637  -2.116 0.0000000000
1378  11.816  -96.449  -1.896 0.0000000000
1379  11.566  -96.946  -1.366 0.0000000000
1384  16.146  -96.062  -4.045 0.0000000000
1385  15.354  -96.492  -3.681 0.0000000000
1386  11.992  -95.882  -3.359 0.0000000000
1387  12.050  -95.462  -3.783 0.0000000000
1395  17.141  -96.070  -5.253 0.0000000000
1396  16.633  -96.191  -4.860 0.0000000000
1397  15.822  -96.662  -4.590 0.0000000000
1398  12.258  -96.027  -4.007 0.0000000000
1399  11.881  -95.749  -4.189 0.0000000000
1400  12.013  -95.297  -4.132 0.0000000000
1409  17.415  -96.008  -5.673 0.0000000000
1410  16.917  -96.658  -5.830 0.0000000000
1411  16.198  -96.796  -5.288 0.0000000000
1412  12.222  -95.845  -4.841 0.0000000000
1413  11.752  -95.253  -4.839 0.0000000000
1430  12.712  -96.096  -5.459 0.0000000000
1636  9.133  -95.260  4.929 0.0000000000
1649  9.553  -95.681  4.347 0.0000000000
1658  10.509  -95.655  3.251 0.0000000000
1659  9.999  -95.255  3.835 0.0000000000
1672  11.210  -95.199  2.121 0.0000000000
1673  10.826  -95.313  2.754 0.0000000000
1686  11.611  -95.437  1.438 0.0000000000
1687  11.598  -95.815  1.043 0.0000000000
1695  12.613  -95.104  0.494 0.0000000000
1696  12.216  -95.352  0.746 0.0000000000
1697  11.652  -96.095  0.386 0.0000000000
1704  12.757  -95.219  -0.006 0.0000000000
1705  12.199  -95.755  -0.320 0.0000000000
1706  11.657  -96.083  -0.558 0.0000000000
1713  18.983  -95.282  -1.614 0.0000000000
1714  17.820  -95.242  -1.272 0.0000000000
1715  16.752  -95.015  -1.701 0.0000000000
1716  15.809  -95.510  -1.929 0.0000000000
1717  15.407  -95.860  -2.145 0.0000000000
1718  12.802  -95.272  -1.226 0.0000000000
1719  11.977  -95.724  -1.197 0.0000000000
1720  11.640  -95.964  -1.127 0.0000000000
1730  16.849  -94.844  -2.884 0.0000000000
1731  16.150  -95.276  -2.658 0.0000000000
1732  15.593  -95.703  -2.502 0.0000000000
1733  12.744  -95.145  -2.016 0.0000000000
1734  12.307  -95.411  -2.054 0.0000000000
1735  11.805  -95.868  -1.814 0.0000000000
1743  17.051  -94.952  -3.661 0.0000000000
1744  16.541  -95.372  -3.659 0.0000000000
1745  12.013  -95.453  -2.475 0.0000000000
1746  11.961  -95.563  -2.951 0.0000000000
1747  11.994  -95.120  -3.907 0.0000000000
1758  17.440  -95.247  -4.680 0.0000000000
1759  16.671  -95.701  -4.327 0.0000000000
1760  11.748  -95.037  -4.616 0.0000000000
1761  11.552  -94.628  -4.621 0.0000000000
1776  11.129  -94.294  -5.091 0.0000000000
1998  8.997  -94.786  4.679 0.0000000000
1999  8.519  -94.804  4.921 0.0000000000
2015  9.383  -94.936  4.331 0.0000000000
2016  8.830  -94.559  4.192 0.0000000000
2017  8.011  -94.475  4.269 0.0000000000
2027  10.897  -94.496  2.719 0.0000000000
2028  10.553  -94.690  3.179 0.0000000000
2029  9.567  -94.351  3.637 0.0000000000
2030  8.613  -94.143  3.288 0.0000000000
2031  7.596  -94.287  3.384 0.0000000000
2041  11.237  -94.439  2.333 0.0000000000
2042  10.936  -94.836  2.619 0.0000000000
2043  8.058  -94.105  2.696 0.0000000000
2044  7.290  -94.258  2.383 0.0000000000
2061  12.554  -94.092  1.079 0.0000000000
2062  12.033  -94.476  1.546 0.0000000000
2063  7.241  -94.266  1.747 0.0000000000
2064  6.741  -94.308  1.747 0.0000000000
2070  12.710  -94.627  0.614 0.0000000000
2071  12.340  -94.845  1.003 0.0000000000
2072  7.227  -94.239  1.267 0.0000000000
2073  6.621  -94.286  1.019 0.0000000000
2080  13.598  -94.183  -0.713 0.0000000000
2081  13.264  -94.529  -0.510 0.0000000000
2082  7.203  -94.116  0.643 0.0000000000
2083  6.702  -94.132  0.252 0.0000000000
2091  18.786  -94.446  -1.976 0.0000000000
2092  18.171  -94.551  -1.741 0.0000000000
2093  17.526  -94.705  -1.625 0.0000000000
2094  13.724  -94.220  -1.266 0.0000000000
2095  13.318  -94.742  -1.325 0.0000000000
2103  18.357  -94.005  -2.654 0.0000000000
2104  17.419  -94.365  -2.249 0.0000000000
2105  13.773  -93.890  -2.100 0.0000000000
2106  13.176  -94.596  -2.275 0.0000000000
2107  12.608  -95.036  -2.379 0.0000000000
2114  18.054  -94.110  -3.606 0.0000000000
2115  17.487  -94.461  -3.391 0.0000000000
2116  12.794  -94.266  -3.083 0.0000000000
2117  12.300  -94.849  -3.031 0.0000000000
2118  11.822  -94.762  -3.989 0.0000000000
2119  11.578  -94.667  -4.386 0.0000000000
2132  17.777  -94.487  -4.021 0.0000000000
2133  11.420  -94.432  -4.538 0.0000000000
2134  11.169  -94.207  -4.861 0.0000000000
2405  10.919  -94.016  2.763 0.0000000000
2406  10.159  -93.796  2.997 0.0000000000
2407  9.280  -93.785  2.938 0.0000000000
2408  8.873  -93.847  2.871 0.0000000000
2419  11.386  -93.607  2.129 0.0000000000
2420  10.688  -93.352  2.426 0.0000000000
2421  9.782  -93.202  2.263 0.0000000000
2422  8.734  -93.675  2.375 0.0000000000
2423  8.001  -93.955  2.109 0.0000000000
2441  12.452  -93.410  1.329 0.0000000000
2442  11.945  -93.498  1.776 0.0000000000
2443  9.035  -92.873  1.313 0.0000000000
2444  8.248  -93.642  1.481 0.0000000000
2445  7.648  -94.089  1.633 0.0000000000
2457  13.283  -93.496  0.291 0.0000000000
2458  12.867  -93.790  0.695 0.0000000000
2459  8.717  -92.583  0.336 0.0000000000
2460  8.280  -93.283  0.616 0.0000000000
2461  7.731  -93.895  0.901 0.0000000000
2472  13.697  -93.673  -0.443 0.0000000000
2473  13.135  -94.013  0.116 0.0000000000
2474  8.656  -92.478  -0.171 0.0000000000
2475  8.338  -92.932  -0.169 0.0000000000
2476  7.565  -93.655  -0.114 0.0000000000
2487  14.005  -93.148  -1.541 0.0000000000
2488  8.630  -92.547  -0.575 0.0000000000
2489  8.265  -93.063  -1.060 0.0000000000
2502  13.598  -93.232  -2.513 0.0000000000
2503  13.447  -93.846  -2.511 0.0000000000
2520  13.361  -93.175  -2.856 0.0000000000
2521  13.149  -93.581  -3.008 0.0000000000
2522  12.357  -93.781  -3.643 0.0000000000
2523  11.867  -94.223  -3.959 0.0000000000
2541  11.655  -93.590  -4.118 0.0000000000
2542  11.226  -93.890  -4.550 0.0000000000
2543  10.540  -93.655  -5.025 0.0000000000
2793  11.118  -93.029  2.115 0.0000000000
2794  10.625  -92.723  1.942 0.0000000000
2795  9.928  -92.587  1.558 0.0000000000
2810  13.388  -92.389  0.800 0.0000000000
2811  12.750  -92.412  1.242 0.0000000000
2812  11.669  -92.523  1.734 0.0000000000
2813  10.497  -91.906  1.195 0.0000000000
2814  9.661  -92.217  1.034 0.0000000000
2824  13.597  -92.856  0.229 0.0000000000
2825  13.038  -93.059  0.759 0.0000000000
2826  9.813  -91.865  0.292 0.0000000000
2827  9.215  -92.219  0.574 0.0000000000
2835  13.975  -92.505  -0.567 0.0000000000
2836  9.635  -91.749  -0.259 0.0000000000
2837  9.098  -91.984  -0.277 0.0000000000
2846  14.018  -92.079  -1.395 0.0000000000
2847  8.887  -92.326  -1.130 0.0000000000
2848  8.642  -92.646  -1.785 0.0000000000
2858  13.820  -92.226  -2.333 0.0000000000
2859  9.082  -92.103  -1.828 0.0000000000
2877  13.298  -92.697  -2.998 0.0000000000
2878  12.651  -92.821  -3.586 0.0000000000
2879  11.825  -92.892  -3.971 0.0000000000
2899  11.248  -93.090  -4.417 0.0000000000
2900  10.475  -92.900  -4.880 0.0000000000
3200  13.362  -91.617  1.093 0.0000000000
3201  12.480  -91.411  1.380 0.0000000000
3202  11.392  -91.033  1.256 0.0000000000
3203  10.714  -91.219  0.954 0.0000000000
3215  14.330  -91.111  0.143 0.0000000000
3216  13.937  -91.864  0.327 0.0000000000
3217  10.759  -90.751  0.816 0.0000000000
3218  10.282  -91.136  0.446 0.0000000000
3230  14.485  -90.843  -0.204 0.0000000000
3231  14.192  -91.325  -0.672 0.0000000000
3232  9.978  -91.388  -0.477 0.0000000000
3233  9.594  -91.696  -0.559 0.0000000000
3244  13.960  -91.190  -1.828 0.0000000000
3245  9.936  -91.250  -0.943 0.0000000000
3246  9.596  -91.580  -1.191 0.0000000000
3258  13.525  -91.308  -2.621 0.0000000000
3259  12.950  -91.339  -3.016 0.0000000000
3260  9.332  -91.444  -2.309 0.0000000000
3278  13.350  -91.888  -2.940 0.0000000000
3279  12.809  -91.925  -3.381 0.0000000000
3280  12.120  -91.990  -3.904 0.0000000000
3292  11.309  -92.084  -4.512 0.0000000000
3293  10.371  -91.699  -4.948 0.0000000000
3635  14.226  -90.244  1.164 0.0000000000
3636  13.345  -90.528  1.382 0.0000000000
3637  12.339  -90.303  1.393 0.0000000000
3638  11.686  -90.015  1.111 0.0000000000
3649  14.681  -90.351  0.276 0.0000000000
3650  13.993  -90.963  0.775 0.0000000000
3651  11.103  -90.156  0.791 0.0000000000
3652  10.560  -90.268  0.314 0.0000000000
3661  14.512  -90.478  -0.601 0.0000000000
3662  14.142  -90.484  -1.223 0.0000000000
3663  10.209  -90.580  -0.245 0.0000000000
3675  13.849  -90.314  -1.892 0.0000000000
3676  10.065  -90.644  -1.101 0.0000000000
3677  9.865  -90.916  -1.939 0.0000000000
3692  13.588  -90.625  -2.375 0.0000000000
3693  13.020  -90.663  -2.811 0.0000000000
3694  10.033  -90.219  -1.983 0.0000000000
3695  9.647  -90.368  -2.921 0.0000000000
3711  12.341  -90.834  -3.644 0.0000000000
3712  11.762  -91.368  -4.217 0.0000000000
3728  11.881  -90.069  -4.003 0.0000000000
3729  11.190  -90.565  -4.655 0.0000000000
3730  10.176  -90.877  -5.165 0.0000000000
3744  10.298  -90.242  -5.217 0.0000000000
4117  14.760  -89.500  1.059 0.0000000000
4118  13.981  -89.536  1.633 0.0000000000
4119  13.013  -89.469  1.685 0.0000000000
4120  12.096  -89.284  1.468 0.0000000000
4133  15.200  -89.409  0.197 0.0000000000
4134  11.318  -89.203  0.872 0.0000000000
4135  10.856  -89.610  0.354 0.0000000000
4148  14.882  -89.710  -0.687 0.0000000000
4149  14.504  -90.093  -1.034 0.0000000000
4150  10.943  -88.981  0.165 0.0000000000
4151  10.457  -89.460  -0.469 0.0000000000
4163  14.756  -89.133  -1.119 0.0000000000
4164  14.176  -89.595  -1.447 0.0000000000
4165  10.198  -89.563  -1.511 0.0000000000
4174  13.359  -89.678  -2.525 0.0000000000
4175  12.700  -90.153  -3.046 0.0000000000
4176  10.038  -89.491  -2.358 0.0000000000
4177  9.756  -89.313  -3.024 0.0000000000
4189  13.045  -88.878  -2.976 0.0000000000
4190  12.460  -89.456  -3.527 0.0000000000
4191  9.475  -89.533  -3.490 0.0000000000
4203  11.700  -89.442  -4.340 0.0000000000
4204  11.230  -89.415  -4.861 0.0000000000
4216  10.679  -89.624  -5.229 0.0000000000
4630  15.307  -88.329  1.552 0.0000000000
4631  14.709  -88.607  1.697 0.0000000000
4632  13.680  -88.585  1.936 0.0000000000
4633  12.687  -88.442  1.853 0.0000000000
4634  11.773  -88.139  1.311 0.0000000000
4644  15.527  -88.102  1.396 0.0000000000
4645  15.397  -88.560  0.848 0.0000000000
4646  11.214  -88.212  0.383 0.0000000000
4661  15.049  -88.501  -0.570 0.0000000000
4662  10.929  -88.416  -0.371 0.0000000000
4663  10.706  -88.502  -0.884 0.0000000000
4678  14.410  -88.636  -1.414 0.0000000000
4679  13.809  -88.752  -1.953 0.0000000000
4680  10.448  -88.810  -1.250 0.0000000000
4695  13.458  -88.669  -2.545 0.0000000000
4696  10.323  -88.753  -1.942 0.0000000000
4697  9.976  -88.648  -2.674 0.0000000000
4712  13.286  -88.262  -2.921 0.0000000000
4713  12.837  -88.371  -3.495 0.0000000000
4714  9.506  -88.493  -3.634 0.0000000000
4727  12.108  -88.301  -4.432 0.0000000000
4728  11.513  -88.917  -4.729 0.0000000000
4745  11.688  -87.866  -5.125 0.0000000000
4746  11.070  -88.558  -5.343 0.0000000000
5193  15.279  -87.271  2.214 0.0000000000
5194  14.990  -87.251  2.290 0.0000000000
5203  15.333  -87.695  1.911 0.0000000000
5204  14.348  -87.678  2.203 0.0000000000
5205  13.339  -87.638  2.109 0.0000000000
5206  12.503  -87.402  1.712 0.0000000000
5207  11.910  -87.167  1.272 0.0000000000
5220  15.704  -87.680  1.065 0.0000000000
5221  15.454  -87.647  0.168 0.0000000000
5222  11.480  -87.281  0.633 0.0000000000
5239  15.028  -87.230  -0.597 0.0000000000
5240  11.230  -87.334  -0.534 0.0000000000
5241  10.983  -88.044  -0.853 0.0000000000
5261  14.498  -87.608  -1.570 0.0000000000
5262  14.049  -88.181  -1.741 0.0000000000
5263  11.072  -87.088  -1.329 0.0000000000
5264  10.748  -87.860  -1.502 0.0000000000
5282  14.030  -87.327  -1.941 0.0000000000
5283  13.747  -87.778  -2.296 0.0000000000
5284  10.343  -88.091  -2.287 0.0000000000
5285  9.979  -87.755  -2.871 0.0000000000
5301  13.290  -87.608  -3.241 0.0000000000
5302  12.834  -87.738  -3.871 0.0000000000
5303  9.616  -87.289  -3.526 0.0000000000
5304  9.219  -86.935  -4.043 0.0000000000
5316  13.132  -87.183  -3.784 0.0000000000
5317  12.743  -87.214  -4.355 0.0000000000
5318  9.289  -87.614  -4.087 0.0000000000
5333  12.143  -87.207  -5.115 0.0000000000
5334  11.484  -87.464  -5.657 0.0000000000
5352  10.641  -87.682  -6.307 0.0000000000
5353  10.436  -87.204  -6.718 0.0000000000
5828  15.378  -86.789  2.217 0.0000000000
5829  14.544  -86.677  2.479 0.0000000000
5830  13.797  -86.364  2.464 0.0000000000
5843  15.824  -86.857  1.424 0.0000000000
5844  13.804  -87.027  2.397 0.0000000000
5845  13.142  -86.601  2.009 0.0000000000
5846  12.262  -86.431  1.433 0.0000000000
5847  11.682  -86.611  0.965 0.0000000000
5863  15.693  -86.912  0.546 0.0000000000
5864  15.413  -86.901  -0.061 0.0000000000
5865  11.750  -86.061  0.936 0.0000000000
5866  11.404  -86.307  0.254 0.0000000000
5883  15.699  -86.368  0.036 0.0000000000
5884  15.397  -86.406  -0.538 0.0000000000
5885  11.302  -86.314  -0.519 0.0000000000
5903  14.933  -86.426  -1.285 0.0000000000
5904  11.196  -86.479  -1.147 0.0000000000
5905  10.619  -86.634  -1.870 0.0000000000
5906  10.245  -86.103  -2.451 0.0000000000
5924  14.119  -86.655  -2.191 0.0000000000
5925  13.626  -87.045  -2.825 0.0000000000
5926  10.388  -87.397  -2.295 0.0000000000
5927  10.129  -86.680  -2.862 0.0000000000
5940  13.769  -86.399  -3.106 0.0000000000
5941  13.463  -86.867  -3.423 0.0000000000
5942  9.499  -86.325  -3.577 0.0000000000
5943  8.649  -86.268  -4.098 0.0000000000
5954  13.588  -86.457  -3.557 0.0000000000
5955  13.276  -86.482  -3.989 0.0000000000
5956  12.808  -86.333  -4.809 0.0000000000
5972  12.339  -86.379  -5.738 0.0000000000
5973  11.850  -86.910  -5.711 0.0000000000
5992  12.145  -86.156  -6.257 0.0000000000
5993  11.507  -86.625  -6.395 0.0000000000
5994  10.808  -87.025  -6.655 0.0000000000
6008  11.256  -86.194  -6.908 0.0000000000
6009  10.591  -86.524  -7.024 0.0000000000
6010  9.534  -86.563  -7.591 0.0000000000
6027  10.237  -86.096  -7.670 0.0000000000
6028  9.907  -86.140  -7.894 0.0000000000
6468  15.098  -85.736  2.446 0.0000000000
6469  14.235  -85.784  2.565 0.0000000000
6470  13.422  -85.697  2.290 0.0000000000
6478  16.127  -85.023  1.147 0.0000000000
6479  15.792  -85.857  1.783 0.0000000000
6480  12.705  -85.677  1.777 0.0000000000
6481  12.088  -85.580  1.223 0.0000000000
6494  16.023  -85.103  0.233 0.0000000000
6495  15.894  -85.960  0.690 0.0000000000
6496  11.606  -85.605  0.669 0.0000000000
6497  11.360  -85.745  0.268 0.0000000000
6512  15.927  -85.066  -0.207 0.0000000000
6513  15.791  -85.568  -0.346 0.0000000000
6514  15.386  -85.902  -0.887 0.0000000000
6515  11.246  -85.754  -0.151 0.0000000000
6531  15.578  -85.442  -0.972 0.0000000000
6532  15.246  -85.694  -1.289 0.0000000000
6533  11.135  -85.785  -0.767 0.0000000000
6534  10.876  -85.825  -1.378 0.0000000000
6535  10.267  -85.710  -1.951 0.0000000000
6549  15.438  -85.215  -1.367 0.0000000000
6550  14.930  -85.517  -1.936 0.0000000000
6551  10.028  -85.453  -3.008 0.0000000000
6562  14.123  -85.363  -3.042 0.0000000000
6563  14.074  -84.507  -3.824 0.0000000000
6564  9.045  -85.472  -3.593 0.0000000000
6565  8.142  -85.371  -3.988 0.0000000000
6579  13.775  -86.037  -3.673 0.0000000000
6580  13.486  -85.301  -4.319 0.0000000000
6581  12.838  -85.433  -5.391 0.0000000000
6597  12.439  -85.590  -6.158 0.0000000000
6612  12.029  -85.854  -6.542 0.0000000000
6613  11.650  -85.765  -6.871 0.0000000000
6619  11.195  -85.754  -7.192 0.0000000000
6620  10.754  -85.762  -7.520 0.0000000000
6621  9.669  -85.935  -8.109 0.0000000000
6633  10.439  -85.648  -7.929 0.0000000000
6634  10.088  -85.717  -8.148 0.0000000000
7160  15.073  -85.189  2.367 0.0000000000
7161  14.663  -85.164  2.436 0.0000000000
7162  13.887  -85.146  2.441 0.0000000000
7170  15.932  -84.131  1.190 0.0000000000
7171  15.360  -84.726  2.135 0.0000000000
7172  14.202  -84.549  2.417 0.0000000000
7173  12.987  -84.708  2.116 0.0000000000
7174  12.366  -85.144  1.554 0.0000000000
7189  16.089  -84.397  0.423 0.0000000000
7190  12.520  -84.164  1.693 0.0000000000
7191  11.865  -84.747  1.026 0.0000000000
7192  11.346  -85.367  0.343 0.0000000000
7207  15.992  -84.631  -0.297 0.0000000000
7208  15.882  -84.997  -0.442 0.0000000000
7209  11.331  -84.436  0.530 0.0000000000
7210  10.976  -84.969  -0.212 0.0000000000
7211  10.544  -84.657  -0.834 0.0000000000
7224  15.926  -84.551  -0.598 0.0000000000
7225  15.823  -84.783  -0.858 0.0000000000
7226  10.943  -85.410  -0.941 0.0000000000
7227  10.535  -85.147  -1.222 0.0000000000
7228  9.844  -84.916  -1.959 0.0000000000
7229  9.421  -84.286  -2.227 0.0000000000
7243  15.430  -84.612  -1.663 0.0000000000
7244  14.924  -84.514  -2.454 0.0000000000
7245  9.611  -84.637  -2.746 0.0000000000
7246  8.900  -84.209  -2.804 0.0000000000
7247  7.970  -84.051  -3.124 0.0000000000
7248  6.996  -84.154  -3.128 0.0000000000
7265  14.533  -84.138  -3.232 0.0000000000
7266  14.234  -83.707  -3.838 0.0000000000
7267  9.287  -84.825  -3.221 0.0000000000
7268  8.512  -84.713  -3.471 0.0000000000
7269  7.552  -84.641  -3.749 0.0000000000
7285  13.684  -83.846  -4.466 0.0000000000
7286  13.000  -84.304  -5.202 0.0000000000
7303  12.548  -84.658  -6.013 0.0000000000
7319  12.082  -85.004  -6.683 0.0000000000
7320  11.574  -85.033  -7.192 0.0000000000
7333  11.117  -85.123  -7.534 0.0000000000
7334  10.592  -85.201  -7.940 0.0000000000
7335  9.849  -85.105  -8.247 0.0000000000
7356  10.282  -85.315  -8.145 0.0000000000
7357  10.054  -85.371  -8.250 0.0000000000
7925  15.675  -83.660  1.004 0.0000000000
7926  15.335  -83.711  1.546 0.0000000000
7927  14.483  -83.876  2.120 0.0000000000
7928  13.722  -84.089  2.328 0.0000000000
7940  15.903  -83.676  0.504 0.0000000000
7941  15.320  -83.162  0.823 0.0000000000
7942  14.568  -83.186  1.647 0.0000000000
7943  13.318  -83.614  2.038 0.0000000000
7944  12.269  -83.832  1.409 0.0000000000
7945  6.663  -82.744  -0.283 0.0000000000
7946  6.108  -82.885  -0.105 0.0000000000
7957  16.060  -83.927  -0.246 0.0000000000
7958  15.628  -83.045  -0.187 0.0000000000
7959  11.636  -83.989  0.841 0.0000000000
7960  10.966  -84.081  0.355 0.0000000000
7961  10.328  -84.034  -0.562 0.0000000000
7962  9.391  -83.520  -0.945 0.0000000000
7963  8.534  -83.088  -1.184 0.0000000000
7964  7.609  -82.920  -1.137 0.0000000000
7965  6.887  -82.866  -0.896 0.0000000000
7966  6.035  -83.033  -0.771 0.0000000000
7967  5.400  -83.124  -1.130 0.0000000000
7981  15.957  -84.306  -0.639 0.0000000000
7982  15.764  -83.720  -1.146 0.0000000000
7983  10.170  -84.592  -1.203 0.0000000000
7984  9.643  -84.196  -1.461 0.0000000000
7985  8.931  -83.674  -1.919 0.0000000000
7986  7.948  -83.388  -1.808 0.0000000000
7987  6.883  -83.333  -1.564 0.0000000000
7988  5.839  -83.490  -1.605 0.0000000000
8004  15.299  -83.884  -1.978 0.0000000000
8005  14.925  -83.481  -2.616 0.0000000000
8006  8.257  -83.735  -2.470 0.0000000000
8007  7.422  -83.750  -2.412 0.0000000000
8008  6.442  -83.862  -2.340 0.0000000000
8023  14.490  -83.126  -3.320 0.0000000000
8024  13.959  -82.881  -4.051 0.0000000000
8025  13.221  -82.545  -4.315 0.0000000000
8034  13.466  -83.074  -4.468 0.0000000000
8035  12.894  -83.094  -4.912 0.0000000000
8044  12.125  -83.591  -5.863 0.0000000000
8045  11.026  -83.209  -6.267 0.0000000000
8046  9.923  -83.006  -6.276 0.0000000000
8047  8.902  -82.785  -6.214 0.0000000000
8056  12.130  -84.271  -6.434 0.0000000000
8057  11.516  -84.084  -6.953 0.0000000000
8058  10.402  -83.486  -7.149 0.0000000000
8059  9.242  -83.067  -7.169 0.0000000000
8078  11.256  -84.618  -7.365 0.0000000000
8079  10.659  -84.441  -7.651 0.0000000000
8080  9.592  -83.990  -7.865 0.0000000000
8682  14.366  -82.179  1.376 0.0000000000
8683  14.146  -82.449  1.730 0.0000000000
8684  13.304  -82.674  1.875 0.0000000000
8685  12.439  -82.762  1.724 0.0000000000
8689  15.086  -82.555  0.298 0.0000000000
8690  14.584  -82.477  1.094 0.0000000000
8691  13.829  -82.881  1.861 0.0000000000
8692  12.678  -83.181  1.603 0.0000000000
8693  11.722  -83.034  1.316 0.0000000000
8694  10.898  -83.004  0.962 0.0000000000
8695  10.334  -82.698  0.517 0.0000000000
8696  9.573  -82.455  0.246 0.0000000000
8697  8.580  -82.354  0.189 0.0000000000
8698  7.407  -82.395  0.176 0.0000000000
8699  6.218  -82.364  0.311 0.0000000000
8700  5.367  -82.121  0.092 0.0000000000
8710  15.112  -82.266  -0.298 0.0000000000
8711  11.899  -83.527  1.214 0.0000000000
8712  11.272  -83.522  0.855 0.0000000000
8713  10.592  -83.411  0.350 0.0000000000
8714  9.890  -83.160  -0.130 0.0000000000
8715  9.028  -82.867  -0.405 0.0000000000
8716  8.088  -82.663  -0.517 0.0000000000
8717  7.323  -82.689  -0.539 0.0000000000
8718  5.638  -82.688  -0.155 0.0000000000
8719  4.962  -82.409  -0.802 0.0000000000
8730  15.279  -82.345  -1.205 0.0000000000
8731  14.937  -81.790  -1.697 0.0000000000
8746  15.234  -83.106  -1.912 0.0000000000
8747  14.684  -82.144  -2.563 0.0000000000
8748  14.109  -81.401  -3.046 0.0000000000
8764  14.263  -82.440  -3.449 0.0000000000
8765  13.590  -81.761  -3.702 0.0000000000
8766  12.186  -82.105  -4.309 0.0000000000
8767  10.847  -82.000  -4.061 0.0000000000
8768  10.208  -81.982  -3.922 0.0000000000
8779  11.956  -82.785  -5.109 0.0000000000
8780  11.132  -82.452  -4.831 0.0000000000
8781  9.969  -82.277  -4.519 0.0000000000
8782  8.842  -82.307  -4.763 0.0000000000
8795  11.356  -82.950  -5.510 0.0000000000
8796  10.477  -82.780  -5.458 0.0000000000
8797  9.443  -82.640  -5.449 0.0000000000
8798  8.533  -82.542  -5.547 0.0000000000
9409  10.813  -82.003  2.696 0.0000000000
9410  10.153  -81.731  2.893 0.0000000000
9411  9.291  -81.506  3.124 0.0000000000
9412  8.366  -81.192  3.370 0.0000000000
9413  7.637  -80.832  3.559 0.0000000000
9426  10.976  -82.110  2.140 0.0000000000
9427  10.318  -81.777  2.087 0.0000000000
9428  9.496  -81.592  2.233 0.0000000000
9429  8.488  -81.446  2.477 0.0000000000
9430  7.308  -81.025  2.750 0.0000000000
9431  6.524  -80.680  2.462 0.0000000000
9442  14.287  -82.059  1.633 0.0000000000
9443  13.864  -82.175  2.076 0.0000000000
9444  12.855  -82.396  2.088 0.0000000000
9445  11.623  -82.421  1.803 0.0000000000
9446  10.604  -82.041  1.507 0.0000000000
9447  9.798  -81.708  1.449 0.0000000000
9448  8.809  -81.658  1.606 0.0000000000
9449  7.662  -81.511  1.776 0.0000000000
9450  6.387  -81.014  1.751 0.0000000000
9451  5.778  -80.719  1.174 0.0000000000
9456  14.783  -81.723  0.306 0.0000000000
9457  14.414  -81.738  1.164 0.0000000000
9458  14.282  -81.734  1.707 0.0000000000
9459  11.192  -82.752  1.309 0.0000000000
9460  10.746  -82.482  1.130 0.0000000000
9461  10.137  -82.032  0.790 0.0000000000
9462  9.192  -81.954  0.826 0.0000000000
9463  8.099  -81.946  0.935 0.0000000000
9464  6.902  -81.781  0.972 0.0000000000
9465  5.717  -81.301  0.643 0.0000000000
9466  5.021  -81.422  -0.291 0.0000000000
9471  15.049  -81.499  -0.562 0.0000000000
9480  15.037  -81.390  -1.265 0.0000000000
9481  14.831  -81.244  -1.879 0.0000000000
9496  14.365  -80.911  -2.541 0.0000000000
9497  13.515  -80.904  -3.120 0.0000000000
9498  12.682  -80.747  -3.320 0.0000000000
9499  12.004  -80.773  -3.464 0.0000000000
9520  13.060  -81.150  -3.456 0.0000000000
9521  12.494  -81.240  -3.714 0.0000000000
9522  11.399  -81.222  -3.727 0.0000000000
9523  10.265  -81.417  -3.642 0.0000000000
9524  9.314  -81.408  -3.500 0.0000000000
9525  8.375  -81.461  -3.523 0.0000000000
9526  7.375  -81.437  -3.700 0.0000000000
9542  9.758  -81.875  -3.847 0.0000000000
9543  9.060  -81.931  -4.018 0.0000000000
9544  8.113  -81.972  -4.190 0.0000000000
10129  10.590  -80.371  5.177 0.0000000000
10130  10.183  -80.327  5.231 0.0000000000
10139  13.839  -80.772  4.251 0.0000000000
10140  13.148  -80.949  4.488 0.0000000000
10141  11.874  -81.049  4.616 0.0000000000
10142  10.506  -80.789  4.637 0.0000000000
10143  9.287  -80.486  4.863 0.0000000000
10144  8.210  -80.290  4.792 0.0000000000
10145  7.581  -80.009  4.851 0.0000000000
10154  14.546  -80.818  3.181 0.0000000000
10155  13.640  -81.246  3.677 0.0000000000
10156  12.409  -81.550  3.734 0.0000000000
10157  11.063  -81.610  3.631 0.0000000000
10158  10.053  -81.399  3.690 0.0000000000
10159  9.294  -81.069  4.004 0.0000000000
10160  8.313  -80.757  4.145 0.0000000000
10161  7.163  -80.294  4.071 0.0000000000
10162  6.491  -79.786  3.567 0.0000000000
10173  14.480  -80.913  2.415 0.0000000000
10174  13.947  -81.465  2.821 0.0000000000
10175  12.939  -81.708  2.951 0.0000000000
10176  11.762  -82.022  2.783 0.0000000000
10177  7.130  -80.642  3.355 0.0000000000
10178  6.498  -80.283  3.031 0.0000000000
10191  14.569  -80.729  1.750 0.0000000000
10192  14.186  -81.466  2.098 0.0000000000
10193  13.404  -81.924  2.437 0.0000000000
10194  12.517  -82.144  2.428 0.0000000000
10195  5.999  -80.244  2.200 0.0000000000
10196  5.657  -80.242  1.484 0.0000000000
10201  15.115  -80.730  0.011 0.0000000000
10202  14.670  -80.829  0.906 0.0000000000
10203  14.349  -81.258  1.482 0.0000000000
10204  5.365  -80.318  0.781 0.0000000000
10205  5.069  -80.479  -0.045 0.0000000000
10209  15.118  -80.576  -0.940 0.0000000000
10210  14.965  -80.098  -1.254 0.0000000000
10218  14.954  -80.888  -1.451 0.0000000000
10219  14.717  -80.353  -1.758 0.0000000000
10220  14.299  -79.941  -2.218 0.0000000000
10232  14.366  -80.321  -2.343 0.0000000000
10233  13.892  -80.103  -2.758 0.0000000000
10234  12.988  -80.217  -2.985 0.0000000000
10235  12.037  -80.215  -3.082 0.0000000000
10236  11.080  -80.082  -2.940 0.0000000000
10237  10.137  -80.097  -2.779 0.0000000000
10238  9.167  -80.233  -2.494 0.0000000000
10239  8.105  -80.325  -2.321 0.0000000000
10240  6.956  -80.237  -2.396 0.0000000000
10265  11.427  -80.575  -3.334 0.0000000000
10266  10.656  -80.681  -3.284 0.0000000000
10267  9.704  -80.791  -3.107 0.0000000000
10268  8.725  -80.894  -2.951 0.0000000000
10269  7.679  -80.924  -2.964 0.0000000000
10864  12.727  -79.817  5.993 0.0000000000
10865  12.064  -79.970  5.978 0.0000000000
10866  10.850  -80.087  5.715 0.0000000000
10867  9.698  -79.893  5.722 0.0000000000
10868  8.775  -79.555  5.888 0.0000000000
10869  7.933  -79.420  5.890 0.0000000000
10870  7.268  -79.219  5.697 0.0000000000
10877  15.026  -79.429  4.399 0.0000000000
10878  14.169  -80.114  4.709 0.0000000000
10879  12.804  -80.328  5.449 0.0000000000
10880  11.460  -80.448  5.286 0.0000000000
10881  10.833  -80.397  5.191 0.0000000000
10882  8.822  -80.046  5.344 0.0000000000
10883  8.133  -79.845  5.342 0.0000000000
10884  7.437  -79.624  5.273 0.0000000000
10885  6.839  -79.180  5.049 0.0000000000
10895  15.077  -79.936  3.671 0.0000000000
10896  14.315  -80.630  3.953 0.0000000000
10897  7.027  -79.727  4.683 0.0000000000
10898  6.535  -79.166  4.038 0.0000000000
10899  5.978  -78.635  3.364 0.0000000000
10911  15.126  -80.170  2.366 0.0000000000
10912  5.967  -79.372  3.026 0.0000000000
10913  5.586  -78.555  2.604 0.0000000000
10928  15.045  -80.140  1.402 0.0000000000
10929  5.929  -79.790  2.518 0.0000000000
10930  5.433  -79.236  1.738 0.0000000000
10931  4.824  -78.821  1.044 0.0000000000
10937  15.239  -79.861  -0.340 0.0000000000
10938  15.202  -79.911  0.574 0.0000000000
10939  5.308  -79.782  1.074 0.0000000000
10940  4.740  -79.373  0.345 0.0000000000
10941  4.045  -78.997  -0.224 0.0000000000
10946  15.111  -79.809  -0.969 0.0000000000
10947  14.821  -79.668  -1.375 0.0000000000
10948  8.807  -78.474  -0.987 0.0000000000
10949  8.411  -78.310  -0.804 0.0000000000
10957  14.419  -79.572  -1.794 0.0000000000
10958  13.879  -79.478  -2.319 0.0000000000
10959  13.144  -79.047  -2.527 0.0000000000
10960  12.213  -78.881  -2.432 0.0000000000
10961  11.272  -78.821  -2.195 0.0000000000
10962  10.292  -78.820  -1.894 0.0000000000
10963  9.261  -78.838  -1.462 0.0000000000
10964  8.132  -78.856  -1.096 0.0000000000
10965  7.096  -78.957  -1.176 0.0000000000
10966  6.582  -78.633  -1.259 0.0000000000
10979  13.744  -79.708  -2.636 0.0000000000
10980  13.371  -79.659  -2.749 0.0000000000
10981  12.544  -79.548  -2.819 0.0000000000
10982  11.617  -79.446  -2.723 0.0000000000
10983  10.654  -79.415  -2.502 0.0000000000
10984  9.675  -79.501  -2.165 0.0000000000
10985  8.638  -79.598  -1.839 0.0000000000
10986  7.481  -79.582  -1.730 0.0000000000
10987  6.036  -79.137  -1.880 0.0000000000
11634  12.886  -78.807  7.007 0.0000000000
11635  12.209  -78.983  7.046 0.0000000000
11636  11.135  -79.277  7.121 0.0000000000
11637  10.227  -79.349  7.138 0.0000000000
11638  8.408  -78.864  6.993 0.0000000000
11639  8.055  -78.761  6.917 0.0000000000
11645  14.732  -78.331  5.667 0.0000000000
11646  14.297  -78.681  6.023 0.0000000000
11647  13.068  -79.256  6.492 0.0000000000
11648  11.621  -79.570  6.518 0.0000000000
11649  10.494  -79.578  6.472 0.0000000000
11650  9.445  -79.368  6.640 0.0000000000
11651  8.469  -79.125  6.624 0.0000000000
11652  7.535  -78.870  6.379 0.0000000000
11653  6.893  -78.628  5.685 0.0000000000
11663  14.926  -78.789  5.096 0.0000000000
11664  13.784  -79.569  5.720 0.0000000000
11665  13.082  -79.751  5.947 0.0000000000
11666  6.626  -78.352  4.779 0.0000000000
11679  15.340  -78.672  3.763 0.0000000000
11680  6.211  -78.159  3.918 0.0000000000
11681  5.655  -77.968  3.209 0.0000000000
11694  15.390  -79.094  2.743 0.0000000000
11695  5.103  -77.819  2.411 0.0000000000
11696  4.624  -77.416  2.060 0.0000000000
11709  15.371  -79.041  1.440 0.0000000000
11710  5.228  -78.389  1.999 0.0000000000
11711  4.527  -78.092  1.430 0.0000000000
11712  3.861  -77.812  0.952 0.0000000000
11717  15.130  -79.313  -0.766 0.0000000000
11718  15.184  -78.859  -0.061 0.0000000000
11719  10.248  -77.316  -0.670 0.0000000000
11720  9.554  -77.318  -0.486 0.0000000000
11721  8.739  -77.319  -0.288 0.0000000000
11722  8.224  -77.228  -0.076 0.0000000000
11723  4.483  -78.654  0.769 0.0000000000
11724  3.798  -78.385  0.341 0.0000000000
11730  14.978  -79.383  -1.130 0.0000000000
11731  14.579  -78.850  -1.294 0.0000000000
11732  13.679  -78.237  -1.568 0.0000000000
11733  12.787  -77.823  -1.543 0.0000000000
11734  11.798  -77.661  -1.328 0.0000000000
11735  10.756  -77.613  -1.029 0.0000000000
11736  9.793  -77.800  -0.837 0.0000000000
11737  8.953  -78.031  -0.567 0.0000000000
11738  7.872  -77.996  -0.368 0.0000000000
11739  6.832  -77.857  -0.503 0.0000000000
11740  6.403  -77.717  -0.571 0.0000000000
11747  14.151  -79.195  -1.819 0.0000000000
11748  13.752  -78.855  -1.944 0.0000000000
11749  12.936  -78.401  -2.101 0.0000000000
11750  11.966  -78.206  -1.958 0.0000000000
11751  10.993  -78.180  -1.649 0.0000000000
11752  10.040  -78.228  -1.324 0.0000000000
11753  9.354  -78.282  -1.020 0.0000000000
11754  7.546  -78.511  -0.952 0.0000000000
11755  7.024  -78.314  -0.926 0.0000000000
11756  6.166  -78.116  -0.965 0.0000000000
12428  10.429  -77.493  9.842 0.0000000000
12429  9.493  -77.539  9.583 0.0000000000
12430  8.832  -77.531  9.285 0.0000000000
12440  12.810  -76.467  9.000 0.0000000000
12441  12.443  -77.080  9.217 0.0000000000
12442  11.395  -77.690  9.458 0.0000000000
12443  10.200  -78.191  9.197 0.0000000000
12444  9.163  -78.082  8.922 0.0000000000
12458  13.623  -76.634  8.001 0.0000000000
12459  13.244  -76.882  8.449 0.0000000000
12460  12.202  -78.042  8.591 0.0000000000
12461  11.001  -78.619  8.598 0.0000000000
12462  9.818  -78.656  8.374 0.0000000000
12463  8.669  -78.358  8.159 0.0000000000
12464  7.862  -78.168  7.797 0.0000000000
12475  13.841  -76.863  7.534 0.0000000000
12476  13.097  -78.295  7.607 0.0000000000
12477  11.723  -78.873  7.815 0.0000000000
12478  10.560  -79.120  7.795 0.0000000000
12479  9.428  -79.032  7.542 0.0000000000
12480  8.418  -78.695  7.357 0.0000000000
12481  7.431  -78.216  7.111 0.0000000000
12482  6.904  -77.719  6.622 0.0000000000
12488  14.572  -78.101  5.937 0.0000000000
12489  14.262  -77.691  6.417 0.0000000000
12490  13.391  -78.643  6.946 0.0000000000
12491  8.901  -79.032  7.053 0.0000000000
12492  8.638  -78.940  7.033 0.0000000000
12493  6.995  -78.258  6.341 0.0000000000
12494  6.629  -77.636  5.679 0.0000000000
12495  6.098  -77.044  5.112 0.0000000000
12502  14.913  -77.776  5.412 0.0000000000
12503  14.964  -76.795  4.962 0.0000000000
12504  6.233  -77.562  4.569 0.0000000000
12505  5.526  -76.982  4.388 0.0000000000
12506  4.835  -76.683  4.034 0.0000000000
12514  15.228  -77.236  4.040 0.0000000000
12515  15.082  -76.617  4.281 0.0000000000
12516  5.773  -77.552  3.844 0.0000000000
12517  5.046  -77.193  3.272 0.0000000000
12518  4.452  -76.425  3.429 0.0000000000
12529  15.133  -77.786  2.445 0.0000000000
12530  4.779  -77.277  2.512 0.0000000000
12531  4.190  -76.805  2.427 0.0000000000
12532  3.503  -76.654  2.114 0.0000000000
12546  14.777  -77.588  0.679 0.0000000000
12547  13.671  -76.574  0.437 0.0000000000
12548  12.460  -76.136  0.105 0.0000000000
12549  11.185  -75.981  -0.015 0.0000000000
12550  10.063  -76.057  0.274 0.0000000000
12551  9.149  -76.104  0.539 0.0000000000
12552  8.450  -76.318  0.844 0.0000000000
12553  7.935  -76.427  1.017 0.0000000000
12554  4.250  -77.327  1.778 0.0000000000
12555  3.516  -77.212  1.436 0.0000000000
12560  14.519  -77.926  -0.621 0.0000000000
12561  13.792  -77.106  -0.398 0.0000000000
12562  12.648  -76.780  -0.310 0.0000000000
12563  11.534  -76.633  -0.346 0.0000000000
12564  10.374  -76.713  -0.309 0.0000000000
12565  9.350  -76.628  -0.120 0.0000000000
12566  8.585  -76.706  0.177 0.0000000000
12567  7.794  -76.911  0.350 0.0000000000
12568  3.542  -77.756  0.810 0.0000000000
12569  3.068  -77.748  0.662 0.0000000000
12574  14.138  -78.143  -1.169 0.0000000000
12575  13.636  -77.696  -1.083 0.0000000000
12576  12.723  -77.285  -0.949 0.0000000000
12577  11.705  -77.123  -0.796 0.0000000000
12578  10.904  -77.072  -0.635 0.0000000000
12579  7.103  -77.418  -0.090 0.0000000000
12580  6.557  -77.466  -0.282 0.0000000000
12581  6.041  -77.380  -0.547 0.0000000000
12584  5.407  -77.344  -1.055 0.0000000000
13227  10.462  -75.856  10.568 0.0000000000
13228  9.491  -76.040  10.585 0.0000000000
13229  8.890  -75.998  10.477 0.0000000000
13241  11.940  -75.739  9.872 0.0000000000
13242  11.144  -76.587  10.217 0.0000000000
13243  9.916  -76.833  10.300 0.0000000000
13244  8.594  -76.681  9.846 0.0000000000
13245  7.749  -76.353  9.532 0.0000000000
13259  12.991  -75.752  8.789 0.0000000000
13260  12.490  -76.113  9.394 0.0000000000
13261  11.971  -76.705  9.765 0.0000000000
13262  8.234  -77.587  8.773 0.0000000000
13263  7.592  -76.815  8.985 0.0000000000
13275  13.652  -76.119  7.920 0.0000000000
13276  13.375  -75.951  8.338 0.0000000000
13277  7.929  -77.909  8.196 0.0000000000
13278  7.292  -77.254  7.815 0.0000000000
13279  6.842  -76.779  7.390 0.0000000000
13286  13.912  -75.939  7.350 0.0000000000
13287  7.067  -77.506  7.076 0.0000000000
13288  6.632  -76.919  6.774 0.0000000000
13289  5.765  -76.449  6.274 0.0000000000
13290  5.104  -76.090  6.000 0.0000000000
13294  14.257  -76.082  6.605 0.0000000000
13295  6.179  -76.872  5.804 0.0000000000
13296  5.467  -76.570  5.363 0.0000000000
13297  4.617  -75.984  5.298 0.0000000000
13298  3.958  -75.657  4.865 0.0000000000
13304  14.540  -75.982  5.304 0.0000000000
13305  4.990  -76.440  4.667 0.0000000000
13306  4.367  -76.098  4.304 0.0000000000
13307  3.835  -75.386  4.123 0.0000000000
13315  15.066  -76.564  3.566 0.0000000000
13316  14.866  -75.969  3.779 0.0000000000
13317  4.070  -75.866  3.622 0.0000000000
13318  3.617  -75.417  3.269 0.0000000000
13328  14.909  -76.588  2.899 0.0000000000
13329  14.132  -75.679  2.145 0.0000000000
13330  13.035  -75.245  1.379 0.0000000000
13331  11.857  -74.858  1.075 0.0000000000
13332  10.598  -74.950  1.260 0.0000000000
13333  9.593  -75.265  1.584 0.0000000000
13334  8.857  -75.418  1.770 0.0000000000
13335  3.992  -76.047  3.009 0.0000000000
13336  3.297  -76.019  2.564 0.0000000000
13354  14.434  -76.634  1.603 0.0000000000
13355  13.270  -76.017  1.122 0.0000000000
13356  12.123  -75.509  0.593 0.0000000000
13357  10.852  -75.399  0.585 0.0000000000
13358  9.833  -75.611  0.960 0.0000000000
13359  9.000  -75.751  1.227 0.0000000000
13360  8.181  -75.863  1.528 0.0000000000
13361  7.208  -76.344  1.120 0.0000000000
13362  6.537  -76.141  1.097 0.0000000000
13363  3.061  -76.575  2.058 0.0000000000
13368  6.896  -76.897  0.311 0.0000000000
13369  6.228  -76.341  0.521 0.0000000000
13370  5.653  -76.087  0.230 0.0000000000
13373  6.709  -77.228  -0.029 0.0000000000
13374  6.286  -77.010  -0.039 0.0000000000
13375  5.396  -76.472  -0.432 0.0000000000
14007  10.646  -75.170  10.501 0.0000000000
14008  10.067  -75.226  10.686 0.0000000000
14009  9.138  -75.334  10.788 0.0000000000
14010  8.339  -75.191  10.687 0.0000000000
14021  11.867  -75.004  9.745 0.0000000000
14022  11.302  -75.165  10.235 0.0000000000
14023  8.493  -75.803  10.418 0.0000000000
14024  7.710  -75.693  10.039 0.0000000000
14025  6.959  -75.460  9.537 0.0000000000
14033  12.910  -74.954  8.678 0.0000000000
14034  12.382  -74.982  9.221 0.0000000000
14035  7.233  -76.093  9.221 0.0000000000
14036  6.556  -75.681  8.782 0.0000000000
14037  6.029  -75.507  8.197 0.0000000000
14047  13.676  -75.567  7.551 0.0000000000
14048  13.354  -75.092  7.972 0.0000000000
14049  7.054  -76.400  8.458 0.0000000000
14050  6.534  -76.258  7.696 0.0000000000
14051  5.555  -75.631  7.541 0.0000000000
14052  4.821  -75.399  7.150 0.0000000000
14056  13.813  -75.179  6.993 0.0000000000
14057  13.534  -74.441  7.189 0.0000000000
14058  5.969  -76.220  6.984 0.0000000000
14059  5.252  -75.920  6.731 0.0000000000
14060  4.428  -75.452  6.319 0.0000000000
14061  3.789  -75.020  5.898 0.0000000000
14065  14.321  -74.860  5.798 0.0000000000
14066  4.012  -75.447  5.498 0.0000000000
14067  3.435  -74.881  4.971 0.0000000000
14068  3.057  -74.225  4.314 0.0000000000
14071  14.154  -74.571  4.175 0.0000000000
14072  13.492  -73.793  3.674 0.0000000000
14073  3.182  -74.626  3.761 0.0000000000
14074  2.991  -74.289  3.960 0.0000000000
14081  13.853  -74.924  2.739 0.0000000000
14082  13.105  -73.973  2.690 0.0000000000
14083  12.365  -73.719  2.314 0.0000000000
14084  8.746  -74.489  2.528 0.0000000000
14085  8.419  -74.571  2.576 0.0000000000
14086  2.789  -75.026  2.916 0.0000000000
14087  2.221  -74.785  2.771 0.0000000000
14096  13.557  -75.065  1.983 0.0000000000
14097  12.910  -74.627  1.846 0.0000000000
14098  11.706  -74.071  1.716 0.0000000000
14099  10.174  -74.547  1.848 0.0000000000
14100  9.168  -74.861  2.062 0.0000000000
14101  8.222  -75.103  2.223 0.0000000000
14102  7.196  -75.215  2.390 0.0000000000
14103  6.256  -75.107  2.452 0.0000000000
14104  5.706  -74.911  2.410 0.0000000000
14105  2.669  -75.595  2.523 0.0000000000
14124  8.004  -75.572  1.888 0.0000000000
14125  7.570  -75.699  1.857 0.0000000000
14126  6.520  -75.749  1.628 0.0000000000
14127  5.714  -75.227  1.824 0.0000000000
14134  6.237  -75.969  1.001 0.0000000000
14135  5.626  -75.626  0.775 0.0000000000
14136  4.951  -75.170  0.681 0.0000000000
14139  5.339  -75.911  0.098 0.0000000000
14140  4.664  -75.472  -0.123 0.0000000000
14787  8.944  -74.060  11.312 0.0000000000
14788  8.504  -74.088  11.290 0.0000000000
14797  10.743  -74.550  10.490 0.0000000000
14798  9.891  -74.526  10.871 0.0000000000
14799  8.932  -74.473  11.132 0.0000000000
14800  7.585  -74.568  10.770 0.0000000000
14801  6.721  -74.007  10.585 0.0000000000
14809  11.890  -74.249  9.675 0.0000000000
14810  11.341  -74.383  10.171 0.0000000000
14811  7.113  -75.108  10.006 0.0000000000
14812  6.253  -74.689  9.703 0.0000000000
14813  5.068  -74.155  9.340 0.0000000000
14814  4.496  -73.787  9.198 0.0000000000
14822  12.802  -74.127  8.544 0.0000000000
14823  12.353  -74.143  9.083 0.0000000000
14824  6.044  -75.194  8.742 0.0000000000
14825  5.279  -74.928  8.414 0.0000000000
14826  4.419  -74.120  8.604 0.0000000000
14837  13.280  -73.895  7.640 0.0000000000
14838  4.919  -75.168  7.650 0.0000000000
14839  4.157  -74.518  7.325 0.0000000000
14840  3.520  -73.764  6.785 0.0000000000
14847  13.847  -74.258  6.481 0.0000000000
14848  13.433  -73.784  6.868 0.0000000000
14849  3.943  -74.823  6.426 0.0000000000
14850  3.454  -74.204  6.068 0.0000000000
14853  14.077  -73.959  5.665 0.0000000000
14854  13.597  -73.442  6.089 0.0000000000
14855  3.108  -73.898  5.016 0.0000000000
14856  2.687  -73.734  4.422 0.0000000000
14859  14.113  -74.207  5.076 0.0000000000
14860  13.654  -73.470  4.710 0.0000000000
14861  2.718  -74.380  3.519 0.0000000000
14862  2.638  -74.089  3.851 0.0000000000
14866  12.850  -73.230  3.220 0.0000000000
14867  12.587  -73.554  2.647 0.0000000000
14868  8.866  -73.959  2.714 0.0000000000
14869  8.224  -74.110  2.811 0.0000000000
14870  7.400  -74.067  3.255 0.0000000000
14871  6.553  -74.038  3.539 0.0000000000
14872  5.949  -73.830  3.612 0.0000000000
14873  2.759  -74.553  3.315 0.0000000000
14874  2.224  -74.362  3.245 0.0000000000
14883  12.215  -73.094  2.817 0.0000000000
14884  11.956  -73.380  2.428 0.0000000000
14885  10.716  -73.735  2.125 0.0000000000
14886  9.541  -74.132  2.385 0.0000000000
14887  8.177  -74.601  2.618 0.0000000000
14888  7.700  -74.627  2.752 0.0000000000
14889  6.821  -74.646  3.001 0.0000000000
14890  5.721  -74.366  3.013 0.0000000000
14891  5.000  -74.116  2.484 0.0000000000
14909  5.285  -74.663  2.154 0.0000000000
14910  4.594  -74.234  1.759 0.0000000000
14925  5.092  -74.938  1.328 0.0000000000
15645  9.649  -73.510  11.363 0.0000000000
15646  9.116  -73.620  11.422 0.0000000000
15647  7.984  -73.542  11.465 0.0000000000
15648  7.200  -73.126  11.411 0.0000000000
15656  10.572  -73.909  10.704 0.0000000000
15657  9.875  -73.760  11.195 0.0000000000
15658  9.224  -73.997  11.296 0.0000000000
15659  7.176  -73.739  11.090 0.0000000000
15660  6.546  -73.239  10.963 0.0000000000
15661  5.967  -73.072  10.613 0.0000000000
15669  11.916  -73.527  9.651 0.0000000000
15670  11.378  -73.711  10.213 0.0000000000
15671  6.210  -73.697  10.350 0.0000000000
15672  5.519  -73.514  10.108 0.0000000000
15673  4.684  -73.391  9.674 0.0000000000
15682  12.679  -73.563  8.511 0.0000000000
15683  12.382  -73.363  8.842 0.0000000000
15684  4.052  -73.232  8.978 0.0000000000
15685  3.609  -72.887  8.222 0.0000000000
15696  12.880  -73.333  8.084 0.0000000000
15697  12.622  -72.600  7.747 0.0000000000
15698  3.896  -73.621  8.105 0.0000000000
15699  3.504  -73.177  7.317 0.0000000000
15708  12.950  -72.983  6.910 0.0000000000
15709  12.449  -72.249  6.942 0.0000000000
15710  3.236  -73.074  6.292 0.0000000000
15711  2.685  -72.704  5.658 0.0000000000
15714  13.106  -72.626  5.657 0.0000000000
15715  3.060  -73.379  5.564 0.0000000000
15716  2.480  -73.185  4.931 0.0000000000
15719  12.923  -72.389  4.265 0.0000000000
15720  6.692  -72.763  3.900 0.0000000000
15721  6.051  -72.761  4.142 0.0000000000
15722  5.686  -72.599  3.998 0.0000000000
15723  2.004  -73.425  4.139 0.0000000000
15724  1.250  -73.304  3.915 0.0000000000
15731  12.093  -72.660  3.002 0.0000000000
15732  11.433  -72.713  2.802 0.0000000000
15733  8.718  -73.343  3.030 0.0000000000
15734  7.853  -73.425  3.366 0.0000000000
15735  7.057  -73.438  3.680 0.0000000000
15736  6.286  -73.392  3.864 0.0000000000
15737  5.367  -73.193  3.490 0.0000000000
15738  4.612  -72.969  3.123 0.0000000000
15739  2.113  -73.889  3.656 0.0000000000
15740  1.637  -73.825  3.555 0.0000000000
15749  11.869  -73.061  2.693 0.0000000000
15750  11.211  -73.072  2.577 0.0000000000
15751  10.085  -73.409  2.480 0.0000000000
15752  9.287  -73.597  2.668 0.0000000000
15753  5.109  -73.788  2.895 0.0000000000
16459  10.536  -72.811  11.164 0.0000000000
16460  9.952  -73.044  11.382 0.0000000000
16461  8.765  -72.755  11.675 0.0000000000
16462  7.691  -72.498  11.642 0.0000000000
16463  6.823  -72.414  11.388 0.0000000000
16470  11.553  -72.743  10.257 0.0000000000
16471  10.979  -73.059  10.758 0.0000000000
16472  10.303  -73.341  11.151 0.0000000000
16473  6.172  -72.358  11.016 0.0000000000
16474  5.524  -72.413  10.594 0.0000000000
16475  4.877  -72.245  10.338 0.0000000000
16483  11.890  -72.874  9.786 0.0000000000
16484  11.462  -73.227  10.269 0.0000000000
16485  4.948  -72.864  10.209 0.0000000000
16486  4.406  -72.414  9.741 0.0000000000
16496  12.507  -72.170  8.390 0.0000000000
16497  3.676  -72.040  8.834 0.0000000000
16498  3.219  -72.211  7.763 0.0000000000
16507  12.354  -71.852  7.322 0.0000000000
16508  2.976  -72.127  6.737 0.0000000000
16509  2.405  -71.676  6.483 0.0000000000
16520  12.526  -72.144  6.289 0.0000000000
16521  12.227  -71.705  6.574 0.0000000000
16522  2.875  -72.439  6.137 0.0000000000
16523  2.384  -71.983  5.985 0.0000000000
16526  12.504  -71.743  5.457 0.0000000000
16527  12.246  -71.691  6.110 0.0000000000
16528  1.840  -72.350  5.179 0.0000000000
16529  1.131  -72.172  4.782 0.0000000000
16532  12.538  -71.693  4.498 0.0000000000
16533  7.036  -72.054  3.903 0.0000000000
16534  6.401  -72.050  4.155 0.0000000000
16535  5.870  -72.108  4.205 0.0000000000
16536  1.907  -72.931  4.675 0.0000000000
16537  1.454  -72.826  4.519 0.0000000000
16544  12.294  -71.908  3.631 0.0000000000
16545  11.323  -72.239  2.942 0.0000000000
16546  10.187  -72.218  2.823 0.0000000000
16547  9.137  -72.376  3.136 0.0000000000
16548  8.203  -72.614  3.443 0.0000000000
16549  7.405  -72.762  3.666 0.0000000000
16550  5.349  -72.237  3.898 0.0000000000
16560  11.120  -72.744  2.739 0.0000000000
16561  10.558  -72.807  2.661 0.0000000000
16562  9.592  -72.987  2.744 0.0000000000
17307  10.603  -72.150  11.217 0.0000000000
17308  9.479  -71.924  11.693 0.0000000000
17309  8.339  -71.683  11.677 0.0000000000
17310  7.191  -71.418  11.402 0.0000000000
17311  6.521  -71.810  11.238 0.0000000000
17319  12.410  -71.391  9.695 0.0000000000
17320  11.688  -72.137  10.202 0.0000000000
17321  11.144  -72.320  10.747 0.0000000000
17322  6.842  -70.785  11.179 0.0000000000
17323  6.106  -71.145  10.930 0.0000000000
17324  5.104  -71.551  10.483 0.0000000000
17325  4.639  -71.842  10.139 0.0000000000
17335  12.562  -71.446  9.261 0.0000000000
17336  12.454  -71.784  9.128 0.0000000000
17337  5.818  -70.437  10.630 0.0000000000
17338  5.309  -70.642  10.434 0.0000000000
17339  4.452  -71.166  9.738 0.0000000000
17349  12.555  -71.521  8.239 0.0000000000
17350  3.567  -70.949  8.976 0.0000000000
17351  2.746  -71.233  8.078 0.0000000000
17352  2.233  -70.826  7.447 0.0000000000
17361  12.411  -71.368  7.613 0.0000000000
17362  2.849  -71.716  7.380 0.0000000000
17363  2.378  -71.301  6.983 0.0000000000
17377  12.150  -71.166  6.855 0.0000000000
17378  1.957  -71.299  6.274 0.0000000000
17379  1.346  -71.135  5.975 0.0000000000
17380  0.849  -71.328  6.076 0.0000000000
17382  12.163  -71.208  5.498 0.0000000000
17383  12.029  -71.143  6.041 0.0000000000
17384  1.713  -71.633  5.720 0.0000000000
17385  1.217  -71.635  5.381 0.0000000000
17386  0.876  -71.866  5.250 0.0000000000
17389  12.318  -71.152  4.967 0.0000000000
17390  7.925  -71.078  3.755 0.0000000000
17391  7.523  -71.276  3.897 0.0000000000
17392  6.769  -71.248  4.260 0.0000000000
17393  6.060  -71.223  4.451 0.0000000000
17394  5.356  -70.833  4.404 0.0000000000
17402  12.390  -71.138  4.117 0.0000000000
17403  11.842  -71.279  3.379 0.0000000000
17404  10.908  -71.331  2.947 0.0000000000
17405  9.750  -71.358  3.006 0.0000000000
17406  8.435  -71.360  3.489 0.0000000000
17407  7.683  -72.058  3.673 0.0000000000
17408  5.535  -71.606  4.233 0.0000000000
18248  11.377  -70.680  10.713 0.0000000000
18249  10.999  -70.971  10.925 0.0000000000
18250  10.072  -70.950  11.446 0.0000000000
18251  8.976  -70.828  11.530 0.0000000000
18252  8.018  -70.738  11.453 0.0000000000
18263  13.539  -70.133  9.631 0.0000000000
18264  12.949  -70.617  9.875 0.0000000000
18265  11.816  -70.874  10.454 0.0000000000
18266  11.240  -71.730  10.719 0.0000000000
18267  7.372  -70.450  11.281 0.0000000000
18268  6.776  -70.197  11.085 0.0000000000
18276  13.438  -70.369  9.086 0.0000000000
18277  12.758  -71.063  8.938 0.0000000000
18278  12.635  -71.290  8.383 0.0000000000
18279  6.187  -70.061  10.746 0.0000000000
18280  5.678  -69.902  10.407 0.0000000000
18281  4.954  -69.841  9.924 0.0000000000
18291  13.235  -70.537  8.083 0.0000000000
18292  12.734  -70.922  7.900 0.0000000000
18293  12.532  -71.128  7.824 0.0000000000
18294  4.124  -70.077  9.211 0.0000000000
18295  3.045  -70.124  8.654 0.0000000000
18296  2.046  -70.105  7.725 0.0000000000
18297  1.637  -69.515  7.249 0.0000000000
18306  13.095  -70.303  7.436 0.0000000000
18307  12.774  -70.443  7.373 0.0000000000
18308  12.387  -70.619  7.160 0.0000000000
18309  1.929  -70.610  6.972 0.0000000000
18310  1.378  -69.936  6.917 0.0000000000
18311  0.921  -70.376  6.925 0.0000000000
18325  11.948  -70.394  6.427 0.0000000000
18326  1.958  -70.964  6.634 0.0000000000
18327  1.545  -70.784  6.535 0.0000000000
18328  1.156  -70.705  6.471 0.0000000000
18331  11.989  -70.716  5.421 0.0000000000
18332  11.734  -70.378  5.853 0.0000000000
18333  6.169  -69.705  4.625 0.0000000000
18334  5.832  -69.399  4.685 0.0000000000
18339  12.106  -70.356  4.651 0.0000000000
18340  11.780  -70.042  5.332 0.0000000000
18341  7.938  -70.527  3.870 0.0000000000
18342  7.189  -70.409  4.316 0.0000000000
18343  6.458  -70.287  4.529 0.0000000000
18344  5.872  -70.192  4.604 0.0000000000
18351  12.090  -70.489  3.797 0.0000000000
18352  11.491  -70.476  3.355 0.0000000000
18353  10.567  -70.343  3.032 0.0000000000
18354  9.421  -70.357  3.189 0.0000000000
18355  8.628  -70.295  3.524 0.0000000000
19182  11.382  -70.149  10.782 0.0000000000
19183  10.590  -70.114  11.085 0.0000000000
19184  9.561  -69.738  11.277 0.0000000000
19185  8.447  -70.006  11.344 0.0000000000
19186  7.853  -70.157  11.337 0.0000000000
19198  14.298  -69.122  9.697 0.0000000000
19199  13.593  -69.705  10.073 0.0000000000
19200  12.542  -69.934  10.408 0.0000000000
19201  11.897  -70.062  10.595 0.0000000000
19202  9.332  -68.979  11.197 0.0000000000
19203  8.696  -69.166  11.232 0.0000000000
19204  7.629  -69.534  11.230 0.0000000000
19205  6.730  -69.379  10.867 0.0000000000
19215  14.580  -69.095  9.275 0.0000000000
19216  14.096  -69.664  9.306 0.0000000000
19217  6.194  -69.399  10.458 0.0000000000
19218  5.694  -69.126  10.047 0.0000000000
19219  5.170  -69.188  9.717 0.0000000000
19231  16.642  -69.051  8.189 0.0000000000
19232  16.138  -69.024  8.298 0.0000000000
19233  14.963  -69.045  8.659 0.0000000000
19234  13.995  -69.861  8.439 0.0000000000
19235  5.337  -68.780  9.628 0.0000000000
19236  4.785  -69.114  9.277 0.0000000000
19237  3.747  -69.159  8.843 0.0000000000
19238  2.665  -69.102  8.167 0.0000000000
19239  1.882  -69.263  7.617 0.0000000000
19250  18.077  -69.331  7.059 0.0000000000
19251  17.728  -69.338  7.284 0.0000000000
19252  16.830  -69.294  7.782 0.0000000000
19253  15.668  -69.419  7.751 0.0000000000
19254  14.628  -69.610  7.739 0.0000000000
19255  13.635  -69.978  7.466 0.0000000000
19256  12.952  -69.999  7.028 0.0000000000
19257  12.540  -70.076  6.873 0.0000000000
19258  2.033  -68.682  7.684 0.0000000000
19259  1.444  -68.876  7.156 0.0000000000
19260  0.758  -69.073  7.427 0.0000000000
19276  17.973  -69.499  6.778 0.0000000000
19277  17.221  -69.565  6.777 0.0000000000
19278  16.237  -69.584  6.885 0.0000000000
19279  15.151  -69.539  6.861 0.0000000000
19280  14.141  -69.533  6.907 0.0000000000
19281  13.297  -69.510  6.747 0.0000000000
19282  12.641  -69.500  6.620 0.0000000000
19283  12.137  -69.644  6.539 0.0000000000
19295  17.746  -69.613  6.002 0.0000000000
19296  16.781  -69.540  5.885 0.0000000000
19297  15.793  -69.456  6.124 0.0000000000
19298  15.095  -69.294  6.114 0.0000000000
19299  11.682  -69.532  5.881 0.0000000000
19300  6.528  -68.907  4.574 0.0000000000
19301  6.204  -69.052  4.660 0.0000000000
19302  5.799  -68.735  4.759 0.0000000000
19309  17.831  -69.424  5.209 0.0000000000
19310  17.350  -69.451  5.437 0.0000000000
19311  11.959  -69.844  4.071 0.0000000000
19312  11.757  -69.234  4.760 0.0000000000
19313  7.660  -69.412  4.127 0.0000000000
19314  6.742  -69.498  4.513 0.0000000000
19315  6.408  -69.626  4.577 0.0000000000
19324  11.780  -70.044  3.695 0.0000000000
19325  11.330  -69.459  3.692 0.0000000000
19326  10.178  -69.330  3.266 0.0000000000
19327  9.107  -69.471  3.383 0.0000000000
19328  8.354  -69.704  3.713 0.0000000000
20108  11.440  -69.645  10.769 0.0000000000
20109  11.101  -69.539  10.890 0.0000000000
20110  10.427  -69.348  11.065 0.0000000000
20115  14.370  -68.701  9.742 0.0000000000
20116  13.951  -68.811  10.068 0.0000000000
20117  13.104  -68.970  10.456 0.0000000000
20118  11.870  -69.239  10.735 0.0000000000
20119  10.944  -68.744  10.941 0.0000000000
20120  9.970  -68.654  11.147 0.0000000000
20121  9.110  -68.410  11.211 0.0000000000
20122  8.098  -68.436  11.192 0.0000000000
20123  7.229  -68.760  11.012 0.0000000000
20127  15.366  -68.278  9.195 0.0000000000
20128  14.909  -68.525  9.352 0.0000000000
20129  7.391  -68.159  10.882 0.0000000000
20130  6.627  -68.533  10.422 0.0000000000
20131  5.872  -68.288  9.830 0.0000000000
20137  17.333  -68.637  8.222 0.0000000000
20138  16.887  -68.747  8.321 0.0000000000
20139  15.795  -68.428  8.944 0.0000000000
20140  15.224  -68.675  8.993 0.0000000000
20141  5.262  -68.257  9.322 0.0000000000
20142  4.481  -68.292  8.889 0.0000000000
20143  3.529  -68.246  8.428 0.0000000000
20144  2.648  -68.126  7.897 0.0000000000
20152  18.755  -68.813  6.705 0.0000000000
20153  18.402  -69.039  7.017 0.0000000000
20154  17.665  -68.783  7.925 0.0000000000
20155  17.159  -69.005  8.070 0.0000000000
20156  1.801  -68.032  7.503 0.0000000000
20157  1.064  -67.950  6.938 0.0000000000
20158  0.735  -67.727  7.704 0.0000000000
20167  18.886  -68.880  6.320 0.0000000000
20168  18.368  -69.372  6.364 0.0000000000
20169  14.453  -69.252  6.260 0.0000000000
20170  13.671  -69.088  6.300 0.0000000000
20171  12.894  -68.843  6.302 0.0000000000
20172  12.287  -68.886  6.379 0.0000000000
20173  11.747  -68.752  6.256 0.0000000000
20184  19.196  -68.844  5.454 0.0000000000
20185  18.494  -69.338  5.630 0.0000000000
20186  16.132  -69.265  5.390 0.0000000000
20187  15.364  -69.175  5.515 0.0000000000
20188  14.683  -68.997  5.668 0.0000000000
20189  14.011  -68.711  5.711 0.0000000000
20190  13.343  -68.561  5.933 0.0000000000
20191  11.543  -68.476  5.528 0.0000000000
20192  6.484  -68.339  4.608 0.0000000000
20193  6.012  -68.211  4.765 0.0000000000
20201  19.319  -68.743  4.739 0.0000000000
20202  18.421  -68.996  4.538 0.0000000000
20203  16.983  -69.033  4.677 0.0000000000
20204  15.735  -68.849  4.834 0.0000000000
20205  14.849  -68.738  5.068 0.0000000000
20206  14.397  -68.656  5.356 0.0000000000
20207  11.245  -68.034  4.664 0.0000000000
20208  10.852  -67.760  4.308 0.0000000000
20209  7.945  -68.212  4.076 0.0000000000
20210  7.039  -68.668  4.431 0.0000000000
20221  18.026  -68.632  3.862 0.0000000000
20222  17.669  -68.833  4.091 0.0000000000
20223  11.362  -68.680  4.207 0.0000000000
20224  10.755  -68.279  3.839 0.0000000000
20225  9.639  -68.463  3.452 0.0000000000
20226  8.557  -68.798  3.631 0.0000000000
20998  14.339  -68.325  9.824 0.0000000000
20999  13.751  -67.883  10.165 0.0000000000
21000  12.669  -68.067  10.612 0.0000000000
21001  11.654  -67.966  10.798 0.0000000000
21002  10.681  -67.790  10.940 0.0000000000
21003  9.741  -67.671  11.123 0.0000000000
21004  8.801  -67.596  11.193 0.0000000000
21005  7.927  -67.573  11.041 0.0000000000
21008  15.426  -67.920  9.354 0.0000000000
21009  14.709  -67.679  9.762 0.0000000000
21010  14.220  -67.248  9.905 0.0000000000
21011  7.244  -67.576  10.607 0.0000000000
21012  6.548  -67.530  10.092 0.0000000000
21013  5.754  -67.467  9.652 0.0000000000
21018  17.416  -68.270  8.344 0.0000000000
21019  16.852  -67.905  8.780 0.0000000000
21020  16.120  -67.428  9.070 0.0000000000
21021  5.066  -67.455  9.112 0.0000000000
21022  4.218  -67.420  8.717 0.0000000000
21023  3.355  -67.349  8.200 0.0000000000
21024  2.416  -67.270  7.823 0.0000000000
21032  18.968  -68.510  6.808 0.0000000000
21033  18.556  -68.249  7.456 0.0000000000
21034  18.043  -67.801  8.054 0.0000000000
21035  1.568  -67.246  7.491 0.0000000000
21036  0.968  -67.120  7.373 0.0000000000
21037  0.752  -66.822  7.832 0.0000000000
21041  20.433  -67.742  5.879 0.0000000000
21042  19.874  -68.151  6.229 0.0000000000
21043  12.464  -68.462  6.228 0.0000000000
21044  12.078  -68.208  6.259 0.0000000000
21045  11.527  -68.006  6.043 0.0000000000
21054  20.959  -67.499  4.862 0.0000000000
21055  20.511  -67.915  5.292 0.0000000000
21056  19.858  -68.537  5.218 0.0000000000
21057  13.491  -68.224  5.523 0.0000000000
21058  12.708  -68.004  5.771 0.0000000000
21059  11.958  -67.598  5.863 0.0000000000
21060  11.417  -67.519  5.219 0.0000000000
21061  11.098  -67.049  4.904 0.0000000000
21062  6.387  -67.547  4.668 0.0000000000
21063  5.865  -67.468  4.799 0.0000000000
21075  21.150  -67.292  4.286 0.0000000000
21076  20.577  -67.779  4.253 0.0000000000
21077  19.797  -68.346  4.318 0.0000000000
21078  19.072  -68.574  4.278 0.0000000000
21079  16.624  -68.391  4.075 0.0000000000
21080  16.054  -68.376  4.287 0.0000000000
21081  15.129  -68.138  4.412 0.0000000000
21082  14.138  -68.136  5.015 0.0000000000
21083  13.348  -67.721  5.209 0.0000000000
21084  11.119  -67.571  4.859 0.0000000000
21085  10.735  -67.269  4.499 0.0000000000
21086  9.593  -66.955  3.929 0.0000000000
21087  8.403  -67.186  4.130 0.0000000000
21088  7.237  -67.592  4.448 0.0000000000
21097  21.207  -66.918  3.761 0.0000000000
21098  20.660  -67.276  3.583 0.0000000000
21099  19.827  -67.641  3.475 0.0000000000
21100  18.654  -68.103  3.619 0.0000000000
21101  17.271  -68.145  3.730 0.0000000000
21102  16.235  -67.830  3.892 0.0000000000
21103  15.678  -67.881  4.073 0.0000000000
21104  10.636  -67.664  4.109 0.0000000000
21105  10.136  -67.592  3.750 0.0000000000
21106  9.016  -67.776  3.711 0.0000000000
21879  13.142  -67.235  10.456 0.0000000000
21880  12.350  -67.094  10.640 0.0000000000
21881  11.391  -66.921  10.766 0.0000000000
21882  10.409  -66.832  10.960 0.0000000000
21883  9.447  -66.773  11.128 0.0000000000
21884  8.487  -66.743  11.067 0.0000000000
21885  7.760  -66.988  10.825 0.0000000000
21892  15.449  -67.039  9.484 0.0000000000
21893  14.692  -66.732  9.821 0.0000000000
21894  13.783  -66.688  10.045 0.0000000000
21895  7.970  -66.391  10.816 0.0000000000
21896  7.262  -66.621  10.437 0.0000000000
21897  6.381  -66.592  9.906 0.0000000000
21898  5.540  -66.590  9.535 0.0000000000
21905  17.485  -67.482  8.436 0.0000000000
21906  16.937  -66.812  8.612 0.0000000000
21907  16.101  -66.426  8.978 0.0000000000
21908  4.832  -66.590  9.044 0.0000000000
21909  4.020  -66.527  8.622 0.0000000000
21910  3.141  -66.438  8.145 0.0000000000
21911  2.100  -66.356  7.851 0.0000000000
21912  1.375  -65.962  7.765 0.0000000000
21913  0.781  -66.000  8.194 0.0000000000
21919  19.232  -67.851  7.078 0.0000000000
21920  18.683  -67.278  7.474 0.0000000000
21921  17.867  -66.622  7.950 0.0000000000
21922  17.104  -66.093  8.017 0.0000000000
21923  1.342  -66.641  7.583 0.0000000000
21924  0.948  -66.485  7.680 0.0000000000
21925  0.800  -66.432  7.863 0.0000000000
21929  21.842  -66.248  5.771 0.0000000000
21930  21.544  -66.445  5.778 0.0000000000
21931  20.794  -67.108  6.058 0.0000000000
21932  19.622  -66.858  6.908 0.0000000000
21933  18.577  -66.320  7.154 0.0000000000
21934  17.910  -65.934  7.252 0.0000000000
21937  21.988  -66.377  5.479 0.0000000000
21938  21.468  -66.991  5.104 0.0000000000
21939  20.967  -67.401  5.345 0.0000000000
21940  12.314  -67.421  5.527 0.0000000000
21941  11.935  -67.092  5.335 0.0000000000
21942  11.382  -66.810  4.989 0.0000000000
21943  10.893  -66.692  4.704 0.0000000000
21944  6.247  -66.892  4.726 0.0000000000
21945  5.780  -66.683  4.851 0.0000000000
21955  22.160  -66.374  4.602 0.0000000000
21956  21.554  -66.816  4.273 0.0000000000
21957  14.439  -67.533  4.358 0.0000000000
21958  13.678  -67.333  4.664 0.0000000000
21959  12.766  -66.987  4.970 0.0000000000
21960  11.866  -66.464  4.906 0.0000000000
21961  11.036  -66.091  4.734 0.0000000000
21962  10.184  -66.337  4.245 0.0000000000
21963  8.935  -66.341  4.201 0.0000000000
21964  7.831  -66.548  4.404 0.0000000000
21965  6.898  -66.736  4.603 0.0000000000
21975  22.365  -65.859  3.841 0.0000000000
21976  21.622  -66.314  3.603 0.0000000000
21977  20.761  -66.568  3.253 0.0000000000
21978  19.969  -66.820  3.102 0.0000000000
21979  18.930  -66.789  2.930 0.0000000000
21980  17.632  -66.858  3.006 0.0000000000
21981  16.454  -67.069  3.445 0.0000000000
21982  15.290  -67.168  3.851 0.0000000000
21983  14.073  -66.824  4.064 0.0000000000
21984  13.442  -66.766  4.462 0.0000000000
21992  18.510  -66.145  2.780 0.0000000000
21993  18.227  -66.393  2.805 0.0000000000
22839  13.004  -66.470  10.460 0.0000000000
22840  12.197  -65.960  10.531 0.0000000000
22841  11.054  -65.948  10.695 0.0000000000
22842  10.078  -65.919  10.991 0.0000000000
22843  9.125  -65.889  11.013 0.0000000000
22844  8.448  -66.014  10.895 0.0000000000
22851  15.354  -66.027  9.412 0.0000000000
22852  14.442  -65.748  9.765 0.0000000000
22853  13.351  -65.497  10.072 0.0000000000
22854  12.519  -64.933  10.194 0.0000000000
22855  8.701  -65.467  10.797 0.0000000000
22856  7.982  -65.602  10.594 0.0000000000
22857  7.034  -65.631  10.092 0.0000000000
22858  6.163  -65.675  9.617 0.0000000000
22859  5.379  -65.747  9.296 0.0000000000
22868  16.606  -65.952  8.415 0.0000000000
22869  15.901  -65.425  8.545 0.0000000000
22870  4.723  -65.726  8.914 0.0000000000
22871  3.918  -65.576  8.505 0.0000000000
22872  2.998  -65.486  8.047 0.0000000000
22873  2.104  -65.313  7.905 0.0000000000
22874  1.371  -65.089  7.951 0.0000000000
22880  17.422  -65.820  7.559 0.0000000000
22881  16.621  -65.339  7.511 0.0000000000
22882  15.841  -64.918  7.775 0.0000000000
22887  21.897  -65.828  5.941 0.0000000000
22888  21.138  -65.982  6.176 0.0000000000
22889  20.217  -65.692  6.433 0.0000000000
22890  19.117  -65.684  6.644 0.0000000000
22891  18.207  -65.571  6.685 0.0000000000
22892  17.400  -65.433  6.845 0.0000000000
22893  16.832  -65.116  6.561 0.0000000000
22898  24.178  -64.859  5.013 0.0000000000
22899  23.495  -65.358  5.307 0.0000000000
22900  22.662  -65.940  5.439 0.0000000000
22901  19.948  -64.917  6.273 0.0000000000
22902  19.353  -64.981  6.141 0.0000000000
22903  18.492  -65.120  5.966 0.0000000000
22904  17.634  -65.150  6.093 0.0000000000
22905  17.149  -65.126  6.273 0.0000000000
22906  6.531  -65.952  4.781 0.0000000000
22907  5.635  -65.864  4.978 0.0000000000
22914  24.140  -64.803  4.526 0.0000000000
22915  23.734  -65.099  4.292 0.0000000000
22916  22.919  -65.679  4.515 0.0000000000
22917  12.376  -66.130  4.569 0.0000000000
22918  11.720  -65.807  4.506 0.0000000000
22919  11.166  -65.400  4.206 0.0000000000
22920  10.390  -65.598  4.211 0.0000000000
22921  9.387  -65.617  4.169 0.0000000000
22922  8.279  -65.674  4.384 0.0000000000
22923  7.382  -65.958  4.578 0.0000000000
22928  23.498  -64.870  3.679 0.0000000000
22929  22.925  -65.215  3.626 0.0000000000
22930  21.833  -65.243  3.143 0.0000000000
22931  20.881  -65.753  3.006 0.0000000000
22932  20.038  -66.081  2.900 0.0000000000
22933  19.494  -66.346  2.880 0.0000000000
22934  17.218  -66.048  2.904 0.0000000000
22935  16.616  -66.174  3.088 0.0000000000
22936  15.689  -66.222  3.318 0.0000000000
22937  14.595  -65.902  3.452 0.0000000000
22938  13.309  -65.985  4.137 0.0000000000
22939  12.237  -65.514  4.103 0.0000000000
22940  11.653  -65.399  4.122 0.0000000000
22947  21.453  -64.700  2.713 0.0000000000
22948  20.936  -64.942  2.667 0.0000000000
22949  20.060  -65.241  2.621 0.0000000000
22950  19.034  -65.674  2.762 0.0000000000
22951  17.839  -65.730  2.747 0.0000000000
22952  16.793  -65.438  2.840 0.0000000000
22953  15.884  -65.463  3.007 0.0000000000
22954  15.252  -65.601  3.142 0.0000000000
23824  11.619  -65.022  10.406 0.0000000000
23825  10.619  -65.068  10.572 0.0000000000
23826  9.663  -65.140  10.789 0.0000000000
23827  9.093  -65.265  10.810 0.0000000000
23836  15.054  -65.036  9.115 0.0000000000
23837  14.155  -64.708  9.482 0.0000000000
23838  13.215  -64.157  9.636 0.0000000000
23839  12.118  -64.183  9.991 0.0000000000
23840  11.156  -64.181  10.194 0.0000000000
23841  10.130  -64.238  10.418 0.0000000000
23842  8.917  -64.645  10.478 0.0000000000
23843  7.720  -64.597  10.131 0.0000000000
23844  6.754  -64.722  9.702 0.0000000000
23845  5.930  -64.788  9.134 0.0000000000
23846  5.260  -65.236  9.020 0.0000000000
23856  15.365  -64.633  8.267 0.0000000000
23857  14.610  -64.136  8.575 0.0000000000
23858  13.920  -64.094  9.093 0.0000000000
23859  5.722  -64.197  8.816 0.0000000000
23860  4.940  -64.672  8.701 0.0000000000
23861  3.836  -64.634  8.197 0.0000000000
23862  2.885  -64.541  7.901 0.0000000000
23863  2.037  -64.383  7.927 0.0000000000
23864  1.443  -64.220  8.204 0.0000000000
23871  15.969  -64.793  7.162 0.0000000000
23872  15.430  -64.347  7.428 0.0000000000
23873  15.109  -64.190  7.982 0.0000000000
23879  24.536  -63.968  5.814 0.0000000000
23880  24.282  -63.903  6.000 0.0000000000
23881  21.823  -65.166  6.051 0.0000000000
23882  21.316  -65.308  6.160 0.0000000000
23883  20.831  -65.432  6.250 0.0000000000
23884  16.314  -64.839  6.577 0.0000000000
23885  15.726  -64.466  6.560 0.0000000000
23896  24.624  -64.282  5.306 0.0000000000
23897  23.891  -64.362  5.886 0.0000000000
23898  22.504  -64.851  5.960 0.0000000000
23899  21.511  -64.671  6.105 0.0000000000
23900  20.580  -64.796  6.201 0.0000000000
23901  19.652  -64.422  5.979 0.0000000000
23902  18.696  -64.222  5.582 0.0000000000
23903  17.860  -64.576  5.445 0.0000000000
23904  16.790  -64.662  5.757 0.0000000000
23905  16.051  -64.565  6.039 0.0000000000
23906  6.711  -65.221  4.753 0.0000000000
23907  6.166  -65.202  4.843 0.0000000000
23922  24.435  -64.483  4.613 0.0000000000
23923  24.160  -64.661  4.236 0.0000000000
23924  18.480  -63.862  5.186 0.0000000000
23925  18.199  -63.965  4.977 0.0000000000
23926  17.342  -64.079  4.879 0.0000000000
23927  11.141  -65.108  3.937 0.0000000000
23928  10.743  -65.085  3.900 0.0000000000
23929  9.840  -65.004  3.844 0.0000000000
23930  8.751  -64.731  4.134 0.0000000000
23931  7.427  -64.970  4.600 0.0000000000
23945  24.424  -64.268  4.118 0.0000000000
23946  23.932  -64.460  3.729 0.0000000000
23947  23.191  -64.437  3.297 0.0000000000
23948  22.500  -64.684  3.136 0.0000000000
23949  14.456  -65.302  3.216 0.0000000000
23950  13.936  -65.214  3.343 0.0000000000
23951  12.856  -64.976  3.534 0.0000000000
23952  11.526  -64.800  3.618 0.0000000000
23953  10.423  -64.455  3.498 0.0000000000
23954  9.506  -64.140  3.598 0.0000000000
23955  8.795  -63.808  3.787 0.0000000000
23969  22.601  -64.133  2.950 0.0000000000
23970  21.944  -64.341  2.652 0.0000000000
23971  21.104  -64.229  2.470 0.0000000000
23972  20.236  -64.314  2.477 0.0000000000
23973  19.255  -64.471  2.602 0.0000000000
23974  18.190  -64.619  2.599 0.0000000000
23975  17.127  -64.631  2.646 0.0000000000
23976  16.088  -64.604  2.709 0.0000000000
23977  14.829  -64.828  2.887 0.0000000000
23978  13.588  -64.333  2.893 0.0000000000
23979  12.491  -64.157  2.914 0.0000000000
23980  11.675  -63.902  2.839 0.0000000000
24858  13.073  -63.478  9.224 0.0000000000
24859  12.477  -63.513  9.500 0.0000000000
24860  11.642  -63.498  9.715 0.0000000000
24861  10.743  -63.297  9.726 0.0000000000
24862  9.620  -63.511  9.952 0.0000000000
24863  8.488  -63.594  9.899 0.0000000000
24864  7.285  -63.593  9.511 0.0000000000
24865  6.565  -64.193  9.368 0.0000000000
24874  19.156  -62.940  8.410 0.0000000000
24877  14.346  -63.633  8.081 0.0000000000
24878  13.682  -63.452  8.608 0.0000000000
24879  12.752  -63.117  8.852 0.0000000000
24880  11.910  -63.097  9.100 0.0000000000
24881  11.340  -63.121  9.351 0.0000000000
24882  6.930  -63.137  8.972 0.0000000000
24883  6.375  -63.757  8.967 0.0000000000
24884  5.601  -63.575  8.472 0.0000000000
24885  4.640  -63.802  8.095 0.0000000000
24886  3.668  -63.736  7.846 0.0000000000
24887  2.719  -63.613  7.771 0.0000000000
24888  1.877  -63.492  7.908 0.0000000000
24898  18.994  -63.276  8.049 0.0000000000
24899  18.421  -63.276  7.865 0.0000000000
24901  15.160  -64.100  7.257 0.0000000000
24902  14.852  -63.885  7.533 0.0000000000
24903  14.046  -63.382  7.485 0.0000000000
24904  5.204  -63.086  7.963 0.0000000000
24905  4.444  -62.933  7.780 0.0000000000
24906  3.473  -62.802  7.638 0.0000000000
24907  2.509  -62.694  7.662 0.0000000000
24918  24.695  -63.752  5.788 0.0000000000
24919  24.500  -63.716  5.951 0.0000000000
24920  22.416  -63.171  6.477 0.0000000000
24921  22.127  -63.283  6.474 0.0000000000
24922  18.942  -63.342  7.563 0.0000000000
24923  18.523  -63.179  7.248 0.0000000000
24924  15.195  -64.108  6.791 0.0000000000
24925  14.625  -63.672  6.548 0.0000000000
24926  13.814  -63.195  6.457 0.0000000000
24935  25.304  -63.162  5.355 0.0000000000
24936  24.888  -63.537  5.627 0.0000000000
24937  24.044  -63.477  6.105 0.0000000000
24938  22.816  -63.487  6.295 0.0000000000
24939  21.779  -63.855  6.225 0.0000000000
24940  20.981  -64.041  6.072 0.0000000000
24941  20.128  -64.013  6.106 0.0000000000
24942  19.179  -63.766  5.821 0.0000000000
24943  16.584  -64.063  5.061 0.0000000000
24944  15.570  -63.993  5.474 0.0000000000
24945  14.380  -63.350  5.601 0.0000000000
24946  13.699  -62.923  5.684 0.0000000000
24947  6.650  -64.709  4.675 0.0000000000
24948  5.981  -64.377  4.656 0.0000000000
24958  25.388  -63.213  4.899 0.0000000000
24959  24.897  -63.876  4.556 0.0000000000
24960  18.547  -63.536  5.144 0.0000000000
24961  17.854  -63.330  4.701 0.0000000000
24962  16.735  -63.311  4.585 0.0000000000
24963  15.767  -62.974  4.558 0.0000000000
24964  7.991  -63.918  4.039 0.0000000000
24965  6.841  -63.731  4.242 0.0000000000
24973  25.198  -63.139  4.003 0.0000000000
24974  24.491  -63.682  3.615 0.0000000000
24975  23.701  -63.826  3.221 0.0000000000
24976  23.037  -63.662  3.010 0.0000000000
24977  10.912  -63.858  3.035 0.0000000000
24978  10.091  -63.603  3.186 0.0000000000
24979  9.283  -63.051  3.258 0.0000000000
24980  8.433  -63.189  3.667 0.0000000000
24985  22.400  -63.567  2.541 0.0000000000
24986  21.510  -63.520  2.311 0.0000000000
24987  20.561  -63.474  2.320 0.0000000000
24988  19.570  -63.493  2.413 0.0000000000
24989  18.495  -63.543  2.494 0.0000000000
24990  17.424  -63.665  2.488 0.0000000000
24991  16.461  -63.759  2.504 0.0000000000
24992  15.444  -63.542  2.395 0.0000000000
24993  14.280  -63.398  2.334 0.0000000000
24994  13.127  -63.477  2.373 0.0000000000
25010  14.903  -63.097  2.180 0.0000000000
25893  10.667  -62.969  9.281 0.0000000000
25894  10.215  -62.890  9.323 0.0000000000
25895  9.227  -62.808  9.332 0.0000000000
25896  8.265  -62.849  9.277 0.0000000000
25912  20.006  -61.891  8.058 0.0000000000
25913  19.505  -62.135  8.723 0.0000000000
25918  13.580  -63.079  7.882 0.0000000000
25919  13.082  -62.821  8.105 0.0000000000
25920  12.181  -62.702  8.340 0.0000000000
25921  11.036  -62.736  8.777 0.0000000000
25922  9.943  -62.435  8.541 0.0000000000
25923  8.827  -62.305  8.372 0.0000000000
25924  7.602  -62.532  8.698 0.0000000000
25925  6.556  -62.851  8.472 0.0000000000
25926  5.869  -62.813  8.010 0.0000000000
25939  22.120  -62.248  7.069 0.0000000000
25940  21.613  -62.397  7.120 0.0000000000
25941  20.442  -62.369  7.502 0.0000000000
25942  19.529  -63.046  7.779 0.0000000000
25943  18.028  -62.977  7.400 0.0000000000
25947  13.345  -62.943  7.262 0.0000000000
25948  12.570  -62.579  7.379 0.0000000000
25949  11.619  -62.407  7.591 0.0000000000
25950  10.590  -62.267  7.478 0.0000000000
25951  9.680  -62.179  7.710 0.0000000000
25952  9.133  -62.072  7.633 0.0000000000
25953  7.151  -62.187  8.108 0.0000000000
25954  6.435  -62.128  7.854 0.0000000000
25955  5.388  -62.200  7.664 0.0000000000
25956  4.316  -61.992  7.439 0.0000000000
25957  3.266  -61.843  7.488 0.0000000000
25969  22.892  -62.221  6.497 0.0000000000
25970  22.301  -62.746  6.703 0.0000000000
25971  21.296  -63.171  6.735 0.0000000000
25972  20.156  -63.330  7.046 0.0000000000
25973  19.047  -63.390  6.900 0.0000000000
25974  18.084  -62.713  6.668 0.0000000000
25975  17.302  -61.987  6.562 0.0000000000
25976  16.831  -61.538  6.416 0.0000000000
25977  13.030  -62.546  6.230 0.0000000000
25978  12.076  -62.349  6.642 0.0000000000
25979  11.173  -62.240  6.802 0.0000000000
25980  10.726  -62.187  6.865 0.0000000000
25989  26.170  -61.951  5.049 0.0000000000
25990  25.457  -62.571  5.522 0.0000000000
25991  24.349  -62.570  6.030 0.0000000000
25992  23.410  -62.692  6.279 0.0000000000
25993  22.857  -62.797  6.421 0.0000000000
25994  21.182  -63.652  6.360 0.0000000000
25995  20.594  -63.644  6.468 0.0000000000
25996  19.631  -63.565  6.346 0.0000000000
25997  18.582  -62.957  5.718 0.0000000000
25998  17.648  -61.959  5.760 0.0000000000
25999  17.231  -61.668  6.092 0.0000000000
26000  14.839  -63.037  4.722 0.0000000000
26001  14.030  -62.798  5.009 0.0000000000
26002  13.442  -62.452  5.245 0.0000000000
26010  26.177  -61.881  4.519 0.0000000000
26011  25.797  -62.458  4.341 0.0000000000
26012  18.327  -62.931  4.884 0.0000000000
26013  17.623  -62.312  4.807 0.0000000000
26014  16.364  -62.198  4.585 0.0000000000
26015  15.321  -62.148  4.454 0.0000000000
26016  14.368  -62.215  4.602 0.0000000000
26017  13.812  -62.298  4.800 0.0000000000
26018  7.677  -62.958  3.782 0.0000000000
26028  25.461  -62.634  3.599 0.0000000000
26029  24.849  -62.738  3.124 0.0000000000
26030  23.962  -63.157  3.009 0.0000000000
26031  23.448  -63.373  2.958 0.0000000000
26050  16.068  -63.204  2.345 0.0000000000
27067  19.831  -61.501  8.273 0.0000000000
27071  8.190  -62.104  8.154 0.0000000000
27072  7.775  -61.988  7.992 0.0000000000
27086  21.922  -62.018  7.204 0.0000000000
27087  21.357  -61.674  7.393 0.0000000000
27088  20.375  -61.422  7.812 0.0000000000
27092  10.052  -62.101  7.142 0.0000000000
27093  9.519  -61.902  7.081 0.0000000000
27094  8.550  -61.717  7.448 0.0000000000
27095  7.374  -61.452  7.510 0.0000000000
27096  6.273  -61.310  7.344 0.0000000000
27097  5.228  -61.278  7.033 0.0000000000
27098  4.162  -60.929  7.131 0.0000000000
27111  22.887  -61.812  6.483 0.0000000000
27112  22.374  -61.628  6.855 0.0000000000
27114  16.418  -61.237  6.356 0.0000000000
27115  16.009  -60.817  6.090 0.0000000000
27116  12.799  -62.328  5.870 0.0000000000
27117  12.457  -62.221  5.885 0.0000000000
27118  11.616  -62.003  5.944 0.0000000000
27119  10.462  -61.853  6.386 0.0000000000
27120  9.285  -61.364  6.274 0.0000000000
27121  8.210  -60.878  6.412 0.0000000000
27122  7.172  -60.540  6.904 0.0000000000
27123  6.111  -60.475  6.908 0.0000000000
27124  5.134  -60.398  6.823 0.0000000000
27125  4.498  -60.171  6.863 0.0000000000
27131  26.373  -61.377  5.273 0.0000000000
27132  25.849  -61.458  5.673 0.0000000000
27133  24.779  -61.524  5.957 0.0000000000
27134  23.401  -61.559  6.265 0.0000000000
27136  17.333  -61.646  5.555 0.0000000000
27137  16.866  -61.457  5.726 0.0000000000
27138  16.063  -60.895  5.334 0.0000000000
27139  12.907  -62.194  5.474 0.0000000000
27140  12.328  -61.785  5.156 0.0000000000
27141  11.273  -61.250  4.967 0.0000000000
27142  10.052  -61.020  5.239 0.0000000000
27143  9.107  -60.580  5.453 0.0000000000
27144  8.454  -60.209  5.704 0.0000000000
27149  26.607  -61.311  4.576 0.0000000000
27150  26.187  -61.834  4.021 0.0000000000
27151  17.315  -61.709  5.309 0.0000000000
27152  16.765  -61.499  4.946 0.0000000000
27153  15.743  -61.191  4.633 0.0000000000
27154  14.707  -61.352  4.386 0.0000000000
27155  13.453  -61.651  4.555 0.0000000000
27156  12.344  -61.063  4.441 0.0000000000
27157  11.762  -60.743  4.437 0.0000000000
27165  26.458  -61.369  3.597 0.0000000000
27166  25.624  -61.926  3.043 0.0000000000
27167  24.946  -62.228  2.768 0.0000000000
28243  15.462  -60.188  5.704 0.0000000000
28244  7.746  -60.125  6.061 0.0000000000
28245  7.050  -59.722  6.497 0.0000000000
28246  5.877  -59.791  6.792 0.0000000000
28247  5.019  -59.791  6.807 0.0000000000
28262  15.486  -60.274  5.007 0.0000000000
28263  10.615  -60.579  4.631 0.0000000000
28264  9.954  -60.053  4.552 0.0000000000
28265  9.086  -59.798  5.319 0.0000000000
28266  8.317  -59.660  5.758 0.0000000000
28267  7.726  -59.636  5.988 0.0000000000
28275  27.053  -60.472  4.697 0.0000000000
28276  15.005  -60.433  4.530 0.0000000000
28277  14.186  -60.538  4.108 0.0000000000
28278  13.139  -60.489  3.987 0.0000000000
28279  12.185  -60.288  4.203 0.0000000000
28280  11.289  -60.354  4.440 0.0000000000
28281  10.659  -60.203  4.444 0.0000000000
29343  15.201  -59.487  5.243 0.0000000000
29344  14.994  -59.343  4.809 0.0000000000
29345  11.490  -59.046  4.969 0.0000000000
29346  10.778  -59.421  4.797 0.0000000000
29347  9.833  -59.288  5.128 0.0000000000
29348  8.931  -59.227  5.652 0.0000000000
29349  7.961  -59.167  6.018 0.0000000000
29358  15.098  -59.793  4.791 0.0000000000
29359  14.605  -59.655  4.510 0.0000000000
29360  13.816  -59.709  4.206 0.0000000000
29361  12.919  -59.632  4.298 0.0000000000
29362  11.818  -59.563  4.619 0.0000000000
29363  10.876  -59.890  4.504 0.0000000000
30348  15.094  -59.037  5.521 0.0000000000
30349  14.660  -58.859  5.020 0.0000000000
30350  13.712  -58.714  5.284 0.0000000000
30351  12.845  -58.818  5.438 0.0000000000
30352  11.936  -58.868  5.456 0.0000000000
30353  10.828  -58.929  5.418 0.0000000000
30366  14.221  -59.266  4.534 0.0000000000
30367  13.713  -59.102  4.611 0.0000000000
30368  12.871  -59.047  4.812 0.0000000000
30369  12.185  -58.954  4.985 0.0000000000
