#!ascii label  , from subject bert vox2ras=TkReg
986
50197  21.620  -38.164  -7.007 0.0000000000
51208  26.148  -37.669  -5.623 0.0000000000
51209  25.197  -37.832  -5.431 0.0000000000
51210  24.253  -37.874  -5.463 0.0000000000
51211  23.314  -37.775  -5.626 0.0000000000
51227  34.271  -37.897  -6.866 0.0000000000
51228  33.519  -37.835  -6.628 0.0000000000
51229  32.629  -37.810  -6.455 0.0000000000
51230  31.729  -37.821  -6.362 0.0000000000
51231  30.885  -37.813  -6.378 0.0000000000
51232  29.975  -37.578  -6.482 0.0000000000
51233  29.045  -37.680  -6.239 0.0000000000
51234  28.080  -37.499  -6.196 0.0000000000
51235  27.222  -37.387  -6.005 0.0000000000
51236  26.659  -37.421  -5.856 0.0000000000
51237  22.372  -37.657  -5.985 0.0000000000
51238  21.662  -37.591  -6.671 0.0000000000
51250  34.737  -37.476  -7.317 0.0000000000
51251  33.710  -37.176  -6.974 0.0000000000
51252  32.774  -37.089  -6.795 0.0000000000
51253  31.836  -37.103  -6.691 0.0000000000
51254  30.963  -37.247  -6.719 0.0000000000
51255  30.435  -37.363  -6.661 0.0000000000
51256  21.167  -37.630  -7.507 0.0000000000
51257  20.726  -37.138  -7.992 0.0000000000
51264  21.147  -38.254  -7.832 0.0000000000
51265  20.570  -37.800  -8.290 0.0000000000
51266  19.566  -37.620  -8.637 0.0000000000
52182  25.953  -37.236  -5.950 0.0000000000
52183  25.522  -37.207  -5.874 0.0000000000
52184  24.640  -37.160  -5.736 0.0000000000
52185  23.832  -37.174  -5.696 0.0000000000
52199  29.734  -37.187  -6.775 0.0000000000
52200  29.306  -37.144  -6.762 0.0000000000
52201  28.399  -37.017  -6.710 0.0000000000
52202  27.424  -36.853  -6.564 0.0000000000
52203  26.203  -36.859  -6.340 0.0000000000
52204  25.008  -36.615  -6.279 0.0000000000
52205  24.050  -36.506  -6.103 0.0000000000
52206  23.012  -36.722  -6.031 0.0000000000
52207  21.929  -36.686  -6.420 0.0000000000
52217  34.834  -36.571  -7.617 0.0000000000
52218  33.931  -36.508  -7.367 0.0000000000
52219  32.950  -36.456  -7.285 0.0000000000
52220  31.985  -36.446  -7.188 0.0000000000
52221  31.019  -36.615  -7.214 0.0000000000
52222  29.949  -36.883  -7.073 0.0000000000
52223  28.790  -36.579  -7.234 0.0000000000
52224  27.796  -36.407  -7.198 0.0000000000
52225  26.835  -36.247  -7.109 0.0000000000
52226  26.018  -36.087  -7.233 0.0000000000
52227  21.195  -36.734  -6.998 0.0000000000
52228  20.697  -36.620  -7.606 0.0000000000
52235  20.200  -36.598  -8.186 0.0000000000
52236  19.773  -36.865  -8.611 0.0000000000
52237  19.007  -36.562  -8.784 0.0000000000
52238  18.049  -36.348  -8.487 0.0000000000
52245  19.677  -36.387  -8.464 0.0000000000
52246  19.374  -36.300  -8.624 0.0000000000
52247  19.074  -35.937  -8.746 0.0000000000
53099  17.588  -35.022  -4.772 0.0000000000
53113  18.684  -35.914  -5.701 0.0000000000
53114  18.328  -35.118  -5.666 0.0000000000
53115  18.020  -34.966  -5.269 0.0000000000
53129  18.640  -36.092  -6.095 0.0000000000
53130  18.165  -35.450  -6.403 0.0000000000
53144  25.286  -36.029  -6.924 0.0000000000
53145  24.409  -35.906  -6.640 0.0000000000
53146  23.453  -35.676  -6.604 0.0000000000
53147  22.383  -35.796  -6.495 0.0000000000
53148  21.256  -35.703  -6.851 0.0000000000
53149  20.812  -35.086  -7.146 0.0000000000
53159  35.060  -35.908  -7.962 0.0000000000
53160  34.143  -35.801  -7.753 0.0000000000
53161  33.169  -35.790  -7.722 0.0000000000
53162  32.193  -35.817  -7.716 0.0000000000
53163  31.226  -35.959  -7.782 0.0000000000
53164  30.224  -36.090  -7.791 0.0000000000
53165  29.183  -36.084  -7.786 0.0000000000
53166  28.160  -36.001  -7.819 0.0000000000
53167  27.224  -35.801  -7.707 0.0000000000
53168  26.375  -35.668  -7.694 0.0000000000
53169  25.538  -35.301  -7.714 0.0000000000
53170  24.615  -35.345  -7.221 0.0000000000
53171  24.038  -35.400  -6.869 0.0000000000
53172  20.759  -36.143  -7.203 0.0000000000
53173  20.196  -35.453  -7.629 0.0000000000
53174  19.615  -34.670  -8.110 0.0000000000
53180  35.394  -35.353  -8.698 0.0000000000
53181  34.400  -35.164  -8.207 0.0000000000
53182  33.417  -35.120  -8.152 0.0000000000
53183  32.444  -35.186  -8.233 0.0000000000
53184  31.485  -35.329  -8.316 0.0000000000
53185  30.510  -35.436  -8.351 0.0000000000
53186  29.515  -35.496  -8.364 0.0000000000
53187  28.517  -35.502  -8.381 0.0000000000
53188  27.551  -35.396  -8.305 0.0000000000
53189  26.651  -35.250  -8.176 0.0000000000
53190  26.084  -35.203  -8.031 0.0000000000
53191  19.656  -35.941  -8.313 0.0000000000
53192  19.279  -35.125  -8.477 0.0000000000
53193  18.506  -35.403  -8.635 0.0000000000
53194  17.381  -35.279  -8.238 0.0000000000
53202  19.471  -36.139  -8.494 0.0000000000
53203  19.295  -35.849  -8.570 0.0000000000
53204  19.062  -35.581  -8.696 0.0000000000
54131  16.677  -34.300  -3.975 0.0000000000
54132  16.460  -34.188  -3.051 0.0000000000
54137  17.210  -34.348  -4.720 0.0000000000
54143  18.293  -34.629  -5.847 0.0000000000
54144  17.911  -34.334  -5.657 0.0000000000
54154  18.183  -34.667  -6.145 0.0000000000
54155  17.340  -34.406  -6.420 0.0000000000
54169  23.314  -35.204  -6.858 0.0000000000
54170  22.877  -35.127  -6.798 0.0000000000
54171  21.965  -34.954  -6.706 0.0000000000
54172  21.264  -34.854  -6.985 0.0000000000
54181  25.391  -34.815  -8.039 0.0000000000
54182  24.820  -34.603  -7.942 0.0000000000
54183  23.651  -34.819  -7.199 0.0000000000
54184  22.587  -34.378  -7.125 0.0000000000
54185  21.669  -34.230  -7.138 0.0000000000
54186  20.760  -34.350  -7.360 0.0000000000
54187  19.922  -34.149  -7.855 0.0000000000
54191  35.232  -34.423  -8.873 0.0000000000
54192  34.588  -34.529  -8.577 0.0000000000
54193  33.705  -34.497  -8.488 0.0000000000
54194  32.714  -34.369  -8.642 0.0000000000
54195  31.757  -34.653  -8.749 0.0000000000
54196  30.816  -34.771  -8.803 0.0000000000
54197  29.846  -34.861  -8.843 0.0000000000
54198  28.868  -34.944  -8.902 0.0000000000
54199  27.896  -34.926  -8.864 0.0000000000
54200  26.934  -34.794  -8.708 0.0000000000
54201  25.811  -34.575  -8.482 0.0000000000
54202  25.071  -34.244  -8.474 0.0000000000
54203  19.230  -33.940  -8.455 0.0000000000
54204  18.441  -34.215  -8.624 0.0000000000
54205  17.678  -34.208  -8.424 0.0000000000
54206  16.607  -34.402  -8.063 0.0000000000
54207  15.688  -34.486  -7.704 0.0000000000
54212  35.749  -34.789  -9.343 0.0000000000
54213  31.973  -34.042  -9.086 0.0000000000
54214  31.160  -34.115  -9.223 0.0000000000
54215  30.206  -34.232  -9.301 0.0000000000
54216  29.235  -34.344  -9.374 0.0000000000
54217  28.264  -34.412  -9.396 0.0000000000
54218  27.313  -34.375  -9.287 0.0000000000
54219  26.421  -34.275  -9.100 0.0000000000
54220  26.000  -34.201  -8.982 0.0000000000
54221  18.178  -33.977  -8.632 0.0000000000
54222  18.062  -34.023  -8.595 0.0000000000
55276  17.004  -33.822  -4.688 0.0000000000
55284  17.336  -33.606  -5.359 0.0000000000
55294  17.304  -33.544  -6.500 0.0000000000
55295  16.318  -33.850  -6.675 0.0000000000
55312  17.158  -33.054  -7.260 0.0000000000
55313  16.753  -33.432  -7.083 0.0000000000
55314  16.069  -33.639  -6.929 0.0000000000
55315  15.415  -33.814  -6.771 0.0000000000
55327  23.998  -34.038  -7.873 0.0000000000
55328  23.203  -33.685  -7.631 0.0000000000
55329  22.225  -33.513  -7.444 0.0000000000
55330  21.305  -33.440  -7.491 0.0000000000
55331  20.428  -33.346  -7.732 0.0000000000
55332  19.657  -33.178  -8.135 0.0000000000
55333  17.230  -32.957  -7.668 0.0000000000
55334  16.670  -33.485  -7.483 0.0000000000
55335  15.910  -33.669  -7.238 0.0000000000
55336  15.148  -33.660  -7.015 0.0000000000
55339  34.735  -33.948  -8.842 0.0000000000
55340  33.991  -33.945  -8.768 0.0000000000
55341  33.189  -33.943  -8.752 0.0000000000
55342  32.805  -33.967  -8.798 0.0000000000
55343  25.227  -33.976  -8.808 0.0000000000
55344  24.517  -33.718  -8.533 0.0000000000
55345  23.785  -33.431  -8.147 0.0000000000
55346  19.038  -32.984  -8.430 0.0000000000
55347  18.393  -33.340  -8.461 0.0000000000
55348  17.670  -33.206  -8.213 0.0000000000
55349  16.887  -33.595  -8.028 0.0000000000
55350  16.107  -33.901  -7.620 0.0000000000
55351  15.278  -33.979  -7.372 0.0000000000
55354  35.972  -33.705  -9.893 0.0000000000
55355  35.424  -33.664  -9.338 0.0000000000
55356  34.326  -33.422  -9.113 0.0000000000
55357  33.441  -33.459  -9.083 0.0000000000
55358  32.607  -33.644  -9.090 0.0000000000
55359  31.661  -33.341  -9.545 0.0000000000
55360  30.607  -33.572  -9.698 0.0000000000
55361  29.634  -33.702  -9.788 0.0000000000
55362  28.661  -33.810  -9.847 0.0000000000
55363  27.690  -33.856  -9.801 0.0000000000
55364  26.757  -33.869  -9.669 0.0000000000
55365  25.781  -33.807  -9.376 0.0000000000
55366  24.982  -33.544  -9.142 0.0000000000
55367  18.248  -33.824  -8.597 0.0000000000
55368  18.033  -33.760  -8.524 0.0000000000
55373  35.828  -33.249  -9.938 0.0000000000
55374  31.540  -32.779  -9.889 0.0000000000
55375  30.967  -32.941  -10.044 0.0000000000
55376  30.075  -33.084  -10.211 0.0000000000
55377  29.106  -33.166  -10.258 0.0000000000
55378  28.112  -33.216  -10.214 0.0000000000
55379  27.130  -33.284  -10.146 0.0000000000
55380  26.335  -33.418  -10.034 0.0000000000
56459  16.995  -33.262  -4.729 0.0000000000
56468  17.443  -32.287  -6.464 0.0000000000
56469  17.384  -32.755  -5.872 0.0000000000
56486  17.486  -32.361  -7.092 0.0000000000
56487  17.339  -32.871  -6.735 0.0000000000
56503  23.381  -32.992  -8.070 0.0000000000
56504  22.739  -32.779  -7.868 0.0000000000
56505  21.834  -32.693  -7.730 0.0000000000
56506  20.950  -32.601  -7.796 0.0000000000
56507  20.134  -32.436  -8.044 0.0000000000
56508  18.151  -31.992  -7.937 0.0000000000
56509  17.786  -32.282  -7.686 0.0000000000
56512  24.478  -33.139  -9.149 0.0000000000
56513  23.807  -32.782  -8.707 0.0000000000
56514  23.190  -32.503  -8.316 0.0000000000
56515  19.346  -32.254  -8.279 0.0000000000
56516  18.576  -32.282  -8.217 0.0000000000
56517  18.069  -32.600  -8.153 0.0000000000
56519  35.362  -32.857  -9.762 0.0000000000
56520  34.625  -32.856  -9.519 0.0000000000
56521  33.729  -32.915  -9.455 0.0000000000
56522  32.908  -33.032  -9.457 0.0000000000
56523  32.338  -33.134  -9.477 0.0000000000
56524  25.730  -33.162  -10.114 0.0000000000
56525  24.942  -33.072  -9.793 0.0000000000
56526  24.118  -32.630  -9.563 0.0000000000
56530  35.781  -32.579  -10.446 0.0000000000
56531  34.907  -32.244  -9.946 0.0000000000
56532  33.972  -32.296  -9.825 0.0000000000
56533  33.188  -32.514  -9.762 0.0000000000
56534  32.250  -32.545  -9.819 0.0000000000
56535  31.395  -32.352  -10.227 0.0000000000
56536  30.535  -32.379  -10.408 0.0000000000
56537  29.595  -32.428  -10.467 0.0000000000
56538  28.605  -32.474  -10.464 0.0000000000
56539  27.573  -32.526  -10.441 0.0000000000
56540  26.437  -32.639  -10.421 0.0000000000
56541  25.377  -32.488  -10.454 0.0000000000
56542  24.437  -32.318  -10.332 0.0000000000
56547  36.223  -32.241  -11.223 0.0000000000
57635  17.240  -32.191  -5.458 0.0000000000
57643  17.542  -31.708  -6.590 0.0000000000
57644  17.416  -31.933  -6.048 0.0000000000
57662  17.726  -31.516  -7.162 0.0000000000
57683  22.848  -32.281  -8.273 0.0000000000
57684  22.338  -32.101  -8.169 0.0000000000
57685  21.444  -31.956  -8.115 0.0000000000
57686  20.660  -31.911  -8.143 0.0000000000
57687  18.325  -31.517  -8.058 0.0000000000
57688  18.011  -31.288  -7.706 0.0000000000
57692  23.691  -32.259  -9.242 0.0000000000
57693  23.097  -31.805  -8.823 0.0000000000
57694  21.988  -31.297  -8.521 0.0000000000
57695  20.934  -31.188  -8.446 0.0000000000
57696  19.906  -31.393  -8.352 0.0000000000
57697  18.868  -31.279  -8.257 0.0000000000
57699  23.656  -31.879  -9.889 0.0000000000
57700  23.109  -31.192  -9.743 0.0000000000
57702  35.710  -31.880  -10.903 0.0000000000
57703  35.170  -31.769  -10.505 0.0000000000
57704  34.290  -31.674  -10.291 0.0000000000
57705  33.163  -31.814  -10.221 0.0000000000
57706  32.030  -31.689  -10.356 0.0000000000
57707  31.076  -31.671  -10.578 0.0000000000
57708  30.133  -31.685  -10.654 0.0000000000
57709  29.164  -31.703  -10.645 0.0000000000
57710  28.156  -31.726  -10.633 0.0000000000
57711  27.103  -31.743  -10.653 0.0000000000
57712  25.982  -31.672  -10.786 0.0000000000
57713  24.935  -31.777  -10.898 0.0000000000
57714  23.935  -31.576  -10.928 0.0000000000
57718  36.030  -31.423  -11.296 0.0000000000
57719  25.394  -31.220  -11.181 0.0000000000
57720  24.648  -31.118  -11.399 0.0000000000
57721  23.877  -30.919  -11.550 0.0000000000
58778  17.384  -31.482  -5.827 0.0000000000
58789  17.645  -30.937  -6.612 0.0000000000
58790  17.499  -31.389  -6.205 0.0000000000
58807  17.823  -30.646  -7.303 0.0000000000
58827  18.256  -30.801  -8.080 0.0000000000
58828  17.946  -30.399  -7.825 0.0000000000
58844  22.449  -30.776  -9.299 0.0000000000
58845  21.431  -30.434  -8.957 0.0000000000
58846  20.243  -30.222  -8.761 0.0000000000
58847  19.324  -30.504  -8.508 0.0000000000
58848  18.623  -30.273  -8.371 0.0000000000
58849  18.146  -30.143  -8.154 0.0000000000
58852  23.312  -31.236  -10.452 0.0000000000
58853  22.693  -30.547  -10.380 0.0000000000
58854  21.874  -29.970  -9.805 0.0000000000
58855  20.923  -29.582  -9.447 0.0000000000
58857  35.439  -31.339  -10.937 0.0000000000
58858  34.788  -31.064  -10.712 0.0000000000
58859  33.779  -30.979  -10.628 0.0000000000
58860  32.710  -30.938  -10.639 0.0000000000
58861  31.685  -30.926  -10.775 0.0000000000
58862  30.718  -30.950  -10.905 0.0000000000
58863  29.759  -30.979  -10.953 0.0000000000
58864  28.785  -30.979  -10.900 0.0000000000
58865  27.789  -30.969  -10.863 0.0000000000
58866  26.802  -30.970  -10.971 0.0000000000
58867  26.014  -30.916  -11.123 0.0000000000
58868  23.209  -30.904  -11.201 0.0000000000
58869  22.649  -30.157  -11.360 0.0000000000
58872  36.523  -30.765  -11.758 0.0000000000
58873  35.527  -30.567  -11.276 0.0000000000
58874  34.426  -30.320  -11.082 0.0000000000
58875  33.367  -30.262  -11.090 0.0000000000
58876  32.342  -30.249  -11.173 0.0000000000
58877  31.346  -30.248  -11.248 0.0000000000
58878  30.377  -30.267  -11.286 0.0000000000
58879  29.423  -30.282  -11.252 0.0000000000
58880  28.472  -30.266  -11.159 0.0000000000
58881  27.502  -30.247  -11.138 0.0000000000
58882  26.528  -30.270  -11.247 0.0000000000
58883  25.475  -30.432  -11.437 0.0000000000
58884  24.438  -30.293  -11.734 0.0000000000
58885  23.399  -30.215  -11.901 0.0000000000
58886  22.729  -29.706  -11.930 0.0000000000
59846  17.586  -30.401  -6.041 0.0000000000
59847  17.520  -31.046  -6.079 0.0000000000
59863  17.396  -29.535  -6.379 0.0000000000
59864  17.746  -29.975  -6.947 0.0000000000
59873  17.869  -29.916  -7.561 0.0000000000
59890  20.096  -29.279  -9.239 0.0000000000
59891  19.210  -29.419  -8.814 0.0000000000
59892  18.355  -29.577  -8.377 0.0000000000
59893  17.948  -29.742  -8.020 0.0000000000
59897  22.120  -29.635  -10.740 0.0000000000
59898  21.365  -29.174  -10.244 0.0000000000
59899  20.506  -28.651  -9.951 0.0000000000
59900  19.772  -28.653  -9.381 0.0000000000
59902  22.239  -29.400  -11.564 0.0000000000
59903  21.611  -28.746  -11.162 0.0000000000
59904  21.058  -28.632  -10.507 0.0000000000
59906  36.361  -29.527  -11.822 0.0000000000
59907  35.102  -29.578  -11.467 0.0000000000
59908  34.021  -29.545  -11.415 0.0000000000
59909  32.998  -29.515  -11.464 0.0000000000
59910  31.998  -29.510  -11.536 0.0000000000
59911  31.007  -29.499  -11.542 0.0000000000
59912  30.054  -29.550  -11.513 0.0000000000
59913  29.152  -29.585  -11.420 0.0000000000
59914  28.240  -29.543  -11.353 0.0000000000
59915  27.266  -29.527  -11.401 0.0000000000
59916  26.240  -29.529  -11.491 0.0000000000
59917  25.213  -29.511  -11.700 0.0000000000
59918  24.174  -29.273  -12.038 0.0000000000
59919  23.191  -29.362  -12.163 0.0000000000
59920  22.537  -28.972  -12.144 0.0000000000
59921  22.002  -28.931  -11.846 0.0000000000
59925  37.114  -29.418  -12.347 0.0000000000
59926  24.064  -28.673  -12.303 0.0000000000
59927  23.518  -28.800  -12.301 0.0000000000
59928  23.013  -28.884  -12.287 0.0000000000
60854  17.816  -28.943  -7.310 0.0000000000
60855  17.874  -29.553  -7.421 0.0000000000
60862  18.320  -28.692  -8.167 0.0000000000
60863  17.960  -29.348  -7.797 0.0000000000
60879  19.253  -28.195  -9.218 0.0000000000
60880  18.615  -28.787  -8.624 0.0000000000
60881  18.125  -29.209  -8.223 0.0000000000
60890  20.303  -28.109  -10.282 0.0000000000
60891  19.942  -27.987  -9.981 0.0000000000
60893  21.332  -27.889  -11.484 0.0000000000
60894  20.752  -28.042  -10.738 0.0000000000
60895  20.233  -27.816  -10.458 0.0000000000
60897  36.397  -28.444  -11.935 0.0000000000
60898  35.633  -28.742  -11.709 0.0000000000
60899  34.646  -28.801  -11.661 0.0000000000
60900  33.658  -28.782  -11.665 0.0000000000
60901  32.671  -28.687  -11.735 0.0000000000
60902  31.667  -28.766  -11.774 0.0000000000
60903  30.648  -28.640  -11.780 0.0000000000
60904  29.754  -28.990  -11.632 0.0000000000
60905  29.013  -28.874  -11.535 0.0000000000
60906  28.077  -28.800  -11.540 0.0000000000
60907  27.080  -28.769  -11.668 0.0000000000
60908  26.023  -28.660  -11.730 0.0000000000
60909  25.101  -28.802  -11.913 0.0000000000
60910  22.453  -28.563  -12.334 0.0000000000
60911  21.986  -28.292  -12.203 0.0000000000
60915  37.188  -28.605  -12.359 0.0000000000
60916  32.809  -28.065  -11.887 0.0000000000
60917  32.262  -28.111  -11.993 0.0000000000
60918  31.477  -28.153  -12.019 0.0000000000
60919  25.537  -28.241  -12.040 0.0000000000
60920  24.729  -28.326  -12.276 0.0000000000
60921  23.951  -28.231  -12.605 0.0000000000
60922  22.916  -28.332  -12.625 0.0000000000
60923  22.445  -27.846  -12.697 0.0000000000
61809  19.230  -27.712  -9.243 0.0000000000
61810  19.083  -27.799  -8.909 0.0000000000
61828  19.493  -27.323  -9.715 0.0000000000
61829  19.375  -27.140  -9.362 0.0000000000
61834  21.211  -27.559  -11.603 0.0000000000
61835  20.914  -27.483  -11.375 0.0000000000
61836  20.154  -27.220  -10.853 0.0000000000
61838  36.393  -28.054  -11.924 0.0000000000
61839  36.045  -28.053  -11.838 0.0000000000
61840  35.228  -28.065  -11.831 0.0000000000
61841  34.300  -28.060  -11.820 0.0000000000
61842  33.390  -28.054  -11.836 0.0000000000
61843  30.475  -28.204  -11.896 0.0000000000
61844  29.929  -28.275  -11.802 0.0000000000
61845  28.940  -28.094  -11.684 0.0000000000
61846  27.944  -28.018  -11.752 0.0000000000
61847  26.982  -27.993  -11.918 0.0000000000
61848  26.211  -27.931  -12.035 0.0000000000
61849  21.366  -27.336  -12.004 0.0000000000
61850  20.722  -26.950  -11.664 0.0000000000
61851  20.357  -26.672  -11.501 0.0000000000
61854  37.683  -27.519  -12.598 0.0000000000
61855  36.719  -27.670  -12.077 0.0000000000
61856  35.851  -27.383  -11.956 0.0000000000
61857  34.945  -27.342  -12.010 0.0000000000
61858  34.009  -27.373  -12.114 0.0000000000
61859  32.990  -27.482  -12.140 0.0000000000
61860  32.010  -27.505  -12.299 0.0000000000
61861  30.842  -27.729  -12.152 0.0000000000
61862  29.823  -27.471  -12.090 0.0000000000
61863  28.826  -27.308  -11.993 0.0000000000
61864  27.834  -27.276  -12.111 0.0000000000
61865  26.859  -27.322  -12.316 0.0000000000
61866  25.743  -27.510  -12.402 0.0000000000
61867  24.742  -27.524  -12.745 0.0000000000
61868  23.827  -27.493  -13.152 0.0000000000
61869  22.828  -27.337  -13.268 0.0000000000
61870  22.099  -27.356  -12.693 0.0000000000
61874  23.529  -26.976  -13.523 0.0000000000
61875  23.195  -26.782  -13.633 0.0000000000
62702  19.578  -26.470  -9.717 0.0000000000
62712  19.769  -26.354  -10.574 0.0000000000
62715  21.101  -26.726  -12.135 0.0000000000
62716  20.696  -26.235  -12.044 0.0000000000
62717  20.111  -26.264  -11.369 0.0000000000
62719  38.025  -26.592  -12.941 0.0000000000
62720  37.388  -26.696  -12.442 0.0000000000
62721  36.547  -26.636  -12.189 0.0000000000
62722  35.629  -26.597  -12.148 0.0000000000
62723  34.711  -26.597  -12.248 0.0000000000
62724  33.762  -26.636  -12.375 0.0000000000
62725  32.771  -26.668  -12.466 0.0000000000
62726  31.731  -26.749  -12.529 0.0000000000
62727  30.691  -26.766  -12.482 0.0000000000
62728  29.701  -26.667  -12.427 0.0000000000
62729  28.718  -26.581  -12.414 0.0000000000
62730  27.733  -26.563  -12.527 0.0000000000
62731  26.683  -26.554  -12.717 0.0000000000
62732  25.604  -26.763  -12.887 0.0000000000
62733  24.748  -26.814  -13.200 0.0000000000
62734  24.109  -26.769  -13.474 0.0000000000
62735  22.330  -26.873  -13.127 0.0000000000
62736  21.707  -26.347  -12.809 0.0000000000
62737  21.106  -25.811  -12.510 0.0000000000
62740  26.279  -26.148  -13.112 0.0000000000
62741  25.577  -26.124  -13.337 0.0000000000
62742  24.721  -26.134  -13.567 0.0000000000
62743  23.777  -26.267  -13.712 0.0000000000
62744  22.772  -26.334  -13.594 0.0000000000
62745  22.340  -25.884  -13.419 0.0000000000
63629  19.814  -25.520  -10.455 0.0000000000
63637  20.240  -25.666  -11.819 0.0000000000
63638  19.923  -25.432  -11.303 0.0000000000
63641  37.780  -26.113  -12.744 0.0000000000
63642  37.272  -25.702  -12.573 0.0000000000
63643  36.311  -25.852  -12.322 0.0000000000
63644  35.435  -25.829  -12.341 0.0000000000
63645  34.523  -25.823  -12.466 0.0000000000
63646  33.583  -25.831  -12.607 0.0000000000
63647  32.572  -25.792  -12.736 0.0000000000
63648  31.513  -25.956  -12.711 0.0000000000
63649  30.561  -25.943  -12.714 0.0000000000
63650  29.602  -25.915  -12.774 0.0000000000
63651  28.643  -25.896  -12.860 0.0000000000
63652  27.703  -25.874  -12.949 0.0000000000
63653  26.959  -25.811  -13.055 0.0000000000
63654  21.439  -25.299  -12.834 0.0000000000
63655  20.694  -25.296  -12.326 0.0000000000
63656  20.160  -25.082  -11.945 0.0000000000
63658  38.191  -25.514  -13.304 0.0000000000
63659  37.684  -25.059  -12.988 0.0000000000
63660  32.122  -25.298  -12.919 0.0000000000
63661  31.398  -25.248  -13.021 0.0000000000
63662  30.473  -25.220  -13.091 0.0000000000
63663  29.523  -25.210  -13.167 0.0000000000
63664  28.575  -25.217  -13.258 0.0000000000
63665  27.633  -25.229  -13.326 0.0000000000
63666  26.565  -25.388  -13.424 0.0000000000
63667  25.578  -25.395  -13.729 0.0000000000
63668  24.627  -25.382  -13.983 0.0000000000
63669  23.632  -25.349  -14.097 0.0000000000
63670  22.772  -25.425  -13.834 0.0000000000
63671  22.151  -25.336  -13.379 0.0000000000
63675  24.349  -24.970  -14.335 0.0000000000
63676  24.045  -24.846  -14.485 0.0000000000
64557  19.997  -24.714  -10.422 0.0000000000
64570  19.912  -24.696  -11.090 0.0000000000
64579  36.731  -25.325  -12.544 0.0000000000
64580  36.169  -25.158  -12.538 0.0000000000
64581  35.296  -25.066  -12.602 0.0000000000
64582  34.391  -25.056  -12.765 0.0000000000
64583  33.498  -25.047  -12.887 0.0000000000
64584  32.781  -24.987  -12.962 0.0000000000
64585  21.108  -24.492  -12.784 0.0000000000
64586  20.469  -24.467  -12.304 0.0000000000
64587  20.042  -24.533  -11.753 0.0000000000
64592  37.987  -24.460  -13.449 0.0000000000
64593  37.084  -24.657  -12.881 0.0000000000
64594  36.097  -24.420  -12.910 0.0000000000
64595  35.185  -24.351  -13.030 0.0000000000
64596  34.283  -24.344  -13.183 0.0000000000
64597  33.377  -24.391  -13.287 0.0000000000
64598  32.348  -24.563  -13.271 0.0000000000
64599  31.354  -24.509  -13.382 0.0000000000
64600  30.393  -24.477  -13.418 0.0000000000
64601  29.435  -24.483  -13.480 0.0000000000
64602  28.483  -24.517  -13.583 0.0000000000
64603  27.499  -24.534  -13.665 0.0000000000
64604  26.477  -24.519  -13.892 0.0000000000
64605  25.522  -24.750  -14.149 0.0000000000
64606  24.902  -24.762  -14.355 0.0000000000
64607  23.169  -24.970  -14.202 0.0000000000
64608  22.695  -24.524  -14.147 0.0000000000
64609  21.856  -24.477  -13.378 0.0000000000
64612  39.159  -23.755  -14.696 0.0000000000
64613  38.802  -24.350  -14.273 0.0000000000
64614  26.105  -24.154  -14.339 0.0000000000
64615  25.451  -24.198  -14.544 0.0000000000
64616  24.593  -24.429  -14.695 0.0000000000
64617  23.654  -24.491  -14.639 0.0000000000
64618  23.207  -24.062  -14.663 0.0000000000
65493  20.045  -24.031  -11.026 0.0000000000
65507  20.839  -23.852  -12.715 0.0000000000
65508  20.448  -23.560  -12.207 0.0000000000
65509  20.077  -24.066  -11.524 0.0000000000
65518  37.575  -23.723  -13.479 0.0000000000
65519  36.810  -23.779  -13.287 0.0000000000
65520  35.964  -23.674  -13.318 0.0000000000
65521  35.053  -23.606  -13.380 0.0000000000
65522  34.130  -23.578  -13.562 0.0000000000
65523  33.154  -23.773  -13.642 0.0000000000
65524  32.226  -23.799  -13.723 0.0000000000
65525  31.263  -23.770  -13.778 0.0000000000
65526  30.290  -23.737  -13.750 0.0000000000
65527  29.332  -23.780  -13.828 0.0000000000
65528  28.395  -23.848  -13.984 0.0000000000
65529  27.465  -23.830  -14.093 0.0000000000
65530  26.736  -23.797  -14.285 0.0000000000
65531  22.224  -23.609  -13.967 0.0000000000
65532  21.501  -23.595  -13.286 0.0000000000
65533  21.055  -23.168  -12.905 0.0000000000
65536  38.952  -23.364  -14.566 0.0000000000
65537  38.340  -23.543  -13.965 0.0000000000
65538  33.719  -23.149  -13.775 0.0000000000
65539  33.051  -23.099  -13.980 0.0000000000
65540  32.132  -23.050  -14.148 0.0000000000
65541  31.139  -23.037  -14.210 0.0000000000
65542  30.152  -23.054  -14.150 0.0000000000
65543  29.222  -23.141  -14.259 0.0000000000
65544  28.318  -23.224  -14.472 0.0000000000
65545  27.401  -23.290  -14.643 0.0000000000
65546  26.343  -23.469  -14.823 0.0000000000
65547  25.320  -23.683  -15.013 0.0000000000
65548  24.470  -23.807  -15.187 0.0000000000
65549  23.654  -23.591  -15.123 0.0000000000
65550  22.912  -23.544  -14.617 0.0000000000
65552  39.293  -23.366  -15.010 0.0000000000
65553  25.948  -23.160  -15.392 0.0000000000
65554  25.253  -23.205  -15.622 0.0000000000
65555  24.428  -23.160  -15.691 0.0000000000
65556  23.831  -22.896  -15.583 0.0000000000
66534  21.058  -22.811  -11.140 0.0000000000
66535  20.537  -23.442  -11.113 0.0000000000
66552  20.832  -22.722  -11.844 0.0000000000
66553  20.369  -23.604  -11.547 0.0000000000
66564  37.265  -23.270  -13.513 0.0000000000
66565  36.759  -22.945  -13.535 0.0000000000
66566  35.790  -22.917  -13.571 0.0000000000
66567  34.939  -22.840  -13.659 0.0000000000
66568  34.284  -22.873  -13.734 0.0000000000
66569  21.989  -23.038  -13.784 0.0000000000
66570  21.645  -22.560  -13.548 0.0000000000
66571  21.147  -22.322  -12.816 0.0000000000
66579  38.620  -22.750  -14.409 0.0000000000
66580  37.794  -22.692  -13.859 0.0000000000
66581  37.129  -22.186  -13.756 0.0000000000
66582  34.648  -22.416  -13.808 0.0000000000
66583  33.938  -22.405  -13.887 0.0000000000
66584  32.996  -22.240  -14.128 0.0000000000
66585  31.994  -22.114  -14.377 0.0000000000
66586  30.922  -22.246  -14.468 0.0000000000
66587  29.954  -22.373  -14.376 0.0000000000
66588  29.107  -22.476  -14.640 0.0000000000
66589  28.221  -22.557  -15.001 0.0000000000
66590  27.286  -22.824  -15.202 0.0000000000
66591  26.624  -22.924  -15.482 0.0000000000
66592  23.292  -22.928  -15.117 0.0000000000
66593  22.508  -22.426  -14.539 0.0000000000
66594  21.946  -21.854  -14.067 0.0000000000
66599  39.250  -22.462  -15.145 0.0000000000
66600  31.546  -21.645  -14.572 0.0000000000
66601  31.054  -21.586  -14.667 0.0000000000
66602  27.854  -22.270  -15.486 0.0000000000
66603  27.243  -22.415  -15.813 0.0000000000
66604  26.248  -22.604  -16.091 0.0000000000
66605  25.159  -22.711  -16.250 0.0000000000
66606  24.311  -22.546  -16.133 0.0000000000
66607  23.548  -22.119  -15.694 0.0000000000
66608  22.898  -21.789  -15.236 0.0000000000
66611  25.836  -22.128  -16.731 0.0000000000
66612  24.936  -22.142  -16.750 0.0000000000
66613  24.155  -21.935  -16.441 0.0000000000
66614  23.829  -21.809  -16.204 0.0000000000
67662  21.487  -21.918  -11.613 0.0000000000
67677  21.436  -21.623  -12.491 0.0000000000
67687  36.387  -22.223  -13.716 0.0000000000
67688  35.553  -22.239  -13.769 0.0000000000
67689  35.044  -22.297  -13.814 0.0000000000
67690  21.626  -21.600  -13.572 0.0000000000
67691  21.548  -21.176  -13.186 0.0000000000
67704  38.588  -21.730  -14.572 0.0000000000
67705  37.665  -21.547  -14.071 0.0000000000
67706  36.884  -21.609  -13.858 0.0000000000
67707  36.115  -21.507  -13.918 0.0000000000
67708  34.984  -21.708  -14.015 0.0000000000
67709  33.900  -21.475  -14.184 0.0000000000
67710  32.951  -21.336  -14.340 0.0000000000
67711  32.179  -21.179  -14.527 0.0000000000
67712  30.501  -21.797  -14.575 0.0000000000
67713  29.828  -21.725  -14.690 0.0000000000
67714  29.088  -21.856  -15.126 0.0000000000
67715  28.446  -21.915  -15.448 0.0000000000
67716  22.201  -21.639  -14.462 0.0000000000
67717  21.917  -21.107  -14.281 0.0000000000
67718  21.673  -20.728  -13.791 0.0000000000
67729  39.172  -21.384  -15.214 0.0000000000
67730  31.519  -21.054  -14.718 0.0000000000
67731  30.683  -21.132  -14.872 0.0000000000
67732  29.798  -21.065  -15.183 0.0000000000
67733  28.973  -21.245  -15.614 0.0000000000
67734  28.025  -21.581  -15.960 0.0000000000
67735  27.213  -21.905  -16.388 0.0000000000
67736  26.599  -21.926  -16.684 0.0000000000
67737  23.166  -21.359  -15.624 0.0000000000
67738  22.401  -21.226  -15.063 0.0000000000
67739  21.991  -20.605  -14.758 0.0000000000
67744  27.746  -21.261  -16.546 0.0000000000
67745  27.235  -21.322  -16.968 0.0000000000
67746  26.452  -21.551  -17.147 0.0000000000
67747  25.637  -21.609  -17.240 0.0000000000
67748  24.692  -21.446  -17.145 0.0000000000
67749  23.799  -21.297  -16.397 0.0000000000
67753  27.008  -21.130  -17.485 0.0000000000
67754  26.402  -21.093  -17.675 0.0000000000
67755  25.532  -21.000  -17.687 0.0000000000
67756  24.860  -20.815  -17.591 0.0000000000
68850  21.730  -20.648  -13.026 0.0000000000
68857  21.701  -20.252  -13.614 0.0000000000
68865  38.927  -20.873  -14.956 0.0000000000
68866  38.303  -20.492  -14.594 0.0000000000
68867  37.008  -20.716  -14.158 0.0000000000
68868  35.825  -20.677  -14.239 0.0000000000
68869  34.752  -20.660  -14.364 0.0000000000
68870  33.744  -20.549  -14.440 0.0000000000
68871  32.877  -20.511  -14.572 0.0000000000
68872  32.176  -20.418  -14.706 0.0000000000
68873  21.745  -20.201  -14.390 0.0000000000
68874  21.606  -20.210  -13.947 0.0000000000
68890  38.926  -20.390  -15.025 0.0000000000
68891  31.442  -20.360  -15.029 0.0000000000
68892  30.589  -20.394  -15.341 0.0000000000
68893  29.776  -20.299  -15.832 0.0000000000
68894  28.726  -20.794  -16.232 0.0000000000
68895  28.160  -21.031  -16.436 0.0000000000
68896  22.999  -20.392  -15.892 0.0000000000
68897  22.231  -20.268  -15.189 0.0000000000
68898  21.920  -20.200  -14.824 0.0000000000
68906  29.892  -19.807  -16.325 0.0000000000
68907  29.276  -20.127  -16.572 0.0000000000
68908  28.200  -20.563  -17.091 0.0000000000
68909  27.464  -20.907  -17.412 0.0000000000
68910  24.265  -20.793  -17.210 0.0000000000
68911  23.761  -20.354  -16.804 0.0000000000
68916  28.196  -20.281  -17.822 0.0000000000
68917  27.417  -20.573  -18.035 0.0000000000
68918  26.310  -20.422  -18.196 0.0000000000
68919  25.343  -20.350  -17.972 0.0000000000
68920  24.575  -20.274  -17.649 0.0000000000
68921  24.125  -20.312  -17.319 0.0000000000
68931  27.202  -20.083  -18.387 0.0000000000
68932  26.916  -20.242  -18.341 0.0000000000
69860  21.866  -19.837  -13.481 0.0000000000
69868  21.703  -19.569  -13.897 0.0000000000
69873  38.379  -19.381  -14.837 0.0000000000
69874  37.567  -19.651  -14.501 0.0000000000
69875  36.536  -19.735  -14.395 0.0000000000
69876  35.494  -19.769  -14.486 0.0000000000
69877  34.498  -19.761  -14.560 0.0000000000
69878  33.452  -19.601  -14.725 0.0000000000
69879  32.720  -20.003  -14.735 0.0000000000
69880  21.685  -19.400  -14.601 0.0000000000
69881  21.625  -19.748  -14.121 0.0000000000
69896  38.903  -19.827  -15.140 0.0000000000
69897  33.167  -19.039  -15.043 0.0000000000
69898  32.366  -19.508  -14.993 0.0000000000
69899  31.252  -19.613  -15.466 0.0000000000
69900  30.551  -19.906  -15.666 0.0000000000
69901  22.771  -19.699  -16.104 0.0000000000
69902  22.314  -19.472  -15.619 0.0000000000
69903  21.881  -19.728  -14.958 0.0000000000
69914  31.318  -19.024  -15.768 0.0000000000
69915  30.592  -19.351  -16.076 0.0000000000
69916  29.882  -19.425  -16.813 0.0000000000
69917  29.138  -19.837  -17.138 0.0000000000
69918  23.238  -19.579  -16.590 0.0000000000
69919  22.618  -19.303  -16.232 0.0000000000
69923  29.502  -19.353  -17.394 0.0000000000
69924  28.838  -19.733  -17.811 0.0000000000
69925  28.167  -19.997  -18.149 0.0000000000
69926  26.299  -20.033  -18.374 0.0000000000
69927  25.885  -19.908  -18.357 0.0000000000
69928  24.931  -19.512  -18.168 0.0000000000
69929  23.983  -19.718  -17.451 0.0000000000
69940  28.497  -19.481  -18.359 0.0000000000
69941  27.724  -19.667  -18.488 0.0000000000
69942  26.680  -19.705  -18.524 0.0000000000
69943  25.787  -19.218  -18.606 0.0000000000
69944  25.234  -18.916  -18.538 0.0000000000
70912  21.819  -19.106  -13.924 0.0000000000
70919  38.468  -18.676  -14.944 0.0000000000
70920  37.919  -18.809  -14.688 0.0000000000
70921  37.134  -18.867  -14.494 0.0000000000
70922  36.150  -18.803  -14.555 0.0000000000
70923  35.160  -18.995  -14.639 0.0000000000
70924  34.372  -19.035  -14.738 0.0000000000
70930  21.647  -19.075  -14.715 0.0000000000
70931  21.679  -18.979  -14.452 0.0000000000
70941  38.925  -18.931  -15.285 0.0000000000
70942  35.580  -18.328  -14.707 0.0000000000
70943  34.861  -18.331  -14.830 0.0000000000
70944  33.898  -18.554  -15.082 0.0000000000
70945  32.939  -18.513  -15.381 0.0000000000
70946  31.930  -18.806  -15.496 0.0000000000
70947  22.050  -18.989  -15.574 0.0000000000
70948  21.721  -18.863  -15.108 0.0000000000
70949  21.571  -18.484  -14.745 0.0000000000
70959  32.404  -18.163  -15.813 0.0000000000
70960  31.556  -18.400  -16.141 0.0000000000
70961  30.644  -18.507  -16.810 0.0000000000
70962  30.012  -18.893  -17.299 0.0000000000
70963  22.801  -18.949  -16.616 0.0000000000
70964  22.199  -18.700  -16.027 0.0000000000
70965  21.758  -18.037  -15.597 0.0000000000
70972  30.289  -18.228  -17.518 0.0000000000
70973  29.610  -18.829  -17.859 0.0000000000
70974  29.046  -19.077  -18.325 0.0000000000
70975  24.139  -18.982  -17.922 0.0000000000
70976  23.439  -18.758  -17.239 0.0000000000
70989  30.012  -18.056  -18.068 0.0000000000
70990  29.513  -18.374  -18.532 0.0000000000
70991  28.542  -18.707  -18.828 0.0000000000
70992  27.428  -18.858  -18.858 0.0000000000
70993  26.484  -18.702  -18.899 0.0000000000
70994  25.556  -18.424  -18.906 0.0000000000
70995  24.652  -18.505  -18.479 0.0000000000
71005  27.936  -18.243  -19.222 0.0000000000
71006  27.159  -18.096  -19.285 0.0000000000
71007  26.273  -17.975  -19.405 0.0000000000
71008  25.541  -17.758  -19.360 0.0000000000
71917  38.222  -18.165  -14.836 0.0000000000
71918  37.643  -18.215  -14.645 0.0000000000
71919  36.934  -18.110  -14.582 0.0000000000
71920  36.213  -17.910  -14.716 0.0000000000
71930  21.598  -17.968  -14.297 0.0000000000
71931  21.664  -18.427  -14.369 0.0000000000
71941  38.752  -18.183  -15.186 0.0000000000
71942  35.532  -17.664  -14.900 0.0000000000
71943  34.687  -17.551  -15.212 0.0000000000
71944  33.740  -17.770  -15.498 0.0000000000
71945  33.039  -17.775  -15.769 0.0000000000
71949  21.439  -17.914  -14.861 0.0000000000
71950  21.575  -18.357  -14.563 0.0000000000
71957  34.254  -17.100  -15.572 0.0000000000
71958  33.576  -17.103  -15.894 0.0000000000
71959  32.564  -17.391  -16.358 0.0000000000
71960  31.497  -17.651  -16.779 0.0000000000
71961  30.816  -17.699  -17.192 0.0000000000
71962  22.730  -18.313  -16.762 0.0000000000
71963  22.160  -17.627  -16.443 0.0000000000
71964  21.597  -17.215  -15.656 0.0000000000
71971  32.071  -16.963  -16.936 0.0000000000
71972  31.350  -16.970  -17.286 0.0000000000
71973  30.563  -17.314  -17.827 0.0000000000
71974  23.854  -18.269  -17.979 0.0000000000
71975  23.084  -17.581  -17.462 0.0000000000
71976  22.371  -16.914  -17.021 0.0000000000
71985  30.134  -17.534  -18.611 0.0000000000
71986  29.392  -17.717  -19.197 0.0000000000
71987  28.540  -17.911  -19.291 0.0000000000
71988  24.938  -17.871  -18.997 0.0000000000
71989  24.010  -17.462  -18.618 0.0000000000
71990  23.144  -16.883  -18.163 0.0000000000
71997  28.803  -17.352  -19.543 0.0000000000
71998  27.937  -17.479  -19.604 0.0000000000
71999  26.935  -17.484  -19.951 0.0000000000
72000  25.999  -17.292  -19.846 0.0000000000
72001  24.976  -17.174  -19.483 0.0000000000
72002  24.223  -16.706  -19.149 0.0000000000
72909  37.993  -17.828  -14.749 0.0000000000
72910  37.590  -17.612  -14.699 0.0000000000
72911  36.876  -17.377  -14.704 0.0000000000
72912  36.202  -17.244  -14.856 0.0000000000
72924  21.574  -17.283  -14.496 0.0000000000
72935  38.423  -17.391  -14.980 0.0000000000
72936  37.600  -16.868  -14.800 0.0000000000
72937  36.725  -16.637  -14.870 0.0000000000
72938  35.674  -16.701  -15.142 0.0000000000
72939  34.841  -16.769  -15.438 0.0000000000
72948  21.338  -16.822  -15.109 0.0000000000
72957  35.171  -16.200  -15.452 0.0000000000
72958  34.395  -16.303  -15.770 0.0000000000
72959  33.451  -16.280  -16.409 0.0000000000
72960  32.664  -16.556  -16.812 0.0000000000
72961  21.883  -16.640  -16.348 0.0000000000
72962  21.668  -16.421  -15.666 0.0000000000
72970  32.955  -15.908  -16.945 0.0000000000
72971  32.149  -16.135  -17.295 0.0000000000
72972  31.185  -16.216  -17.940 0.0000000000
72973  30.604  -16.766  -18.474 0.0000000000
72974  22.662  -16.704  -17.614 0.0000000000
72975  22.183  -16.056  -17.133 0.0000000000
72984  30.924  -16.141  -18.745 0.0000000000
72985  30.273  -16.641  -19.270 0.0000000000
72986  29.409  -16.943  -19.621 0.0000000000
72987  23.522  -16.499  -18.680 0.0000000000
72988  22.689  -16.060  -18.072 0.0000000000
72989  22.263  -15.425  -17.572 0.0000000000
73000  29.680  -16.176  -19.842 0.0000000000
73001  28.648  -16.603  -19.952 0.0000000000
73002  27.614  -16.861  -20.315 0.0000000000
73003  26.649  -16.676  -20.587 0.0000000000
73004  25.666  -16.564  -20.035 0.0000000000
73005  24.784  -16.163  -19.577 0.0000000000
73006  23.971  -16.075  -19.096 0.0000000000
73015  26.575  -16.018  -20.796 0.0000000000
73016  26.111  -15.994  -20.429 0.0000000000
73017  25.502  -15.890  -20.028 0.0000000000
73923  38.379  -16.329  -15.055 0.0000000000
73924  37.501  -15.995  -14.908 0.0000000000
73925  36.519  -15.749  -15.072 0.0000000000
73926  35.701  -15.847  -15.272 0.0000000000
73949  35.974  -15.247  -15.233 0.0000000000
73950  35.198  -15.386  -15.551 0.0000000000
73951  34.272  -15.296  -16.114 0.0000000000
73952  33.482  -15.242  -16.701 0.0000000000
73957  21.805  -15.664  -16.014 0.0000000000
73966  32.813  -15.198  -17.285 0.0000000000
73967  32.036  -15.177  -17.993 0.0000000000
73968  31.373  -15.552  -18.570 0.0000000000
73969  22.135  -14.777  -17.422 0.0000000000
73970  21.933  -15.000  -17.042 0.0000000000
73974  31.697  -14.810  -18.796 0.0000000000
73975  30.919  -15.360  -19.343 0.0000000000
73976  30.285  -15.891  -19.613 0.0000000000
73977  23.297  -15.624  -18.666 0.0000000000
73978  22.525  -14.983  -17.941 0.0000000000
73979  22.179  -15.038  -17.513 0.0000000000
73990  30.650  -14.893  -19.817 0.0000000000
73991  30.170  -15.329  -19.996 0.0000000000
73992  29.186  -15.597  -20.637 0.0000000000
73993  28.100  -16.232  -20.781 0.0000000000
73994  27.401  -16.481  -20.803 0.0000000000
73995  25.053  -15.317  -19.863 0.0000000000
73996  24.062  -15.221  -19.304 0.0000000000
73997  23.185  -14.784  -18.703 0.0000000000
74008  28.920  -15.145  -21.236 0.0000000000
74009  28.314  -15.493  -21.280 0.0000000000
74010  27.216  -15.846  -21.137 0.0000000000
74011  26.332  -15.449  -20.891 0.0000000000
74012  25.729  -15.308  -20.346 0.0000000000
74847  38.250  -15.462  -15.220 0.0000000000
74848  37.439  -15.111  -15.103 0.0000000000
74849  36.632  -14.799  -15.165 0.0000000000
74869  35.876  -14.521  -15.336 0.0000000000
74870  35.024  -14.340  -15.804 0.0000000000
74871  34.027  -14.212  -16.456 0.0000000000
74872  33.331  -14.525  -17.044 0.0000000000
74888  33.483  -13.795  -17.104 0.0000000000
74889  32.852  -14.175  -17.745 0.0000000000
74890  32.232  -14.225  -18.496 0.0000000000
74891  22.148  -14.131  -17.137 0.0000000000
74896  31.914  -14.112  -18.979 0.0000000000
74897  31.507  -14.353  -19.345 0.0000000000
74898  22.778  -14.007  -18.198 0.0000000000
74907  31.028  -14.433  -19.797 0.0000000000
74908  30.512  -14.501  -20.279 0.0000000000
74909  29.942  -14.919  -20.611 0.0000000000
74910  25.350  -14.841  -20.218 0.0000000000
74911  24.659  -14.444  -19.988 0.0000000000
74912  23.527  -14.028  -19.215 0.0000000000
74922  30.144  -14.368  -20.797 0.0000000000
74923  29.451  -14.617  -21.164 0.0000000000
74924  28.554  -14.679  -21.608 0.0000000000
74925  27.692  -15.004  -21.653 0.0000000000
74926  26.754  -14.912  -21.483 0.0000000000
74927  25.666  -14.430  -20.905 0.0000000000
74928  24.811  -13.753  -20.473 0.0000000000
74937  27.993  -14.427  -21.951 0.0000000000
74938  27.301  -14.379  -22.049 0.0000000000
74939  26.479  -14.037  -21.760 0.0000000000
74940  25.853  -13.579  -21.483 0.0000000000
75893  37.392  -14.224  -15.287 0.0000000000
75894  36.597  -14.043  -15.288 0.0000000000
75918  35.946  -13.421  -15.445 0.0000000000
75919  34.832  -13.229  -16.038 0.0000000000
75920  33.950  -13.088  -16.736 0.0000000000
75940  33.231  -12.954  -17.584 0.0000000000
75941  32.529  -13.252  -18.558 0.0000000000
75942  32.161  -13.752  -18.861 0.0000000000
75946  22.565  -13.135  -17.644 0.0000000000
75950  32.314  -12.875  -19.089 0.0000000000
75951  31.902  -13.397  -19.425 0.0000000000
75952  31.411  -13.943  -19.731 0.0000000000
75953  22.880  -13.079  -18.627 0.0000000000
75961  31.642  -13.028  -19.996 0.0000000000
75962  31.100  -13.555  -20.364 0.0000000000
75963  30.517  -14.045  -20.676 0.0000000000
75964  24.017  -13.599  -20.062 0.0000000000
75965  23.465  -13.035  -19.481 0.0000000000
75975  30.653  -13.106  -21.006 0.0000000000
75976  30.137  -13.671  -21.166 0.0000000000
75977  29.005  -13.736  -21.802 0.0000000000
75978  28.391  -14.164  -21.931 0.0000000000
75979  25.151  -13.273  -21.063 0.0000000000
75980  24.428  -13.064  -20.473 0.0000000000
75981  23.867  -12.935  -20.074 0.0000000000
75989  28.560  -13.131  -22.285 0.0000000000
75990  27.981  -13.743  -22.257 0.0000000000
75991  27.042  -13.633  -22.263 0.0000000000
76992  34.488  -12.187  -16.335 0.0000000000
76993  33.735  -12.135  -17.068 0.0000000000
77014  33.307  -12.000  -17.717 0.0000000000
77015  32.886  -12.219  -18.319 0.0000000000
77023  22.816  -12.105  -17.899 0.0000000000
77027  32.506  -12.359  -18.945 0.0000000000
77028  32.219  -12.452  -19.411 0.0000000000
77029  23.052  -12.226  -19.086 0.0000000000
77036  31.884  -12.521  -19.837 0.0000000000
77037  31.514  -12.574  -20.289 0.0000000000
77038  23.526  -12.364  -19.893 0.0000000000
77049  30.991  -12.541  -20.839 0.0000000000
77050  30.234  -12.604  -21.559 0.0000000000
77051  29.664  -13.165  -21.694 0.0000000000
77054  23.976  -12.538  -20.427 0.0000000000
77066  29.816  -12.178  -22.010 0.0000000000
77067  29.179  -12.603  -22.155 0.0000000000
77068  28.757  -12.178  -22.383 0.0000000000
77082  28.635  -12.760  -22.351 0.0000000000
78049  33.651  -11.347  -17.566 0.0000000000
78050  33.252  -11.386  -18.214 0.0000000000
78063  32.804  -11.435  -19.097 0.0000000000
78064  32.427  -11.951  -19.319 0.0000000000
78070  23.025  -11.202  -18.736 0.0000000000
78075  32.719  -11.117  -19.711 0.0000000000
78076  32.276  -11.602  -19.900 0.0000000000
78077  31.785  -12.080  -20.116 0.0000000000
78078  23.224  -11.515  -19.727 0.0000000000
78087  32.085  -11.197  -20.451 0.0000000000
78088  31.589  -11.685  -20.600 0.0000000000
78089  30.830  -11.720  -21.288 0.0000000000
78102  30.128  -11.669  -21.812 0.0000000000
78103  29.459  -11.755  -22.127 0.0000000000
78104  28.966  -11.909  -22.304 0.0000000000
79104  32.688  -10.980  -20.005 0.0000000000
79112  32.555  -10.670  -20.515 0.0000000000
79113  31.873  -10.847  -20.815 0.0000000000
79114  31.301  -10.916  -21.171 0.0000000000
79126  30.466  -10.818  -21.479 0.0000000000
80101  31.606  -10.455  -21.115 0.0000000000
