#!ascii label  , from subject bert vox2ras=TkReg
1415
112072  40.287  32.149  9.222 0.0000000000
112073  39.544  31.796  9.644 0.0000000000
112074  38.732  31.652  9.966 0.0000000000
112075  38.272  31.663  10.480 0.0000000000
112079  41.439  32.485  7.941 0.0000000000
112080  40.738  32.084  8.391 0.0000000000
112081  39.745  31.918  8.776 0.0000000000
112082  39.191  31.792  9.408 0.0000000000
112086  42.114  32.611  7.221 0.0000000000
112087  41.722  32.408  7.427 0.0000000000
112088  41.136  32.236  7.454 0.0000000000
112089  40.383  32.158  8.009 0.0000000000
112093  42.377  32.642  6.972 0.0000000000
112094  41.921  32.411  6.943 0.0000000000
112095  41.447  32.402  6.836 0.0000000000
112695  38.457  31.850  9.808 0.0000000000
112696  37.909  31.938  10.198 0.0000000000
112697  37.118  32.512  10.318 0.0000000000
112701  42.463  33.586  7.683 0.0000000000
112702  41.904  33.233  7.912 0.0000000000
112704  39.299  32.208  8.568 0.0000000000
112705  38.657  32.190  9.227 0.0000000000
112706  37.934  32.474  9.577 0.0000000000
112710  43.384  33.260  6.710 0.0000000000
112711  42.661  33.134  7.253 0.0000000000
112712  41.949  32.719  7.535 0.0000000000
112713  40.493  32.399  7.468 0.0000000000
112714  39.723  32.488  7.899 0.0000000000
112715  39.011  32.584  8.377 0.0000000000
112720  44.020  33.796  5.820 0.0000000000
112721  43.639  33.361  6.143 0.0000000000
112722  42.733  32.769  6.450 0.0000000000
112723  41.817  32.682  6.296 0.0000000000
112724  40.911  32.611  6.715 0.0000000000
112725  40.261  32.837  7.208 0.0000000000
112733  44.032  33.925  5.496 0.0000000000
112734  43.742  33.664  5.497 0.0000000000
112735  43.103  33.242  5.607 0.0000000000
112736  42.406  32.982  5.825 0.0000000000
113352  37.466  32.704  9.815 0.0000000000
113353  36.669  33.502  9.900 0.0000000000
113357  42.289  33.973  7.938 0.0000000000
113360  38.485  33.069  8.544 0.0000000000
113361  37.692  33.361  9.122 0.0000000000
113362  36.889  34.342  9.234 0.0000000000
113368  44.280  34.164  6.857 0.0000000000
113369  43.834  33.860  7.081 0.0000000000
113370  42.937  34.161  7.581 0.0000000000
113371  39.782  33.355  7.320 0.0000000000
113372  38.992  33.476  7.828 0.0000000000
113379  44.236  34.012  6.427 0.0000000000
113380  43.813  33.563  6.594 0.0000000000
113381  41.975  33.108  5.780 0.0000000000
113382  41.396  33.461  5.970 0.0000000000
113383  40.394  33.671  6.631 0.0000000000
113391  44.391  34.273  5.619 0.0000000000
113392  44.032  34.074  5.115 0.0000000000
113393  43.415  34.023  5.007 0.0000000000
113394  42.381  33.752  5.371 0.0000000000
113395  41.652  34.301  5.519 0.0000000000
113401  44.270  34.632  4.990 0.0000000000
113402  43.956  34.507  4.546 0.0000000000
113403  43.543  34.635  4.408 0.0000000000
113438  41.488  34.754  -0.051 0.0000000000
113439  41.202  34.449  0.026 0.0000000000
113447  41.512  34.757  -0.259 0.0000000000
113448  41.141  34.421  -0.618 0.0000000000
113460  41.053  34.691  -1.196 0.0000000000
113461  40.637  34.964  -1.352 0.0000000000
114029  38.177  34.055  8.318 0.0000000000
114030  37.380  34.901  8.563 0.0000000000
114039  45.400  35.472  6.726 0.0000000000
114040  44.639  34.754  6.986 0.0000000000
114041  43.719  34.862  7.398 0.0000000000
114043  39.564  34.535  7.053 0.0000000000
114044  38.579  34.734  7.746 0.0000000000
114045  37.988  34.892  8.163 0.0000000000
114052  45.411  35.552  6.156 0.0000000000
114053  44.999  34.742  6.226 0.0000000000
114054  40.878  34.667  5.923 0.0000000000
114055  40.202  34.605  6.477 0.0000000000
114062  45.270  35.769  5.775 0.0000000000
114063  44.783  35.226  5.422 0.0000000000
114064  42.934  34.531  4.632 0.0000000000
114065  42.122  34.880  4.934 0.0000000000
114066  41.485  34.875  5.425 0.0000000000
114072  44.275  35.188  4.368 0.0000000000
114073  43.906  34.887  3.937 0.0000000000
114074  43.293  35.090  3.949 0.0000000000
114075  42.721  35.009  4.378 0.0000000000
114083  44.323  35.531  3.880 0.0000000000
114084  44.108  35.359  3.655 0.0000000000
114085  43.776  35.193  3.594 0.0000000000
114108  40.443  35.485  0.783 0.0000000000
114123  42.333  35.856  -0.288 0.0000000000
114124  41.656  35.193  0.025 0.0000000000
114125  40.883  34.951  0.383 0.0000000000
114139  42.322  35.722  -0.710 0.0000000000
114140  41.911  35.179  -0.655 0.0000000000
114141  41.557  34.916  -1.121 0.0000000000
114155  42.234  35.686  -0.971 0.0000000000
114156  41.891  35.516  -1.231 0.0000000000
114157  41.207  35.439  -1.465 0.0000000000
114158  40.541  35.593  -1.460 0.0000000000
114688  45.727  36.043  6.950 0.0000000000
114689  45.287  35.899  7.119 0.0000000000
114690  44.361  35.804  7.305 0.0000000000
114692  39.529  35.265  6.852 0.0000000000
114693  39.036  35.648  7.184 0.0000000000
114703  45.749  36.215  6.664 0.0000000000
114704  40.715  35.305  5.836 0.0000000000
114705  40.037  35.595  6.322 0.0000000000
114706  39.151  36.560  6.664 0.0000000000
114713  45.551  36.298  6.159 0.0000000000
114714  44.950  36.180  5.530 0.0000000000
114715  44.339  36.306  5.132 0.0000000000
114716  41.911  35.336  4.714 0.0000000000
114717  41.227  35.612  5.214 0.0000000000
114718  40.321  36.548  5.580 0.0000000000
114726  44.409  35.771  4.856 0.0000000000
114727  44.241  36.225  4.475 0.0000000000
114728  43.120  35.361  3.673 0.0000000000
114729  42.424  35.543  4.086 0.0000000000
114730  41.508  36.310  4.337 0.0000000000
114743  44.343  35.725  4.183 0.0000000000
114744  44.207  35.988  3.699 0.0000000000
114745  43.548  35.626  3.311 0.0000000000
114746  42.737  36.084  3.259 0.0000000000
114762  43.717  36.996  1.389 0.0000000000
114763  43.512  36.809  1.629 0.0000000000
114764  39.251  36.377  1.782 0.0000000000
114781  43.603  37.137  0.805 0.0000000000
114782  42.900  36.777  1.099 0.0000000000
114783  41.723  36.620  0.951 0.0000000000
114784  40.751  36.353  1.081 0.0000000000
114785  39.828  36.050  1.340 0.0000000000
114795  43.564  37.241  0.397 0.0000000000
114796  43.015  36.778  0.127 0.0000000000
114797  42.154  36.204  0.366 0.0000000000
114798  41.254  35.839  0.522 0.0000000000
114811  42.495  36.389  -0.878 0.0000000000
114812  42.222  36.847  -1.275 0.0000000000
114826  42.138  35.959  -1.171 0.0000000000
114827  41.771  36.396  -1.463 0.0000000000
114828  40.799  36.375  -1.660 0.0000000000
114829  40.185  36.157  -1.315 0.0000000000
115326  46.872  37.735  6.943 0.0000000000
115327  46.041  36.895  7.118 0.0000000000
115328  45.070  36.766  7.415 0.0000000000
115342  46.816  37.824  6.723 0.0000000000
115343  46.219  37.250  6.628 0.0000000000
115344  39.572  36.955  6.041 0.0000000000
115355  45.427  37.109  6.063 0.0000000000
115356  44.540  36.963  5.533 0.0000000000
115357  43.949  36.698  5.025 0.0000000000
115358  40.793  36.832  4.851 0.0000000000
115359  39.813  37.468  5.209 0.0000000000
115368  43.826  36.814  4.234 0.0000000000
115369  41.980  36.349  3.660 0.0000000000
115370  41.144  37.109  3.906 0.0000000000
115371  40.406  37.422  4.498 0.0000000000
115383  43.972  36.685  3.141 0.0000000000
115384  43.350  36.352  2.695 0.0000000000
115385  42.128  36.730  2.928 0.0000000000
115386  40.920  37.451  3.082 0.0000000000
115387  39.833  37.651  2.973 0.0000000000
115402  44.136  36.806  2.015 0.0000000000
115403  42.906  36.728  1.995 0.0000000000
115404  41.663  37.070  2.230 0.0000000000
115405  40.529  37.312  2.256 0.0000000000
115406  39.334  37.055  2.237 0.0000000000
115418  44.079  37.448  1.236 0.0000000000
115419  42.114  36.898  1.553 0.0000000000
115420  41.170  36.955  1.583 0.0000000000
115421  40.190  36.803  1.659 0.0000000000
115422  39.631  36.611  1.735 0.0000000000
115435  43.946  37.626  0.495 0.0000000000
115436  43.529  37.373  0.084 0.0000000000
115450  43.710  37.813  -0.067 0.0000000000
115451  43.048  37.514  -0.522 0.0000000000
115452  42.496  37.197  -1.085 0.0000000000
115453  39.481  37.673  -0.314 0.0000000000
115462  42.555  37.829  -1.122 0.0000000000
115463  41.971  37.509  -1.454 0.0000000000
115464  41.112  37.413  -1.781 0.0000000000
115465  40.227  37.429  -1.217 0.0000000000
115977  47.788  38.747  6.918 0.0000000000
115978  47.372  38.490  7.093 0.0000000000
115979  46.656  38.116  7.293 0.0000000000
115989  47.744  38.783  6.699 0.0000000000
115990  47.232  38.446  6.644 0.0000000000
115991  46.718  37.901  6.586 0.0000000000
116000  46.961  38.754  6.276 0.0000000000
116001  46.297  38.193  6.237 0.0000000000
116002  45.021  37.993  5.805 0.0000000000
116003  43.849  37.732  5.203 0.0000000000
116011  43.384  38.001  3.872 0.0000000000
116012  43.064  38.791  3.567 0.0000000000
116013  40.438  37.574  4.032 0.0000000000
116014  39.791  37.813  4.367 0.0000000000
116027  43.724  37.679  2.660 0.0000000000
116028  43.302  38.530  2.977 0.0000000000
116029  40.658  37.499  3.675 0.0000000000
116030  40.160  37.713  3.647 0.0000000000
116031  39.311  37.860  3.724 0.0000000000
116047  43.922  38.145  1.800 0.0000000000
116048  43.613  38.346  2.385 0.0000000000
116062  44.218  38.289  0.914 0.0000000000
116075  43.960  38.334  0.181 0.0000000000
116076  39.356  38.767  0.103 0.0000000000
116086  43.447  38.373  -0.333 0.0000000000
116087  42.858  38.479  -0.898 0.0000000000
116088  39.786  38.591  -0.841 0.0000000000
116094  42.180  38.508  -1.416 0.0000000000
116095  41.416  38.445  -1.772 0.0000000000
116096  40.635  38.455  -1.639 0.0000000000
116097  40.208  38.507  -1.287 0.0000000000
116580  47.793  39.349  7.176 0.0000000000
116581  47.135  39.050  7.400 0.0000000000
116589  48.002  39.151  6.722 0.0000000000
116590  47.723  38.972  6.535 0.0000000000
116592  47.856  39.447  6.454 0.0000000000
116593  47.396  39.237  6.228 0.0000000000
116594  46.668  39.194  5.932 0.0000000000
116595  45.671  39.056  5.736 0.0000000000
116596  44.469  39.008  5.560 0.0000000000
116602  43.464  39.065  4.933 0.0000000000
116603  42.934  39.301  4.072 0.0000000000
116621  42.822  39.388  3.215 0.0000000000
116638  43.668  38.722  1.732 0.0000000000
116639  43.328  39.188  2.132 0.0000000000
116653  43.715  38.961  1.294 0.0000000000
116654  43.347  39.798  1.318 0.0000000000
116655  38.188  39.984  0.890 0.0000000000
116665  43.738  39.005  0.472 0.0000000000
116666  43.460  39.388  0.009 0.0000000000
116667  39.360  39.693  0.024 0.0000000000
116668  38.770  39.850  0.509 0.0000000000
116676  43.594  38.872  -0.043 0.0000000000
116677  43.139  39.292  -0.526 0.0000000000
116678  39.581  39.613  -0.565 0.0000000000
116685  42.523  39.384  -1.294 0.0000000000
116686  41.731  39.401  -1.765 0.0000000000
116687  40.893  39.406  -1.954 0.0000000000
116688  40.157  39.524  -1.325 0.0000000000
117197  47.742  40.815  7.956 0.0000000000
117198  47.430  40.500  8.057 0.0000000000
117207  47.798  40.567  7.506 0.0000000000
117208  47.485  39.804  7.606 0.0000000000
117215  48.061  40.029  6.727 0.0000000000
117223  47.675  40.054  6.209 0.0000000000
117224  47.043  40.080  5.846 0.0000000000
117225  46.183  40.038  5.595 0.0000000000
117226  45.157  40.034  5.493 0.0000000000
117227  44.082  40.178  5.279 0.0000000000
117243  43.186  40.345  4.620 0.0000000000
117244  42.623  40.396  3.733 0.0000000000
117263  42.574  40.390  2.688 0.0000000000
117277  42.892  40.525  1.696 0.0000000000
117289  43.466  39.689  0.663 0.0000000000
117290  43.255  40.623  0.804 0.0000000000
117291  38.185  40.823  0.856 0.0000000000
117292  37.632  40.746  1.686 0.0000000000
117299  43.478  39.568  0.256 0.0000000000
117300  43.326  40.260  -0.137 0.0000000000
117301  39.224  40.319  -0.209 0.0000000000
117302  38.631  40.842  0.008 0.0000000000
117306  42.852  40.299  -1.123 0.0000000000
117307  39.470  40.635  -1.003 0.0000000000
117308  39.053  40.866  -0.444 0.0000000000
117317  42.111  40.297  -1.709 0.0000000000
117318  41.276  40.319  -2.105 0.0000000000
117319  40.496  40.353  -1.819 0.0000000000
117320  40.017  40.445  -1.489 0.0000000000
117798  47.863  41.384  8.269 0.0000000000
117805  48.053  41.477  7.547 0.0000000000
117813  47.831  41.223  6.752 0.0000000000
117814  47.428  41.737  6.220 0.0000000000
117827  47.754  40.583  6.416 0.0000000000
117828  47.316  41.094  5.954 0.0000000000
117829  46.547  40.974  5.519 0.0000000000
117830  45.686  40.958  5.329 0.0000000000
117831  44.806  40.929  5.230 0.0000000000
117844  46.673  41.788  5.408 0.0000000000
117845  46.061  41.842  5.070 0.0000000000
117846  45.163  41.794  4.878 0.0000000000
117847  43.983  41.510  4.762 0.0000000000
117848  42.904  41.523  4.124 0.0000000000
117856  42.544  41.481  3.188 0.0000000000
117863  42.476  41.562  2.169 0.0000000000
117864  37.466  41.392  1.760 0.0000000000
117865  37.011  41.835  1.990 0.0000000000
117871  42.775  41.633  1.135 0.0000000000
117872  38.018  41.471  0.739 0.0000000000
117873  37.648  41.821  1.089 0.0000000000
117874  37.181  42.312  1.430 0.0000000000
117880  43.152  41.634  0.099 0.0000000000
117881  38.115  41.702  0.279 0.0000000000
117882  37.775  42.180  0.494 0.0000000000
117887  42.838  41.438  -0.955 0.0000000000
117888  42.201  41.711  -1.511 0.0000000000
117889  39.333  41.534  -1.248 0.0000000000
117890  38.804  41.503  -0.568 0.0000000000
117898  42.408  41.032  -1.538 0.0000000000
117899  41.646  41.276  -1.900 0.0000000000
117900  40.774  41.145  -2.083 0.0000000000
117901  39.958  41.147  -1.707 0.0000000000
118394  48.142  42.246  7.953 0.0000000000
118395  47.749  42.490  7.443 0.0000000000
118396  47.125  42.678  7.198 0.0000000000
118410  48.023  41.987  7.211 0.0000000000
118411  47.349  42.272  6.615 0.0000000000
118412  46.615  42.689  6.690 0.0000000000
118425  46.811  42.277  5.724 0.0000000000
118434  46.276  42.708  4.963 0.0000000000
118435  45.598  42.763  4.572 0.0000000000
118436  44.620  42.664  4.371 0.0000000000
118437  43.542  42.729  3.935 0.0000000000
118438  42.801  42.308  3.512 0.0000000000
118446  42.991  42.981  3.309 0.0000000000
118447  42.609  42.619  2.721 0.0000000000
118448  36.059  42.460  3.030 0.0000000000
118449  35.584  42.814  3.532 0.0000000000
118453  42.480  42.692  1.633 0.0000000000
118454  36.369  42.680  2.255 0.0000000000
118455  35.952  43.082  2.773 0.0000000000
118459  42.702  42.680  0.557 0.0000000000
118460  37.197  42.758  1.067 0.0000000000
118461  36.829  42.747  1.586 0.0000000000
118467  42.447  42.616  -0.563 0.0000000000
118468  41.775  42.904  -0.706 0.0000000000
118469  37.782  42.390  0.141 0.0000000000
118470  37.442  42.681  0.482 0.0000000000
118479  42.314  42.113  -1.198 0.0000000000
118480  41.398  42.387  -1.349 0.0000000000
118481  40.033  42.509  -1.277 0.0000000000
118482  39.062  42.346  -0.950 0.0000000000
118483  38.157  42.477  -0.322 0.0000000000
118484  37.534  42.832  -0.063 0.0000000000
118491  41.069  41.731  -1.937 0.0000000000
118492  40.439  41.877  -1.829 0.0000000000
118493  39.652  41.948  -1.613 0.0000000000
118988  44.431  44.107  9.099 0.0000000000
118989  43.840  44.164  9.181 0.0000000000
118997  47.934  43.014  8.420 0.0000000000
118998  47.026  43.567  8.681 0.0000000000
118999  45.721  43.596  8.372 0.0000000000
119000  44.619  43.680  8.403 0.0000000000
119001  43.581  43.921  8.592 0.0000000000
119002  42.916  44.018  8.308 0.0000000000
119012  47.933  42.716  7.889 0.0000000000
119013  47.400  42.906  7.851 0.0000000000
119014  46.224  42.997  7.445 0.0000000000
119015  44.907  43.316  7.550 0.0000000000
119016  43.904  43.581  7.691 0.0000000000
119017  43.123  43.831  7.742 0.0000000000
119029  46.451  42.875  5.918 0.0000000000
119030  45.869  43.050  6.270 0.0000000000
119031  45.116  43.287  6.626 0.0000000000
119032  43.992  43.564  6.677 0.0000000000
119033  43.426  43.726  7.184 0.0000000000
119041  46.149  43.596  4.935 0.0000000000
119042  45.820  43.674  5.419 0.0000000000
119043  45.149  43.698  5.849 0.0000000000
119044  44.579  43.639  6.160 0.0000000000
119051  45.928  43.886  4.272 0.0000000000
119052  45.124  43.575  4.064 0.0000000000
119053  44.203  43.389  3.827 0.0000000000
119054  43.756  43.294  3.677 0.0000000000
119055  35.162  43.646  4.215 0.0000000000
119060  45.952  44.513  3.827 0.0000000000
119061  45.502  44.360  3.735 0.0000000000
119062  44.597  44.171  3.552 0.0000000000
119063  43.511  43.712  3.279 0.0000000000
119064  42.865  43.329  2.921 0.0000000000
119065  35.758  43.738  3.120 0.0000000000
119069  43.324  44.381  2.642 0.0000000000
119070  42.745  43.793  2.242 0.0000000000
119071  40.005  44.242  1.378 0.0000000000
119072  39.538  44.132  1.330 0.0000000000
119073  36.525  43.192  1.748 0.0000000000
119074  36.192  43.653  2.101 0.0000000000
119078  42.569  43.682  1.097 0.0000000000
119079  40.887  44.361  0.432 0.0000000000
119080  40.266  44.067  0.803 0.0000000000
119081  39.134  43.895  0.718 0.0000000000
119082  37.095  43.139  0.669 0.0000000000
119083  36.756  43.587  1.120 0.0000000000
119084  36.425  44.011  1.619 0.0000000000
119089  42.545  43.627  0.165 0.0000000000
119090  41.903  43.537  -0.278 0.0000000000
119091  40.968  43.861  -0.053 0.0000000000
119092  39.817  43.588  -0.002 0.0000000000
119093  38.759  43.706  -0.119 0.0000000000
119094  37.103  43.432  0.142 0.0000000000
119095  36.791  43.927  0.367 0.0000000000
119108  41.312  43.124  -0.605 0.0000000000
119109  40.476  43.045  -0.640 0.0000000000
119110  39.383  43.097  -0.657 0.0000000000
119111  38.350  43.207  -0.485 0.0000000000
119112  37.658  43.222  -0.326 0.0000000000
119592  36.719  45.042  10.999 0.0000000000
119610  38.727  44.984  10.412 0.0000000000
119611  37.504  45.090  10.171 0.0000000000
119612  36.610  45.385  10.344 0.0000000000
119625  44.025  44.552  9.646 0.0000000000
119626  43.002  44.597  9.747 0.0000000000
119627  41.950  44.677  9.729 0.0000000000
119628  40.812  44.795  9.635 0.0000000000
119629  39.658  44.952  9.467 0.0000000000
119630  38.486  45.222  9.305 0.0000000000
119631  37.573  45.463  9.405 0.0000000000
119637  45.256  44.017  8.935 0.0000000000
119638  43.401  44.283  9.228 0.0000000000
119639  42.675  44.294  8.901 0.0000000000
119640  41.632  44.496  8.737 0.0000000000
119641  40.586  44.800  8.553 0.0000000000
119642  39.521  45.265  8.412 0.0000000000
119643  38.640  45.581  8.526 0.0000000000
119652  42.416  44.171  7.999 0.0000000000
119653  41.564  44.573  7.680 0.0000000000
119654  40.557  45.157  7.513 0.0000000000
119655  39.763  45.607  7.615 0.0000000000
119665  43.592  43.912  6.292 0.0000000000
119666  42.871  44.221  6.728 0.0000000000
119667  41.553  44.935  6.673 0.0000000000
119668  40.871  45.513  6.677 0.0000000000
119669  34.410  44.768  6.407 0.0000000000
119670  33.992  44.504  6.752 0.0000000000
119676  46.124  44.405  4.543 0.0000000000
119677  45.928  44.548  4.714 0.0000000000
119678  45.320  44.525  5.235 0.0000000000
119679  44.109  44.299  5.760 0.0000000000
119680  43.162  44.918  5.760 0.0000000000
119681  35.096  44.882  5.338 0.0000000000
119682  34.582  44.491  5.955 0.0000000000
119688  46.133  44.554  4.314 0.0000000000
119689  46.161  44.808  4.394 0.0000000000
119690  35.324  44.822  4.563 0.0000000000
119691  34.800  44.154  5.035 0.0000000000
119695  46.161  44.772  3.927 0.0000000000
119696  45.807  44.990  3.608 0.0000000000
119697  45.044  44.973  3.414 0.0000000000
119698  43.953  44.903  3.088 0.0000000000
119699  40.173  45.017  2.664 0.0000000000
119700  39.201  44.671  2.917 0.0000000000
119701  38.001  44.885  2.897 0.0000000000
119702  37.347  45.137  2.922 0.0000000000
119703  35.660  44.620  3.590 0.0000000000
119706  43.211  44.947  1.937 0.0000000000
119707  42.764  44.331  1.464 0.0000000000
119708  40.658  45.082  1.828 0.0000000000
119709  39.825  44.408  1.956 0.0000000000
119710  38.494  44.311  1.715 0.0000000000
119711  37.158  44.779  2.226 0.0000000000
119712  36.368  44.749  2.188 0.0000000000
119713  35.973  44.483  2.607 0.0000000000
119718  43.015  45.396  1.299 0.0000000000
119719  42.543  44.761  0.755 0.0000000000
119720  41.747  45.040  0.496 0.0000000000
119721  41.057  44.888  0.897 0.0000000000
119722  40.392  44.492  1.385 0.0000000000
119723  38.110  44.178  0.453 0.0000000000
119724  37.346  44.403  1.044 0.0000000000
119725  36.616  44.401  1.446 0.0000000000
119726  36.265  44.293  1.945 0.0000000000
119732  42.202  44.064  0.186 0.0000000000
119733  41.801  44.317  0.185 0.0000000000
119734  41.305  44.517  0.330 0.0000000000
119735  37.909  43.900  -0.302 0.0000000000
119736  37.165  44.271  0.012 0.0000000000
119737  36.777  44.246  0.699 0.0000000000
119748  37.796  43.541  -0.378 0.0000000000
119749  37.434  43.715  -0.287 0.0000000000
120232  35.969  45.539  10.820 0.0000000000
120249  36.881  45.579  9.720 0.0000000000
120250  36.186  46.097  10.181 0.0000000000
120251  35.588  46.023  10.741 0.0000000000
120256  37.939  45.703  8.834 0.0000000000
120257  37.211  46.087  9.143 0.0000000000
120258  36.709  46.094  9.579 0.0000000000
120263  39.083  45.819  7.928 0.0000000000
120264  38.357  46.302  8.297 0.0000000000
120265  37.711  46.187  8.739 0.0000000000
120266  33.195  46.008  8.197 0.0000000000
120273  40.240  45.802  7.051 0.0000000000
120274  39.622  46.345  7.324 0.0000000000
120275  38.991  46.356  7.781 0.0000000000
120276  34.288  45.981  7.173 0.0000000000
120277  33.616  45.321  7.553 0.0000000000
120283  42.363  45.161  6.001 0.0000000000
120284  41.720  45.933  6.068 0.0000000000
120285  40.749  46.232  6.556 0.0000000000
120286  40.209  46.328  6.902 0.0000000000
120287  34.557  45.375  6.485 0.0000000000
120288  34.144  45.277  7.005 0.0000000000
120294  45.705  45.395  4.709 0.0000000000
120295  44.910  45.495  5.144 0.0000000000
120296  43.849  45.644  5.403 0.0000000000
120297  42.931  45.749  5.629 0.0000000000
120298  42.370  45.752  5.819 0.0000000000
120299  35.373  45.813  5.240 0.0000000000
120300  34.989  45.295  5.826 0.0000000000
120306  46.243  45.007  4.248 0.0000000000
120307  46.148  45.359  4.301 0.0000000000
120308  39.855  46.154  4.074 0.0000000000
120309  39.296  46.006  4.260 0.0000000000
120310  38.335  45.981  4.280 0.0000000000
120311  36.291  45.997  4.032 0.0000000000
120312  35.893  45.750  4.132 0.0000000000
120317  46.282  45.098  4.047 0.0000000000
120318  46.104  45.551  3.812 0.0000000000
120319  45.399  45.740  3.391 0.0000000000
120320  44.644  45.545  3.149 0.0000000000
120321  40.773  45.898  2.597 0.0000000000
120322  39.925  45.657  3.577 0.0000000000
120323  38.680  45.349  3.700 0.0000000000
120324  37.478  45.586  3.638 0.0000000000
120325  36.525  45.661  3.540 0.0000000000
120326  36.093  45.097  3.172 0.0000000000
120331  44.732  46.081  3.087 0.0000000000
120332  44.027  45.834  2.550 0.0000000000
120333  41.952  46.413  1.089 0.0000000000
120334  41.447  46.001  1.421 0.0000000000
120335  36.956  45.278  2.983 0.0000000000
120336  36.516  45.050  2.783 0.0000000000
120337  36.205  44.865  2.648 0.0000000000
120344  43.353  45.887  1.705 0.0000000000
120345  42.838  45.858  1.098 0.0000000000
120346  42.123  45.912  0.775 0.0000000000
120347  41.569  45.526  0.772 0.0000000000
120811  36.025  46.980  10.212 0.0000000000
120812  35.270  46.698  10.840 0.0000000000
120813  34.930  47.160  11.204 0.0000000000
120815  37.121  46.533  9.114 0.0000000000
120816  36.749  46.786  9.433 0.0000000000
120822  38.223  47.158  8.271 0.0000000000
120823  37.468  46.810  8.804 0.0000000000
120824  37.124  47.214  9.092 0.0000000000
120825  33.296  46.876  8.286 0.0000000000
120832  39.678  47.027  7.215 0.0000000000
120833  39.016  47.074  7.659 0.0000000000
120834  34.339  46.706  7.279 0.0000000000
120835  33.875  46.557  7.773 0.0000000000
120839  43.009  47.217  5.702 0.0000000000
120840  42.486  46.989  5.849 0.0000000000
120841  41.455  46.979  6.298 0.0000000000
120842  40.370  47.041  6.789 0.0000000000
120843  35.176  47.103  6.354 0.0000000000
120844  34.803  46.783  6.677 0.0000000000
120850  45.993  45.904  4.446 0.0000000000
120851  45.536  46.375  4.647 0.0000000000
120852  44.564  46.617  5.103 0.0000000000
120853  43.409  46.876  5.520 0.0000000000
120854  42.566  46.255  5.732 0.0000000000
120855  35.351  46.888  5.926 0.0000000000
120856  35.046  46.021  6.032 0.0000000000
120862  46.126  46.336  4.129 0.0000000000
120863  45.671  47.066  4.261 0.0000000000
120864  40.423  47.053  4.019 0.0000000000
120865  39.988  46.759  4.323 0.0000000000
120866  38.843  46.738  4.704 0.0000000000
120867  37.592  46.636  4.508 0.0000000000
120868  36.503  46.697  4.421 0.0000000000
120869  35.795  47.025  5.010 0.0000000000
120876  45.720  46.375  3.637 0.0000000000
120877  45.085  46.537  3.344 0.0000000000
120878  40.587  46.775  3.524 0.0000000000
120879  40.138  46.305  3.929 0.0000000000
120880  36.870  46.130  4.012 0.0000000000
120881  36.517  46.082  4.020 0.0000000000
120888  44.428  46.641  2.849 0.0000000000
120889  43.668  46.675  2.245 0.0000000000
120890  43.050  47.042  1.783 0.0000000000
120891  42.187  46.915  1.630 0.0000000000
120892  41.351  47.075  2.370 0.0000000000
120901  43.129  46.432  1.531 0.0000000000
120902  42.603  46.486  1.234 0.0000000000
120903  42.230  46.475  1.107 0.0000000000
121321  34.149  48.490  12.816 0.0000000000
121324  35.354  48.114  11.130 0.0000000000
121325  34.975  47.901  11.477 0.0000000000
121328  36.401  47.586  9.964 0.0000000000
121329  35.642  47.839  10.710 0.0000000000
121330  35.169  47.385  11.037 0.0000000000
121333  37.629  48.258  9.049 0.0000000000
121334  37.110  47.896  9.331 0.0000000000
121342  38.594  47.867  8.019 0.0000000000
121343  37.832  47.822  8.689 0.0000000000
121344  37.359  47.420  8.963 0.0000000000
121345  32.929  47.597  8.546 0.0000000000
121351  39.832  47.719  7.190 0.0000000000
121352  39.245  47.977  7.599 0.0000000000
121353  34.279  47.505  7.428 0.0000000000
121354  33.636  47.588  8.081 0.0000000000
121359  43.100  47.740  5.774 0.0000000000
121360  42.249  47.854  6.161 0.0000000000
121361  41.286  47.867  6.549 0.0000000000
121362  40.567  47.929  6.869 0.0000000000
121363  35.230  47.679  6.387 0.0000000000
121364  34.752  47.833  6.914 0.0000000000
121370  45.012  47.500  4.658 0.0000000000
121371  44.317  47.650  5.263 0.0000000000
121372  43.769  47.863  5.583 0.0000000000
121373  38.813  48.346  5.188 0.0000000000
121374  38.013  48.450  5.196 0.0000000000
121375  37.506  48.620  5.125 0.0000000000
121376  35.596  47.866  5.674 0.0000000000
121381  45.602  47.023  3.789 0.0000000000
121382  45.263  47.721  4.010 0.0000000000
121383  40.501  47.659  4.057 0.0000000000
121384  39.530  47.786  4.822 0.0000000000
121385  38.312  47.625  5.015 0.0000000000
121386  37.189  47.941  5.010 0.0000000000
121387  36.293  47.898  4.935 0.0000000000
121388  35.892  48.087  5.201 0.0000000000
121395  45.333  46.862  3.542 0.0000000000
121396  44.689  47.448  3.310 0.0000000000
121397  44.119  47.997  3.009 0.0000000000
121398  41.629  48.259  2.668 0.0000000000
121399  41.159  47.874  3.107 0.0000000000
121407  44.149  47.124  2.715 0.0000000000
121408  43.739  47.611  2.537 0.0000000000
121409  42.845  47.789  2.084 0.0000000000
121410  41.992  47.953  2.210 0.0000000000
121411  41.512  47.831  2.532 0.0000000000
121833  33.946  49.082  14.028 0.0000000000
121837  33.983  48.792  13.450 0.0000000000
121839  34.439  48.745  12.215 0.0000000000
121840  34.099  49.025  12.810 0.0000000000
121842  35.419  48.653  11.148 0.0000000000
121843  34.909  48.896  11.602 0.0000000000
121845  36.548  48.517  10.149 0.0000000000
121846  35.983  48.786  10.704 0.0000000000
121849  37.607  48.708  9.296 0.0000000000
121850  37.183  48.772  9.691 0.0000000000
121858  38.483  48.590  8.353 0.0000000000
121859  38.011  48.664  8.860 0.0000000000
121860  33.253  48.475  8.356 0.0000000000
121861  32.520  48.464  8.815 0.0000000000
121866  40.581  48.933  7.188 0.0000000000
121867  39.863  48.655  7.430 0.0000000000
121868  39.081  48.613  7.845 0.0000000000
121869  34.412  48.546  7.248 0.0000000000
121870  33.896  48.476  7.835 0.0000000000
121876  43.799  48.935  5.886 0.0000000000
121877  43.076  48.734  6.132 0.0000000000
121878  42.061  48.720  6.477 0.0000000000
121879  41.097  48.675  6.835 0.0000000000
121880  40.368  48.377  7.088 0.0000000000
121881  35.401  48.680  6.094 0.0000000000
121882  34.924  48.619  6.700 0.0000000000
121888  44.588  48.341  5.056 0.0000000000
121889  44.163  48.485  5.527 0.0000000000
121890  43.625  48.394  5.774 0.0000000000
121891  39.548  48.869  5.062 0.0000000000
121892  38.608  49.057  5.260 0.0000000000
121893  37.791  49.104  5.185 0.0000000000
121894  35.727  48.784  5.466 0.0000000000
121901  44.716  48.516  4.391 0.0000000000
121902  44.300  48.988  4.209 0.0000000000
121903  41.693  49.231  3.386 0.0000000000
121904  41.046  48.719  3.761 0.0000000000
121905  40.370  48.643  4.513 0.0000000000
121906  37.167  48.953  5.026 0.0000000000
121907  36.568  48.771  4.991 0.0000000000
121908  36.047  48.765  5.032 0.0000000000
121917  44.800  48.151  3.754 0.0000000000
121918  44.063  48.594  3.455 0.0000000000
121919  43.037  49.019  2.871 0.0000000000
121920  42.101  48.804  2.736 0.0000000000
121921  41.512  48.610  3.083 0.0000000000
121929  43.843  48.168  2.877 0.0000000000
121930  43.392  48.327  2.630 0.0000000000
121931  42.665  48.419  2.449 0.0000000000
122353  34.170  50.020  15.096 0.0000000000
122357  34.047  49.599  14.539 0.0000000000
122360  33.870  49.592  13.688 0.0000000000
122363  34.266  49.713  12.547 0.0000000000
122364  33.957  49.430  13.117 0.0000000000
122367  35.276  49.709  11.418 0.0000000000
122368  34.667  49.508  11.898 0.0000000000
122370  37.346  50.051  10.223 0.0000000000
122371  36.524  49.561  10.556 0.0000000000
122372  35.836  49.410  10.967 0.0000000000
122376  38.475  49.951  9.243 0.0000000000
122377  37.707  49.496  9.656 0.0000000000
122378  37.058  49.266  10.067 0.0000000000
122379  32.205  49.535  9.077 0.0000000000
122380  31.243  49.491  9.483 0.0000000000
122381  30.281  49.518  9.639 0.0000000000
122387  39.461  49.801  8.410 0.0000000000
122388  38.614  49.390  8.684 0.0000000000
122389  38.074  49.230  9.159 0.0000000000
122390  33.561  49.451  8.200 0.0000000000
122391  32.880  49.232  8.600 0.0000000000
122398  42.487  50.179  7.140 0.0000000000
122399  41.536  50.041  7.318 0.0000000000
122400  40.556  49.587  7.544 0.0000000000
122401  39.667  49.315  7.903 0.0000000000
122402  39.000  49.176  8.177 0.0000000000
122403  34.563  49.547  7.031 0.0000000000
122404  34.112  49.239  7.624 0.0000000000
122411  43.626  49.706  6.312 0.0000000000
122412  42.785  49.523  6.666 0.0000000000
122413  41.855  49.447  6.880 0.0000000000
122414  41.104  49.360  7.107 0.0000000000
122415  35.538  49.698  5.791 0.0000000000
122416  35.139  49.381  6.451 0.0000000000
122424  44.403  48.760  5.329 0.0000000000
122425  44.118  49.222  5.542 0.0000000000
122426  41.078  50.024  4.482 0.0000000000
122427  40.454  49.656  4.734 0.0000000000
122428  39.275  49.743  5.257 0.0000000000
122429  38.225  49.795  5.239 0.0000000000
122430  35.863  49.518  5.126 0.0000000000
122438  44.507  48.893  5.063 0.0000000000
122439  44.194  49.432  4.839 0.0000000000
122440  43.644  49.763  4.399 0.0000000000
122441  41.929  49.793  3.693 0.0000000000
122442  41.327  49.651  4.111 0.0000000000
122443  40.835  49.173  4.297 0.0000000000
122444  37.406  49.684  4.979 0.0000000000
122445  36.754  49.510  4.828 0.0000000000
122446  36.219  49.427  4.847 0.0000000000
122454  43.926  49.274  4.127 0.0000000000
122455  43.297  49.564  3.685 0.0000000000
122456  42.412  49.546  3.322 0.0000000000
122893  34.292  50.494  15.431 0.0000000000
122895  33.958  50.606  14.807 0.0000000000
122897  34.058  51.195  13.299 0.0000000000
122898  33.830  50.640  13.793 0.0000000000
122900  34.240  50.777  12.811 0.0000000000
122901  33.966  50.030  13.174 0.0000000000
122904  35.473  50.664  11.503 0.0000000000
122905  34.821  50.469  11.967 0.0000000000
122908  37.570  50.937  10.285 0.0000000000
122909  36.830  50.621  10.615 0.0000000000
122910  36.044  50.383  11.041 0.0000000000
122911  30.698  51.016  10.069 0.0000000000
122912  30.357  50.995  10.135 0.0000000000
122916  39.906  51.362  9.179 0.0000000000
122917  39.159  50.868  9.284 0.0000000000
122918  38.194  50.610  9.773 0.0000000000
122919  32.416  50.500  9.167 0.0000000000
122920  31.728  50.446  9.474 0.0000000000
122921  30.802  50.505  9.860 0.0000000000
122922  29.762  50.486  9.932 0.0000000000
122929  40.915  51.193  8.334 0.0000000000
122930  40.162  50.828  8.640 0.0000000000
122931  39.143  50.179  8.830 0.0000000000
122932  33.569  50.375  8.307 0.0000000000
122933  32.954  50.191  8.693 0.0000000000
122941  43.564  51.348  7.423 0.0000000000
122942  43.087  50.935  7.440 0.0000000000
122943  42.120  50.793  7.568 0.0000000000
122944  41.069  50.738  7.865 0.0000000000
122945  40.206  50.015  8.128 0.0000000000
122946  34.537  50.498  7.209 0.0000000000
122947  34.081  50.150  7.790 0.0000000000
122953  43.722  50.843  6.882 0.0000000000
122954  43.219  50.258  6.913 0.0000000000
122955  35.587  50.654  5.867 0.0000000000
122956  35.136  50.332  6.545 0.0000000000
122962  43.887  50.299  5.830 0.0000000000
122963  41.800  50.791  4.798 0.0000000000
122964  41.141  50.523  4.833 0.0000000000
122965  39.942  50.517  5.267 0.0000000000
122966  38.761  50.561  5.378 0.0000000000
122967  37.625  50.555  5.078 0.0000000000
122968  36.696  50.731  4.837 0.0000000000
122969  35.885  50.472  5.088 0.0000000000
122981  43.632  50.257  4.980 0.0000000000
122982  43.132  50.326  4.289 0.0000000000
122983  42.060  50.375  4.244 0.0000000000
122984  41.403  50.164  4.386 0.0000000000
122985  36.965  50.125  4.764 0.0000000000
122986  36.364  50.051  4.711 0.0000000000
122987  35.989  49.886  4.818 0.0000000000
123000  42.637  50.021  3.768 0.0000000000
123001  42.254  49.947  3.722 0.0000000000
123436  34.258  51.650  15.977 0.0000000000
123439  34.355  51.043  15.873 0.0000000000
123440  34.072  51.405  15.335 0.0000000000
123442  33.921  51.519  14.475 0.0000000000
123444  34.332  51.583  13.002 0.0000000000
123445  34.057  51.745  13.649 0.0000000000
123448  35.595  51.957  11.872 0.0000000000
123449  35.057  51.691  12.256 0.0000000000
123452  36.656  51.963  11.150 0.0000000000
123453  36.011  51.654  11.412 0.0000000000
123454  35.321  51.120  11.768 0.0000000000
123457  39.057  52.059  9.986 0.0000000000
123458  38.454  51.690  10.145 0.0000000000
123459  37.129  51.724  10.786 0.0000000000
123460  36.470  51.100  10.916 0.0000000000
123461  32.100  51.810  10.024 0.0000000000
123462  31.688  51.731  10.150 0.0000000000
123463  30.781  51.510  10.276 0.0000000000
123464  29.754  51.542  10.277 0.0000000000
123465  28.931  51.811  10.130 0.0000000000
123470  42.549  52.530  8.973 0.0000000000
123471  42.053  52.344  9.027 0.0000000000
123472  40.800  51.857  9.131 0.0000000000
123473  39.530  51.866  9.694 0.0000000000
123474  38.811  51.268  9.696 0.0000000000
123475  32.972  51.670  9.189 0.0000000000
123476  32.405  51.461  9.556 0.0000000000
123477  31.382  51.121  9.878 0.0000000000
123478  30.926  51.038  10.025 0.0000000000
123479  29.068  51.103  10.015 0.0000000000
123488  43.754  52.147  7.733 0.0000000000
123489  43.508  52.196  7.991 0.0000000000
123490  42.757  52.280  8.536 0.0000000000
123491  41.650  51.559  8.443 0.0000000000
123492  40.870  51.407  8.608 0.0000000000
123493  33.917  51.490  8.247 0.0000000000
123494  33.399  51.320  8.653 0.0000000000
123495  32.811  50.860  9.043 0.0000000000
123501  43.767  51.807  7.412 0.0000000000
123502  43.309  51.684  7.828 0.0000000000
123503  42.524  51.436  7.956 0.0000000000
123504  41.850  51.197  7.904 0.0000000000
123505  34.190  51.190  7.831 0.0000000000
123506  33.812  50.761  8.149 0.0000000000
123510  43.816  51.441  6.453 0.0000000000
123511  35.421  51.312  6.325 0.0000000000
123512  34.864  51.225  6.990 0.0000000000
123525  43.491  51.094  5.491 0.0000000000
123526  42.684  51.394  5.318 0.0000000000
123527  41.719  51.333  5.263 0.0000000000
123528  40.561  51.312  5.491 0.0000000000
123529  39.362  51.327  5.610 0.0000000000
123530  38.222  51.396  5.428 0.0000000000
123531  37.219  51.475  5.102 0.0000000000
123532  36.331  51.462  5.068 0.0000000000
123533  35.779  51.415  5.597 0.0000000000
123550  43.291  50.640  4.898 0.0000000000
123551  42.853  50.867  4.789 0.0000000000
123552  42.236  50.940  4.885 0.0000000000
123975  34.342  52.259  16.321 0.0000000000
123976  34.083  52.263  15.703 0.0000000000
123978  34.030  52.259  14.990 0.0000000000
123980  34.390  52.744  13.802 0.0000000000
123981  34.100  52.404  14.239 0.0000000000
123984  34.608  52.391  13.192 0.0000000000
123985  34.236  52.337  13.703 0.0000000000
123988  36.434  52.808  11.766 0.0000000000
123989  35.810  52.488  12.039 0.0000000000
123990  35.242  52.579  12.654 0.0000000000
123993  37.612  52.862  11.052 0.0000000000
123994  36.869  52.512  11.301 0.0000000000
123995  36.263  52.372  11.612 0.0000000000
123999  40.961  53.091  10.099 0.0000000000
124000  40.237  52.955  10.235 0.0000000000
124001  39.253  52.555  10.250 0.0000000000
124002  38.110  52.562  10.662 0.0000000000
124003  37.413  52.421  10.923 0.0000000000
124004  32.825  52.651  10.042 0.0000000000
124005  32.163  52.316  10.258 0.0000000000
124006  31.201  52.381  10.569 0.0000000000
124007  30.216  52.456  10.589 0.0000000000
124008  29.267  52.546  10.384 0.0000000000
124009  28.486  52.512  9.822 0.0000000000
124016  42.873  53.188  9.025 0.0000000000
124017  42.581  52.876  9.304 0.0000000000
124018  41.572  52.802  9.697 0.0000000000
124019  40.513  52.536  9.785 0.0000000000
124020  39.888  52.489  9.977 0.0000000000
124021  33.122  52.228  9.362 0.0000000000
124022  32.654  52.138  9.841 0.0000000000
124031  43.560  52.357  7.696 0.0000000000
124032  42.972  52.790  8.349 0.0000000000
124033  42.935  52.794  8.853 0.0000000000
124034  34.140  51.970  8.227 0.0000000000
124035  33.695  52.239  8.757 0.0000000000
124041  43.722  52.254  6.985 0.0000000000
124042  42.845  52.785  7.524 0.0000000000
124043  42.207  53.078  7.434 0.0000000000
124044  35.336  52.445  6.903 0.0000000000
124045  34.790  52.068  7.418 0.0000000000
124056  43.635  51.956  6.355 0.0000000000
124057  43.031  52.289  6.560 0.0000000000
124058  41.946  52.703  6.799 0.0000000000
124059  40.600  52.770  6.535 0.0000000000
124060  39.328  52.849  6.410 0.0000000000
124061  38.170  52.934  6.096 0.0000000000
124062  37.203  52.944  5.725 0.0000000000
124063  36.365  52.778  5.705 0.0000000000
124064  35.681  52.323  6.154 0.0000000000
124065  35.222  51.884  6.746 0.0000000000
124081  43.667  51.621  6.029 0.0000000000
124082  43.233  51.811  5.879 0.0000000000
124083  42.350  52.047  5.865 0.0000000000
124084  41.201  52.092  5.935 0.0000000000
124085  39.965  52.032  6.061 0.0000000000
124086  38.777  52.141  5.850 0.0000000000
124087  37.720  52.224  5.525 0.0000000000
124088  36.792  52.212  5.340 0.0000000000
124089  36.090  52.109  5.431 0.0000000000
124486  34.361  53.059  16.627 0.0000000000
124487  34.052  52.934  16.098 0.0000000000
124490  34.312  53.441  14.942 0.0000000000
124491  34.121  53.062  15.426 0.0000000000
124494  34.422  53.226  14.309 0.0000000000
124495  34.173  52.884  14.780 0.0000000000
124499  35.328  53.505  13.277 0.0000000000
124500  34.846  53.258  13.642 0.0000000000
124503  37.046  53.785  11.919 0.0000000000
124504  36.422  53.432  12.205 0.0000000000
124505  35.670  53.294  12.739 0.0000000000
124506  35.144  53.003  13.107 0.0000000000
124510  40.296  54.001  11.065 0.0000000000
124511  39.506  53.982  11.186 0.0000000000
124512  38.588  53.846  11.309 0.0000000000
124513  37.597  53.522  11.482 0.0000000000
124514  36.853  53.226  11.709 0.0000000000
124515  32.009  53.942  11.140 0.0000000000
124516  31.184  53.921  11.313 0.0000000000
124517  30.371  54.004  11.250 0.0000000000
124518  29.925  54.173  11.154 0.0000000000
124524  41.590  53.992  10.608 0.0000000000
124525  40.819  53.599  10.607 0.0000000000
124526  39.862  53.408  10.691 0.0000000000
124527  38.901  53.318  10.780 0.0000000000
124528  38.149  53.244  11.019 0.0000000000
124529  33.425  53.309  9.921 0.0000000000
124530  32.593  53.422  10.548 0.0000000000
124531  31.646  53.180  10.848 0.0000000000
124532  30.700  53.224  10.976 0.0000000000
124533  29.688  53.588  10.826 0.0000000000
124534  28.756  53.462  10.167 0.0000000000
124544  42.541  53.707  9.532 0.0000000000
124545  42.120  53.516  10.025 0.0000000000
124546  41.481  53.411  10.230 0.0000000000
124547  34.496  53.320  8.773 0.0000000000
124548  33.808  52.925  9.110 0.0000000000
124549  28.357  53.424  9.162 0.0000000000
124555  42.600  53.670  8.840 0.0000000000
124556  42.160  54.006  8.719 0.0000000000
124557  35.448  53.467  7.670 0.0000000000
124558  34.774  52.845  8.057 0.0000000000
124559  34.177  52.662  8.583 0.0000000000
124566  42.721  53.255  8.195 0.0000000000
124567  41.944  53.610  8.007 0.0000000000
124568  40.564  53.947  7.641 0.0000000000
124569  39.409  54.157  7.396 0.0000000000
124570  38.744  54.278  7.287 0.0000000000
124571  36.362  53.722  6.677 0.0000000000
124572  35.684  53.156  6.849 0.0000000000
124573  35.229  52.788  7.383 0.0000000000
124589  41.851  53.165  7.378 0.0000000000
124590  41.158  53.274  7.230 0.0000000000
124591  39.960  53.525  6.929 0.0000000000
124592  38.612  53.753  6.811 0.0000000000
124593  37.546  53.635  6.253 0.0000000000
124594  36.710  53.479  6.059 0.0000000000
124595  36.084  53.166  6.201 0.0000000000
125005  34.276  54.105  16.602 0.0000000000
125006  34.189  53.418  16.331 0.0000000000
125010  34.321  54.055  15.480 0.0000000000
125011  34.097  53.537  15.989 0.0000000000
125015  35.065  54.496  14.364 0.0000000000
125016  34.568  53.971  14.689 0.0000000000
125020  35.946  54.555  13.391 0.0000000000
125021  35.340  54.045  13.725 0.0000000000
125022  34.842  53.799  14.148 0.0000000000
125025  37.856  54.860  12.322 0.0000000000
125026  36.983  54.351  12.453 0.0000000000
125027  36.189  54.071  12.812 0.0000000000
125028  35.670  53.909  13.170 0.0000000000
125033  40.819  55.016  11.477 0.0000000000
125034  40.102  54.731  11.543 0.0000000000
125035  39.087  54.601  11.625 0.0000000000
125036  38.210  54.378  11.767 0.0000000000
125037  37.523  54.213  11.955 0.0000000000
125038  33.840  55.118  11.068 0.0000000000
125039  32.915  54.585  11.141 0.0000000000
125040  31.710  54.707  11.589 0.0000000000
125041  30.736  54.676  11.553 0.0000000000
125042  30.137  54.561  11.300 0.0000000000
125052  41.389  54.777  10.999 0.0000000000
125053  40.922  54.333  11.114 0.0000000000
125054  35.879  55.190  9.541 0.0000000000
125055  35.322  54.936  9.796 0.0000000000
125056  34.126  54.467  10.266 0.0000000000
125057  33.245  53.956  10.464 0.0000000000
125058  29.638  54.593  10.999 0.0000000000
125059  29.044  54.408  10.393 0.0000000000
125066  42.453  54.094  9.745 0.0000000000
125067  41.978  54.426  10.075 0.0000000000
125068  41.600  54.978  9.736 0.0000000000
125069  35.765  54.807  9.084 0.0000000000
125070  35.004  54.155  9.141 0.0000000000
125071  34.160  53.640  9.439 0.0000000000
125072  28.692  54.301  9.493 0.0000000000
125076  42.458  54.087  9.497 0.0000000000
125077  42.071  54.393  9.247 0.0000000000
125078  41.150  54.901  9.120 0.0000000000
125079  40.252  55.071  8.585 0.0000000000
125080  39.445  55.205  8.230 0.0000000000
125081  36.550  54.738  7.901 0.0000000000
125082  35.897  54.423  8.154 0.0000000000
125083  35.143  53.630  8.370 0.0000000000
125084  29.186  54.948  8.004 0.0000000000
125085  28.785  54.402  8.306 0.0000000000
125098  41.706  54.269  8.709 0.0000000000
125099  40.939  54.407  8.352 0.0000000000
125100  39.906  54.638  7.952 0.0000000000
125101  38.770  54.817  7.685 0.0000000000
125102  37.784  54.778  7.383 0.0000000000
125103  36.773  54.505  7.304 0.0000000000
125104  35.995  53.900  7.286 0.0000000000
125122  38.294  54.394  7.188 0.0000000000
125123  37.653  54.240  6.851 0.0000000000
125124  36.973  54.041  6.507 0.0000000000
125506  34.360  55.477  17.147 0.0000000000
125519  35.036  56.084  15.309 0.0000000000
125520  34.499  55.447  15.775 0.0000000000
125525  36.102  56.013  14.335 0.0000000000
125526  35.391  55.583  14.657 0.0000000000
125527  34.655  54.747  14.945 0.0000000000
125532  38.129  56.260  13.405 0.0000000000
125533  37.543  55.907  13.445 0.0000000000
125534  36.460  55.541  13.767 0.0000000000
125535  35.622  54.851  13.974 0.0000000000
125542  39.987  56.304  12.748 0.0000000000
125543  39.546  56.045  12.669 0.0000000000
125544  38.491  55.799  12.821 0.0000000000
125545  37.302  55.246  12.939 0.0000000000
125546  36.563  54.773  13.050 0.0000000000
125547  34.430  56.241  11.897 0.0000000000
125548  33.965  56.213  12.036 0.0000000000
125549  33.204  56.191  12.222 0.0000000000
125558  41.034  55.530  11.493 0.0000000000
125559  40.293  55.772  12.138 0.0000000000
125560  39.394  55.367  12.130 0.0000000000
125561  38.620  55.034  12.108 0.0000000000
125562  36.116  56.134  10.787 0.0000000000
125563  35.551  55.974  11.001 0.0000000000
125564  34.485  55.784  11.418 0.0000000000
125565  33.451  55.561  11.699 0.0000000000
125566  32.368  55.675  12.027 0.0000000000
125567  31.119  55.607  11.889 0.0000000000
125568  30.122  55.403  11.333 0.0000000000
125576  41.333  55.383  10.864 0.0000000000
125577  41.159  55.822  10.628 0.0000000000
125578  36.851  56.077  9.916 0.0000000000
125579  36.150  55.746  10.120 0.0000000000
125580  34.986  55.337  10.576 0.0000000000
125581  34.335  55.183  10.823 0.0000000000
125582  29.342  55.463  10.453 0.0000000000
125583  28.905  55.016  9.756 0.0000000000
125588  41.488  55.297  10.263 0.0000000000
125589  40.865  55.702  9.918 0.0000000000
125590  39.912  56.015  9.448 0.0000000000
125591  39.048  56.254  9.033 0.0000000000
125592  38.052  56.193  8.948 0.0000000000
125593  37.046  55.842  9.286 0.0000000000
125594  36.282  55.274  9.174 0.0000000000
125595  29.208  55.737  9.274 0.0000000000
125596  28.960  55.010  8.871 0.0000000000
125604  40.376  55.481  9.163 0.0000000000
125605  39.627  55.657  8.759 0.0000000000
125606  38.654  55.645  8.334 0.0000000000
125607  37.601  55.581  8.383 0.0000000000
125608  36.683  55.133  8.369 0.0000000000
125609  36.163  54.908  8.690 0.0000000000
125610  29.483  55.510  8.031 0.0000000000
125611  29.097  54.972  8.309 0.0000000000
125623  38.006  55.225  7.875 0.0000000000
125624  37.264  55.067  7.811 0.0000000000
125625  36.819  54.874  7.826 0.0000000000
125991  34.425  56.616  17.784 0.0000000000
126007  34.499  56.602  16.678 0.0000000000
126023  36.234  57.163  15.047 0.0000000000
126024  35.637  56.637  15.144 0.0000000000
126025  34.867  56.621  15.772 0.0000000000
126038  38.365  57.348  14.141 0.0000000000
126039  37.796  57.060  14.171 0.0000000000
126040  36.715  56.618  14.436 0.0000000000
126041  35.932  56.233  14.608 0.0000000000
126047  40.030  57.321  13.531 0.0000000000
126048  39.673  57.115  13.497 0.0000000000
126049  38.731  56.849  13.549 0.0000000000
126050  37.679  56.470  13.809 0.0000000000
126051  37.119  56.118  13.887 0.0000000000
126058  40.206  56.818  12.956 0.0000000000
126059  39.617  56.571  13.108 0.0000000000
126060  39.138  56.359  13.002 0.0000000000
126061  36.231  57.229  11.794 0.0000000000
126062  35.714  57.062  11.997 0.0000000000
126063  34.675  56.769  12.239 0.0000000000
126064  33.667  56.882  12.525 0.0000000000
126065  32.684  56.792  12.465 0.0000000000
126071  41.074  55.835  11.345 0.0000000000
126072  40.610  56.425  11.809 0.0000000000
126073  36.897  56.979  11.006 0.0000000000
126074  36.287  56.720  11.265 0.0000000000
126075  35.229  56.395  11.653 0.0000000000
126076  34.686  56.276  11.820 0.0000000000
126077  31.631  56.685  12.211 0.0000000000
126078  30.556  56.675  11.556 0.0000000000
126079  29.765  56.287  10.924 0.0000000000
126082  41.068  56.042  11.128 0.0000000000
126083  40.604  56.550  10.868 0.0000000000
126084  39.714  56.839  10.494 0.0000000000
126085  38.915  57.055  10.177 0.0000000000
126086  38.022  56.932  10.183 0.0000000000
126087  37.012  56.576  10.420 0.0000000000
126088  36.398  56.275  10.655 0.0000000000
126089  29.986  57.097  10.784 0.0000000000
126090  29.547  56.665  9.895 0.0000000000
126096  40.115  56.327  10.115 0.0000000000
126097  39.370  56.538  9.791 0.0000000000
126098  38.500  56.626  9.586 0.0000000000
126099  37.630  56.406  9.692 0.0000000000
126100  37.148  56.209  9.830 0.0000000000
126101  29.692  56.528  8.561 0.0000000000
126107  30.115  56.438  7.290 0.0000000000
126480  34.552  57.695  17.384 0.0000000000
126490  35.457  58.133  16.102 0.0000000000
126491  34.965  57.660  16.275 0.0000000000
126500  37.478  58.213  15.113 0.0000000000
126501  36.850  57.718  15.058 0.0000000000
126502  35.798  57.701  15.611 0.0000000000
126503  35.260  57.160  15.684 0.0000000000
126516  39.421  58.153  14.396 0.0000000000
126517  38.914  57.721  14.234 0.0000000000
126518  37.931  57.755  14.639 0.0000000000
126519  37.326  57.284  14.563 0.0000000000
126528  40.198  57.673  13.532 0.0000000000
126529  39.757  57.761  13.981 0.0000000000
126530  39.317  57.380  13.788 0.0000000000
126531  36.477  58.341  12.707 0.0000000000
126532  36.036  58.253  12.943 0.0000000000
126533  35.266  58.267  13.111 0.0000000000
126537  40.384  57.559  12.784 0.0000000000
126538  37.060  58.052  11.983 0.0000000000
126539  36.475  57.820  12.251 0.0000000000
126540  35.425  57.602  12.655 0.0000000000
126541  34.382  57.801  12.912 0.0000000000
126542  33.235  57.756  12.736 0.0000000000
126543  32.225  57.716  12.437 0.0000000000
126546  40.325  57.490  11.808 0.0000000000
126547  39.679  57.833  11.398 0.0000000000
126548  38.959  58.031  11.089 0.0000000000
126549  38.114  57.858  11.206 0.0000000000
126550  37.119  57.564  11.450 0.0000000000
126551  36.508  57.337  11.676 0.0000000000
126552  31.227  57.750  11.996 0.0000000000
126553  30.398  57.895  11.243 0.0000000000
126557  39.959  57.226  11.093 0.0000000000
126558  39.308  57.442  10.784 0.0000000000
126559  38.493  57.453  10.672 0.0000000000
126560  37.650  57.253  10.788 0.0000000000
126561  37.171  57.085  10.912 0.0000000000
126562  30.045  57.875  10.024 0.0000000000
126563  29.895  57.330  9.037 0.0000000000
126569  30.380  58.081  8.806 0.0000000000
126570  30.267  57.309  8.035 0.0000000000
126574  30.751  58.233  7.643 0.0000000000
126575  30.316  57.332  7.061 0.0000000000
126579  30.861  58.376  6.903 0.0000000000
126580  30.274  58.092  6.822 0.0000000000
126908  34.693  58.757  18.146 0.0000000000
126915  35.636  59.213  16.842 0.0000000000
126916  35.129  58.736  16.997 0.0000000000
126925  36.657  59.202  16.155 0.0000000000
126926  35.943  58.801  16.224 0.0000000000
126927  35.323  58.338  16.389 0.0000000000
126935  39.436  59.296  15.376 0.0000000000
126936  38.981  59.027  15.330 0.0000000000
126937  38.108  58.619  15.196 0.0000000000
126938  37.018  58.746  15.635 0.0000000000
126939  36.375  58.254  15.602 0.0000000000
126952  40.362  58.994  14.386 0.0000000000
126953  39.827  58.707  14.675 0.0000000000
126954  38.988  58.406  14.732 0.0000000000
126955  38.501  58.132  14.680 0.0000000000
126966  40.369  58.512  13.728 0.0000000000
126967  40.137  58.131  14.031 0.0000000000
126968  37.208  59.213  12.778 0.0000000000
126969  36.694  58.907  12.984 0.0000000000
126970  35.776  58.949  13.355 0.0000000000
126971  34.809  58.860  13.343 0.0000000000
126978  40.379  58.487  12.655 0.0000000000
126979  39.915  58.965  12.170 0.0000000000
126980  39.164  59.197  11.939 0.0000000000
126981  38.286  59.095  12.055 0.0000000000
126982  37.314  58.708  12.364 0.0000000000
126983  36.734  58.435  12.584 0.0000000000
126984  33.810  58.741  13.082 0.0000000000
126985  32.854  58.693  12.627 0.0000000000
126986  31.935  58.666  12.166 0.0000000000
126990  39.993  58.269  11.935 0.0000000000
126991  39.424  58.514  11.625 0.0000000000
126992  38.625  58.542  11.551 0.0000000000
126993  37.797  58.329  11.728 0.0000000000
126994  37.332  58.149  11.883 0.0000000000
126995  31.100  58.792  11.602 0.0000000000
126996  30.545  58.867  10.675 0.0000000000
127001  30.505  58.826  9.597 0.0000000000
127007  30.842  58.883  8.639 0.0000000000
127010  31.452  59.467  7.963 0.0000000000
127011  31.345  59.140  8.012 0.0000000000
127014  31.430  59.535  7.632 0.0000000000
127015  31.175  58.912  7.123 0.0000000000
127016  30.385  58.850  6.732 0.0000000000
127017  29.400  58.748  6.830 0.0000000000
127029  31.270  59.554  7.064 0.0000000000
127030  30.771  59.466  6.747 0.0000000000
127031  30.099  59.477  6.733 0.0000000000
127032  29.716  59.222  6.716 0.0000000000
127339  35.974  60.088  17.760 0.0000000000
127340  35.433  59.681  17.844 0.0000000000
127346  36.962  60.010  17.165 0.0000000000
127347  36.216  59.765  17.114 0.0000000000
127348  35.539  59.381  17.186 0.0000000000
127356  38.783  60.203  16.631 0.0000000000
127357  38.299  59.929  16.526 0.0000000000
127358  37.288  59.661  16.489 0.0000000000
127359  36.495  59.401  16.466 0.0000000000
127367  39.754  59.624  15.470 0.0000000000
127368  39.095  59.756  16.059 0.0000000000
127369  38.248  59.391  15.875 0.0000000000
127370  37.658  59.152  15.756 0.0000000000
127382  40.516  59.361  14.109 0.0000000000
127383  40.231  59.544  14.802 0.0000000000
127391  40.507  59.283  13.395 0.0000000000
127392  40.317  59.783  13.043 0.0000000000
127393  37.779  60.238  12.869 0.0000000000
127394  37.319  59.839  13.026 0.0000000000
127395  36.411  59.822  13.395 0.0000000000
127396  35.418  59.809  13.499 0.0000000000
127397  34.416  59.746  13.336 0.0000000000
127405  40.280  59.284  12.721 0.0000000000
127406  39.737  59.780  12.524 0.0000000000
127407  38.835  59.870  12.340 0.0000000000
127408  37.955  59.805  12.574 0.0000000000
127409  37.457  59.398  12.685 0.0000000000
127410  33.479  59.689  12.890 0.0000000000
127411  32.587  59.651  12.247 0.0000000000
127412  31.801  59.401  11.779 0.0000000000
127418  32.144  60.039  11.660 0.0000000000
127419  31.422  59.794  10.990 0.0000000000
127420  30.815  59.494  10.147 0.0000000000
127424  31.275  60.082  10.011 0.0000000000
127425  30.969  59.497  9.349 0.0000000000
127429  31.449  60.059  9.193 0.0000000000
127430  31.238  59.470  8.610 0.0000000000
127432  31.494  59.858  8.313 0.0000000000
127433  31.359  59.465  8.283 0.0000000000
127436  31.549  60.204  7.797 0.0000000000
127437  31.363  60.415  7.422 0.0000000000
127438  29.308  59.295  6.731 0.0000000000
127439  28.792  59.400  6.736 0.0000000000
127447  31.406  59.939  7.322 0.0000000000
127448  31.005  60.178  6.977 0.0000000000
127449  30.224  60.101  6.790 0.0000000000
127450  29.309  59.919  6.693 0.0000000000
127724  37.925  61.649  18.324 0.0000000000
127725  37.462  61.332  18.610 0.0000000000
127726  36.551  60.462  18.096 0.0000000000
127727  35.883  60.219  18.080 0.0000000000
127734  38.911  61.390  17.352 0.0000000000
127735  38.337  61.212  17.727 0.0000000000
127736  37.494  60.416  17.486 0.0000000000
127737  36.816  60.173  17.484 0.0000000000
127746  39.744  61.072  16.170 0.0000000000
127747  39.232  60.773  16.698 0.0000000000
127748  38.379  60.421  17.054 0.0000000000
127749  37.879  60.141  16.895 0.0000000000
127758  40.001  60.475  15.593 0.0000000000
127759  39.659  60.088  16.091 0.0000000000
127771  40.545  59.692  13.854 0.0000000000
127772  40.329  60.245  14.278 0.0000000000
127778  40.440  59.909  13.561 0.0000000000
127779  40.009  60.473  13.245 0.0000000000
127780  37.687  60.661  13.036 0.0000000000
127781  37.050  60.717  13.338 0.0000000000
127782  36.101  60.757  13.489 0.0000000000
127783  35.086  60.738  13.439 0.0000000000
127784  34.141  60.656  13.111 0.0000000000
127792  39.252  60.566  12.691 0.0000000000
127793  38.555  60.530  12.641 0.0000000000
127794  38.061  60.578  12.799 0.0000000000
127795  33.378  60.654  12.445 0.0000000000
127796  32.686  60.458  11.908 0.0000000000
127802  33.110  61.065  11.805 0.0000000000
127803  32.409  60.807  11.188 0.0000000000
127804  31.791  60.532  10.501 0.0000000000
127807  32.281  61.131  10.380 0.0000000000
127808  31.778  60.686  9.828 0.0000000000
127812  32.265  61.246  9.774 0.0000000000
127813  31.954  60.798  9.096 0.0000000000
127815  31.798  60.781  8.369 0.0000000000
127817  31.558  60.939  7.822 0.0000000000
127818  31.077  60.968  7.344 0.0000000000
127826  30.451  60.883  6.941 0.0000000000
127827  29.659  60.854  6.699 0.0000000000
128098  38.117  61.882  18.132 0.0000000000
128099  37.744  61.971  18.745 0.0000000000
128100  36.565  62.547  17.987 0.0000000000
128101  36.153  62.523  18.013 0.0000000000
128109  39.119  61.748  17.025 0.0000000000
128110  38.569  61.795  17.565 0.0000000000
128111  36.408  62.448  17.515 0.0000000000
128112  35.707  62.293  17.477 0.0000000000
128121  39.670  61.355  15.629 0.0000000000
128122  39.413  61.575  16.319 0.0000000000
128123  36.122  62.291  16.721 0.0000000000
128124  35.379  62.038  16.648 0.0000000000
128139  39.848  61.086  14.856 0.0000000000
128140  35.733  62.213  16.069 0.0000000000
128141  35.260  62.014  16.030 0.0000000000
128153  39.741  61.101  13.979 0.0000000000
128159  39.296  61.306  13.194 0.0000000000
128160  38.611  61.625  12.978 0.0000000000
128161  37.790  61.476  13.140 0.0000000000
128162  36.805  61.671  13.396 0.0000000000
128163  35.806  61.698  13.351 0.0000000000
128164  34.784  61.669  13.146 0.0000000000
128165  34.058  61.346  12.747 0.0000000000
128173  38.836  61.085  12.772 0.0000000000
128174  38.328  61.077  12.865 0.0000000000
128175  37.980  60.983  12.929 0.0000000000
128176  34.377  61.980  12.634 0.0000000000
128177  33.809  61.684  12.125 0.0000000000
128184  33.304  61.746  11.345 0.0000000000
128185  32.790  61.539  10.771 0.0000000000
128188  33.239  62.105  10.752 0.0000000000
128189  32.833  61.817  10.165 0.0000000000
128192  32.564  61.727  9.395 0.0000000000
128193  32.185  61.369  8.816 0.0000000000
128195  32.477  61.979  8.881 0.0000000000
128196  31.950  61.690  8.367 0.0000000000
128198  31.399  61.753  7.716 0.0000000000
128439  37.229  62.469  19.112 0.0000000000
128450  38.111  62.178  17.726 0.0000000000
128451  37.541  62.334  18.246 0.0000000000
128452  36.625  62.593  18.486 0.0000000000
128463  38.979  62.144  16.422 0.0000000000
128464  38.379  62.242  16.970 0.0000000000
128465  37.582  62.377  17.367 0.0000000000
128466  36.955  62.508  17.785 0.0000000000
128482  39.469  61.657  15.041 0.0000000000
128483  39.132  62.112  15.552 0.0000000000
128484  38.310  62.422  15.908 0.0000000000
128485  37.517  62.434  16.357 0.0000000000
128486  36.852  62.428  16.916 0.0000000000
128504  39.506  61.571  14.474 0.0000000000
128505  39.116  62.120  14.591 0.0000000000
128506  38.289  62.788  14.717 0.0000000000
128507  37.509  62.870  15.366 0.0000000000
128508  36.471  62.723  15.659 0.0000000000
128509  35.243  62.515  15.518 0.0000000000
128519  39.269  61.808  13.885 0.0000000000
128520  38.739  62.424  13.900 0.0000000000
128521  38.046  62.896  13.769 0.0000000000
128522  35.684  63.238  14.968 0.0000000000
128532  38.915  61.985  13.372 0.0000000000
128533  38.288  62.236  13.351 0.0000000000
128534  37.426  62.526  13.404 0.0000000000
128535  36.500  62.664  13.177 0.0000000000
128536  35.545  62.493  13.020 0.0000000000
128537  34.852  62.436  12.798 0.0000000000
128549  36.012  63.164  12.815 0.0000000000
128550  35.284  63.073  12.620 0.0000000000
128551  34.507  62.680  12.198 0.0000000000
128552  33.976  62.323  11.667 0.0000000000
128563  34.330  62.892  11.625 0.0000000000
128564  33.881  62.651  11.107 0.0000000000
128571  33.517  62.666  10.354 0.0000000000
128572  33.059  62.364  9.801 0.0000000000
128580  33.405  62.958  9.827 0.0000000000
128581  32.901  62.659  9.304 0.0000000000
128588  32.350  62.608  8.721 0.0000000000
128589  31.740  62.562  8.186 0.0000000000
128887  37.684  63.382  14.056 0.0000000000
128888  37.358  63.411  14.559 0.0000000000
128889  36.980  63.292  15.042 0.0000000000
128902  37.344  63.322  13.547 0.0000000000
128903  37.039  63.979  13.751 0.0000000000
128904  36.413  63.769  14.487 0.0000000000
128905  35.336  63.863  14.397 0.0000000000
128921  37.006  63.108  13.319 0.0000000000
128922  36.602  63.659  13.078 0.0000000000
128937  35.789  63.761  12.596 0.0000000000
128938  35.090  63.575  12.070 0.0000000000
128939  34.613  63.215  11.832 0.0000000000
128951  35.169  63.998  11.747 0.0000000000
128952  34.633  63.586  11.367 0.0000000000
128953  34.111  63.249  10.729 0.0000000000
128960  34.391  63.836  10.751 0.0000000000
128961  33.944  63.558  10.206 0.0000000000
128970  33.392  63.595  9.595 0.0000000000
128971  32.728  63.471  9.044 0.0000000000
129267  36.345  64.442  13.645 0.0000000000
129268  35.711  64.536  13.845 0.0000000000
129282  36.377  64.444  13.038 0.0000000000
129283  35.861  65.034  13.108 0.0000000000
129284  35.145  65.055  13.376 0.0000000000
129296  36.075  64.177  12.785 0.0000000000
129297  35.473  64.561  12.224 0.0000000000
129298  35.173  65.078  11.675 0.0000000000
129311  35.066  64.225  11.561 0.0000000000
129312  34.687  64.632  11.126 0.0000000000
129313  34.288  65.126  10.635 0.0000000000
129320  34.289  64.154  10.512 0.0000000000
129321  33.972  64.551  10.077 0.0000000000
129646  35.297  65.363  12.857 0.0000000000
129661  35.512  65.207  12.568 0.0000000000
129662  35.022  65.488  12.150 0.0000000000
129678  34.897  65.312  11.462 0.0000000000
