#!ascii label  , from subject bert vox2ras=TkReg
1778
40614  11.987  -47.233  31.937 0.0000000000
40615  11.265  -47.121  31.802 0.0000000000
41464  12.976  -46.927  31.912 0.0000000000
41465  12.407  -47.087  31.896 0.0000000000
41479  13.732  -45.866  31.561 0.0000000000
41480  13.206  -46.211  31.451 0.0000000000
41481  12.163  -46.586  31.452 0.0000000000
41482  10.920  -46.261  31.075 0.0000000000
41483  9.764  -46.426  31.299 0.0000000000
41498  10.680  -45.605  30.634 0.0000000000
41499  10.104  -45.745  30.736 0.0000000000
41500  9.242  -45.821  30.837 0.0000000000
42362  13.433  -45.341  31.107 0.0000000000
42363  12.630  -45.723  30.966 0.0000000000
42364  11.844  -45.831  30.851 0.0000000000
42376  12.852  -45.029  30.687 0.0000000000
42377  12.184  -45.128  30.537 0.0000000000
42378  11.264  -45.259  30.476 0.0000000000
42379  10.412  -45.066  30.342 0.0000000000
42380  9.610  -45.131  30.367 0.0000000000
42381  8.766  -45.173  30.292 0.0000000000
42382  7.866  -45.520  30.270 0.0000000000
42400  8.125  -44.851  29.841 0.0000000000
42401  7.286  -45.228  29.381 0.0000000000
42421  6.771  -44.930  28.789 0.0000000000
43402  14.001  -44.533  31.092 0.0000000000
43406  13.283  -44.451  30.737 0.0000000000
43407  12.579  -44.348  30.517 0.0000000000
43408  11.795  -44.334  30.368 0.0000000000
43409  10.912  -44.254  30.240 0.0000000000
43410  9.863  -44.181  30.047 0.0000000000
43411  9.268  -44.662  30.138 0.0000000000
43416  9.402  -43.670  29.849 0.0000000000
43417  8.845  -44.151  29.827 0.0000000000
43418  7.886  -44.202  29.372 0.0000000000
43419  2.687  -44.045  29.525 0.0000000000
43420  2.146  -44.217  29.910 0.0000000000
43421  1.760  -44.354  29.593 0.0000000000
43432  7.160  -44.304  28.827 0.0000000000
43433  6.346  -44.425  28.498 0.0000000000
43434  5.300  -44.568  28.368 0.0000000000
43435  4.135  -44.574  28.649 0.0000000000
43436  3.219  -44.695  29.241 0.0000000000
44369  14.367  -43.493  31.169 0.0000000000
44370  13.609  -43.136  30.889 0.0000000000
44374  13.679  -43.837  30.823 0.0000000000
44375  12.987  -43.549  30.723 0.0000000000
44376  12.252  -43.568  30.550 0.0000000000
44377  11.474  -43.376  30.434 0.0000000000
44378  10.579  -43.209  30.193 0.0000000000
44381  9.773  -43.152  29.916 0.0000000000
44382  9.105  -43.175  29.688 0.0000000000
44383  8.340  -43.271  29.401 0.0000000000
44384  2.810  -43.441  29.405 0.0000000000
44385  2.413  -43.393  29.608 0.0000000000
44386  1.917  -43.327  29.692 0.0000000000
44393  7.564  -43.404  28.922 0.0000000000
44394  6.750  -43.475  28.541 0.0000000000
44395  5.771  -43.511  28.321 0.0000000000
44396  4.638  -43.567  28.458 0.0000000000
44397  3.421  -43.524  28.957 0.0000000000
45356  14.011  -42.402  31.121 0.0000000000
45357  12.925  -42.448  31.041 0.0000000000
45358  11.987  -41.926  31.253 0.0000000000
45359  11.449  -41.584  31.392 0.0000000000
45363  12.552  -43.083  30.776 0.0000000000
45364  12.051  -42.769  30.828 0.0000000000
45365  11.130  -42.181  30.887 0.0000000000
45366  10.063  -42.183  30.371 0.0000000000
45367  9.295  -41.862  30.218 0.0000000000
45370  9.401  -42.521  29.946 0.0000000000
45371  8.696  -42.275  29.711 0.0000000000
45372  7.758  -42.401  29.236 0.0000000000
45373  6.967  -42.074  29.062 0.0000000000
45374  2.900  -42.823  29.317 0.0000000000
45375  2.381  -42.510  29.446 0.0000000000
45376  1.882  -42.380  29.257 0.0000000000
45380  7.113  -42.740  28.765 0.0000000000
45381  6.279  -42.449  28.582 0.0000000000
45382  5.187  -42.609  28.478 0.0000000000
45383  4.180  -42.630  28.692 0.0000000000
45384  3.473  -42.420  29.038 0.0000000000
46425  10.744  -40.826  32.160 0.0000000000
46426  10.482  -40.822  32.240 0.0000000000
46430  14.492  -41.520  31.477 0.0000000000
46431  13.599  -41.405  31.296 0.0000000000
46432  12.638  -41.271  31.398 0.0000000000
46433  11.779  -41.119  31.625 0.0000000000
46434  10.925  -41.102  31.808 0.0000000000
46435  10.083  -41.037  31.864 0.0000000000
46439  10.390  -41.472  31.117 0.0000000000
46440  9.572  -41.205  30.920 0.0000000000
46441  8.640  -41.274  30.354 0.0000000000
46442  7.720  -41.057  30.222 0.0000000000
46443  6.959  -40.936  30.066 0.0000000000
46448  8.054  -41.661  29.750 0.0000000000
46449  7.308  -41.545  29.574 0.0000000000
46450  6.279  -41.314  29.377 0.0000000000
46451  5.196  -41.071  29.123 0.0000000000
46452  4.228  -41.156  29.200 0.0000000000
46453  3.201  -41.654  29.269 0.0000000000
46454  2.286  -41.448  29.331 0.0000000000
46455  1.749  -41.404  28.976 0.0000000000
46462  5.551  -41.799  28.741 0.0000000000
46463  4.685  -41.818  28.748 0.0000000000
46464  3.854  -41.930  28.978 0.0000000000
46465  3.489  -41.997  29.114 0.0000000000
47466  6.047  -40.768  34.938 0.0000000000
47467  5.344  -40.895  35.104 0.0000000000
47468  4.454  -40.796  35.390 0.0000000000
47469  3.556  -40.565  35.788 0.0000000000
47470  2.798  -40.279  36.165 0.0000000000
47471  2.323  -40.004  36.281 0.0000000000
47486  8.376  -40.510  33.964 0.0000000000
47487  7.795  -40.561  34.133 0.0000000000
47488  6.764  -40.701  34.425 0.0000000000
47489  5.677  -40.982  34.467 0.0000000000
47490  4.635  -41.070  34.738 0.0000000000
47491  3.494  -41.035  35.157 0.0000000000
47492  2.822  -40.639  35.693 0.0000000000
47493  2.155  -40.293  35.971 0.0000000000
47501  9.557  -40.359  33.482 0.0000000000
47502  9.022  -40.434  33.689 0.0000000000
47503  8.191  -40.515  33.517 0.0000000000
47504  7.276  -40.599  33.546 0.0000000000
47505  6.218  -40.780  33.608 0.0000000000
47506  5.020  -40.817  33.784 0.0000000000
47507  3.928  -40.790  34.315 0.0000000000
47512  11.176  -40.190  32.241 0.0000000000
47513  10.812  -40.479  32.337 0.0000000000
47514  9.867  -40.604  32.949 0.0000000000
47515  8.777  -40.536  32.816 0.0000000000
47516  7.834  -40.471  32.732 0.0000000000
47517  6.845  -40.466  32.695 0.0000000000
47518  5.729  -40.411  32.703 0.0000000000
47519  4.835  -40.318  33.084 0.0000000000
47522  14.212  -40.431  31.574 0.0000000000
47523  13.252  -40.419  31.473 0.0000000000
47524  12.289  -40.295  31.691 0.0000000000
47525  11.389  -40.440  32.019 0.0000000000
47526  11.047  -40.704  32.086 0.0000000000
47527  9.274  -40.731  31.939 0.0000000000
47528  8.393  -40.543  31.908 0.0000000000
47529  7.486  -40.443  31.804 0.0000000000
47530  6.527  -40.311  31.685 0.0000000000
47531  5.592  -39.858  31.610 0.0000000000
47534  8.827  -40.765  31.175 0.0000000000
47535  8.067  -40.670  31.005 0.0000000000
47536  7.187  -40.551  30.841 0.0000000000
47537  6.210  -40.419  30.515 0.0000000000
47538  5.152  -39.803  30.505 0.0000000000
47539  4.353  -39.740  30.136 0.0000000000
47543  5.544  -40.548  29.796 0.0000000000
47544  4.732  -40.350  29.650 0.0000000000
47545  3.756  -40.287  29.644 0.0000000000
47546  2.825  -40.407  29.445 0.0000000000
47547  2.071  -40.349  29.098 0.0000000000
48582  5.824  -40.616  35.194 0.0000000000
48583  5.368  -40.398  35.421 0.0000000000
48584  4.391  -40.230  35.754 0.0000000000
48585  3.508  -39.913  36.115 0.0000000000
48586  2.633  -39.612  36.245 0.0000000000
48587  1.937  -39.567  36.269 0.0000000000
48605  8.397  -40.345  34.302 0.0000000000
48606  7.632  -40.299  34.694 0.0000000000
48607  6.546  -40.290  35.177 0.0000000000
48608  5.877  -39.844  35.441 0.0000000000
48609  3.190  -40.702  34.620 0.0000000000
48610  2.367  -40.452  35.027 0.0000000000
48611  1.626  -39.663  35.660 0.0000000000
48624  10.128  -39.814  33.430 0.0000000000
48625  9.743  -39.960  33.651 0.0000000000
48626  8.971  -40.050  34.250 0.0000000000
48627  4.235  -40.357  33.628 0.0000000000
48628  3.214  -39.932  33.988 0.0000000000
48629  2.241  -39.721  34.420 0.0000000000
48634  13.601  -39.103  31.879 0.0000000000
48635  11.918  -38.985  32.068 0.0000000000
48636  11.314  -39.623  32.296 0.0000000000
48637  10.378  -39.904  33.087 0.0000000000
48638  10.058  -40.218  33.320 0.0000000000
48639  5.054  -39.978  32.463 0.0000000000
48640  4.220  -39.562  32.952 0.0000000000
48641  3.488  -39.333  33.362 0.0000000000
48644  13.724  -39.697  31.643 0.0000000000
48645  13.000  -39.520  31.674 0.0000000000
48646  12.219  -39.399  31.886 0.0000000000
48647  11.793  -39.937  31.960 0.0000000000
48648  4.916  -39.494  32.081 0.0000000000
48649  4.420  -39.010  31.953 0.0000000000
48653  4.949  -39.335  31.370 0.0000000000
48654  4.206  -39.104  30.922 0.0000000000
48655  3.371  -38.929  30.531 0.0000000000
48656  2.850  -38.831  30.130 0.0000000000
48660  3.784  -39.496  30.224 0.0000000000
48661  3.184  -39.530  29.925 0.0000000000
48662  2.564  -39.262  29.467 0.0000000000
48665  2.330  -39.269  28.562 0.0000000000
49686  5.115  -39.855  35.622 0.0000000000
49687  4.325  -39.505  35.647 0.0000000000
49688  3.250  -38.967  35.868 0.0000000000
49689  2.193  -38.764  36.175 0.0000000000
49690  1.458  -38.714  36.065 0.0000000000
49710  8.386  -39.983  34.644 0.0000000000
49711  7.722  -39.700  34.986 0.0000000000
49712  6.665  -39.432  35.030 0.0000000000
49713  5.456  -39.209  35.129 0.0000000000
49714  4.236  -38.682  35.011 0.0000000000
49715  3.320  -38.255  35.281 0.0000000000
49716  1.644  -39.631  34.891 0.0000000000
49717  1.227  -38.709  35.260 0.0000000000
49731  10.174  -39.514  33.378 0.0000000000
49732  9.866  -39.039  33.618 0.0000000000
49733  8.901  -39.258  34.345 0.0000000000
49734  7.679  -38.822  34.520 0.0000000000
49735  6.498  -38.640  34.393 0.0000000000
49736  5.332  -38.390  34.256 0.0000000000
49737  4.439  -38.017  34.247 0.0000000000
49738  2.484  -39.372  33.992 0.0000000000
49739  1.779  -38.922  34.219 0.0000000000
49740  1.250  -38.182  34.615 0.0000000000
49745  12.592  -38.496  32.072 0.0000000000
49746  11.644  -38.504  32.272 0.0000000000
49747  10.619  -38.780  32.853 0.0000000000
49748  9.963  -38.298  33.184 0.0000000000
49749  3.598  -39.099  33.073 0.0000000000
49750  2.807  -38.814  33.321 0.0000000000
49751  1.925  -38.375  33.559 0.0000000000
49754  13.132  -38.874  31.898 0.0000000000
49755  12.740  -39.052  31.844 0.0000000000
49756  3.708  -38.848  32.555 0.0000000000
49757  3.097  -38.257  32.205 0.0000000000
49758  2.885  -37.871  31.498 0.0000000000
49761  3.801  -38.695  31.758 0.0000000000
49762  3.375  -38.486  31.252 0.0000000000
49763  2.846  -38.128  30.672 0.0000000000
49766  2.658  -38.167  29.779 0.0000000000
49768  2.581  -38.261  28.867 0.0000000000
49774  2.543  -38.303  27.862 0.0000000000
50751  2.576  -38.053  35.750 0.0000000000
50752  1.671  -37.667  36.104 0.0000000000
50753  0.947  -37.786  35.923 0.0000000000
50773  3.742  -37.974  34.694 0.0000000000
50774  3.100  -37.414  35.058 0.0000000000
50775  2.323  -37.230  35.687 0.0000000000
50776  1.040  -37.743  35.163 0.0000000000
50794  9.373  -38.468  33.635 0.0000000000
50795  8.546  -38.240  33.732 0.0000000000
50796  7.434  -38.070  33.634 0.0000000000
50797  6.288  -37.883  33.484 0.0000000000
50798  5.133  -37.451  33.513 0.0000000000
50799  3.990  -37.200  34.152 0.0000000000
50800  3.373  -36.675  34.585 0.0000000000
50801  1.495  -38.106  33.992 0.0000000000
50802  1.262  -37.334  34.384 0.0000000000
50809  13.129  -37.522  32.597 0.0000000000
50810  12.272  -37.577  32.323 0.0000000000
50811  11.331  -37.670  32.397 0.0000000000
50812  10.441  -37.646  32.678 0.0000000000
50813  9.423  -37.616  32.926 0.0000000000
50814  8.297  -37.391  32.878 0.0000000000
50815  7.211  -37.216  32.813 0.0000000000
50816  6.162  -36.951  32.816 0.0000000000
50817  5.382  -36.614  32.980 0.0000000000
50818  2.181  -38.234  33.214 0.0000000000
50819  1.757  -37.601  33.324 0.0000000000
50820  1.429  -36.768  33.747 0.0000000000
50823  2.410  -38.070  32.824 0.0000000000
50824  2.330  -37.409  32.227 0.0000000000
50828  2.601  -37.210  31.196 0.0000000000
50832  2.631  -37.240  30.233 0.0000000000
50835  2.702  -37.267  29.255 0.0000000000
50838  2.670  -37.289  28.229 0.0000000000
50846  2.479  -37.294  27.160 0.0000000000
51715  1.517  -37.128  36.140 0.0000000000
51716  1.224  -37.106  36.126 0.0000000000
51731  2.707  -36.489  35.087 0.0000000000
51732  1.752  -36.713  35.706 0.0000000000
51733  1.216  -36.731  35.372 0.0000000000
51747  4.639  -36.559  33.438 0.0000000000
51748  3.940  -36.088  34.032 0.0000000000
51749  3.297  -36.201  34.594 0.0000000000
51750  1.316  -36.218  34.349 0.0000000000
51761  12.840  -36.672  32.599 0.0000000000
51762  12.030  -36.746  32.314 0.0000000000
51763  11.128  -36.786  32.310 0.0000000000
51764  10.205  -36.731  32.320 0.0000000000
51765  9.146  -36.423  32.126 0.0000000000
51766  7.991  -36.542  32.238 0.0000000000
51767  7.085  -36.135  32.198 0.0000000000
51768  5.984  -36.035  32.515 0.0000000000
51769  5.077  -35.924  32.965 0.0000000000
51770  4.539  -35.941  33.423 0.0000000000
51771  1.676  -36.386  33.003 0.0000000000
51772  1.441  -36.305  33.711 0.0000000000
51775  9.011  -35.712  31.736 0.0000000000
51776  8.407  -35.872  31.822 0.0000000000
51777  7.792  -35.978  31.933 0.0000000000
51778  2.182  -36.374  31.808 0.0000000000
51781  2.488  -36.321  30.785 0.0000000000
51785  2.585  -36.305  29.755 0.0000000000
51789  2.682  -36.285  28.702 0.0000000000
51792  2.484  -36.275  27.622 0.0000000000
51798  2.128  -36.279  26.541 0.0000000000
52681  2.402  -35.641  35.296 0.0000000000
52682  1.663  -35.625  35.548 0.0000000000
52683  1.309  -35.448  35.069 0.0000000000
52696  3.965  -35.368  34.134 0.0000000000
52697  3.296  -35.597  34.651 0.0000000000
52698  1.500  -34.947  33.797 0.0000000000
52699  1.369  -35.119  34.221 0.0000000000
52709  13.303  -35.858  32.858 0.0000000000
52710  12.718  -35.824  32.318 0.0000000000
52711  11.825  -35.982  32.070 0.0000000000
52712  10.958  -35.995  31.927 0.0000000000
52713  10.147  -35.938  31.890 0.0000000000
52714  7.169  -35.568  31.976 0.0000000000
52715  6.711  -35.289  32.083 0.0000000000
52716  5.624  -35.130  32.600 0.0000000000
52717  4.581  -35.184  33.449 0.0000000000
52718  1.605  -35.281  33.400 0.0000000000
52719  1.457  -35.858  33.741 0.0000000000
52723  12.389  -35.319  31.890 0.0000000000
52724  11.681  -35.245  31.615 0.0000000000
52725  10.744  -35.229  31.449 0.0000000000
52726  9.676  -35.338  31.560 0.0000000000
52727  8.804  -35.164  31.546 0.0000000000
52728  7.701  -35.241  31.741 0.0000000000
52729  7.117  -34.567  31.832 0.0000000000
52730  1.926  -35.468  32.411 0.0000000000
52733  2.302  -35.430  31.410 0.0000000000
52737  2.441  -35.364  30.356 0.0000000000
52741  2.551  -35.308  29.279 0.0000000000
52745  2.468  -35.268  28.182 0.0000000000
52749  2.142  -35.250  27.093 0.0000000000
52758  1.902  -35.226  25.971 0.0000000000
53699  1.889  -33.992  35.602 0.0000000000
53700  1.192  -34.165  35.624 0.0000000000
53701  0.986  -33.930  35.421 0.0000000000
53715  3.378  -34.092  35.097 0.0000000000
53716  2.349  -34.654  35.476 0.0000000000
53717  1.506  -34.697  35.484 0.0000000000
53718  1.106  -34.393  35.048 0.0000000000
53731  4.779  -33.791  33.892 0.0000000000
53732  4.012  -34.615  34.358 0.0000000000
53733  3.082  -34.915  35.063 0.0000000000
53734  1.559  -34.462  33.746 0.0000000000
53735  1.284  -34.444  34.404 0.0000000000
53745  13.308  -35.252  32.576 0.0000000000
53746  13.047  -34.919  32.087 0.0000000000
53747  6.398  -34.240  32.239 0.0000000000
53748  5.307  -34.114  33.024 0.0000000000
53749  4.649  -34.415  33.653 0.0000000000
53750  1.901  -34.756  32.920 0.0000000000
53754  12.475  -34.540  31.609 0.0000000000
53755  11.555  -34.248  31.090 0.0000000000
53756  10.410  -34.382  31.067 0.0000000000
53757  9.453  -34.435  31.259 0.0000000000
53758  8.577  -34.303  31.429 0.0000000000
53759  7.732  -34.099  31.610 0.0000000000
53760  7.111  -33.921  31.857 0.0000000000
53761  2.143  -34.602  32.080 0.0000000000
53764  11.383  -33.660  30.861 0.0000000000
53765  11.012  -33.852  30.807 0.0000000000
53766  2.440  -34.451  31.062 0.0000000000
53770  2.448  -34.343  29.946 0.0000000000
53775  2.502  -34.261  28.820 0.0000000000
53780  2.305  -34.222  27.699 0.0000000000
53785  2.093  -34.217  26.615 0.0000000000
53794  2.239  -34.232  25.642 0.0000000000
53802  2.617  -34.200  25.050 0.0000000000
54780  2.214  -33.377  35.314 0.0000000000
54781  1.563  -33.506  35.424 0.0000000000
54782  1.092  -33.701  35.545 0.0000000000
54794  4.784  -32.733  34.982 0.0000000000
54795  3.786  -33.113  35.105 0.0000000000
54796  2.750  -33.660  35.324 0.0000000000
54797  1.480  -33.246  35.188 0.0000000000
54798  1.196  -33.553  35.134 0.0000000000
54812  5.118  -33.035  34.311 0.0000000000
54813  4.299  -33.556  34.659 0.0000000000
54814  1.771  -33.438  33.789 0.0000000000
54815  1.312  -33.883  34.476 0.0000000000
54826  13.147  -33.940  32.128 0.0000000000
54827  6.965  -32.897  32.230 0.0000000000
54828  6.269  -33.203  32.687 0.0000000000
54829  5.520  -33.151  33.511 0.0000000000
54830  2.055  -33.940  32.893 0.0000000000
54833  12.546  -33.477  31.473 0.0000000000
54834  11.758  -33.240  30.951 0.0000000000
54835  9.922  -33.866  30.928 0.0000000000
54836  9.333  -33.519  31.114 0.0000000000
54837  8.430  -33.326  31.443 0.0000000000
54838  7.521  -33.201  31.802 0.0000000000
54839  6.844  -33.491  32.116 0.0000000000
54840  2.234  -33.596  31.831 0.0000000000
54843  11.133  -33.297  30.756 0.0000000000
54844  10.522  -33.540  30.770 0.0000000000
54845  9.977  -33.352  30.809 0.0000000000
54846  2.399  -33.401  30.694 0.0000000000
54850  2.470  -33.268  29.542 0.0000000000
54854  2.400  -33.174  28.383 0.0000000000
54857  2.237  -33.182  27.259 0.0000000000
54860  2.257  -33.260  26.246 0.0000000000
54863  7.719  -33.433  25.506 0.0000000000
54864  6.909  -33.444  25.923 0.0000000000
54865  5.764  -33.440  25.763 0.0000000000
54866  4.481  -33.528  25.223 0.0000000000
54867  3.412  -33.165  25.026 0.0000000000
54868  2.645  -33.333  25.405 0.0000000000
54871  8.099  -33.412  24.867 0.0000000000
54872  4.134  -34.069  24.781 0.0000000000
54873  3.627  -33.886  24.756 0.0000000000
54874  2.995  -33.774  24.880 0.0000000000
55910  5.152  -31.784  35.523 0.0000000000
55911  4.987  -31.653  35.683 0.0000000000
55912  2.278  -33.096  35.216 0.0000000000
55913  1.966  -33.240  35.309 0.0000000000
55927  5.233  -32.117  35.212 0.0000000000
55928  4.550  -32.093  35.308 0.0000000000
55929  3.093  -32.667  35.069 0.0000000000
55930  1.934  -33.034  35.049 0.0000000000
55931  1.514  -33.060  34.937 0.0000000000
55949  5.869  -32.011  33.965 0.0000000000
55950  5.474  -32.248  34.560 0.0000000000
55951  3.119  -32.196  34.498 0.0000000000
55952  2.396  -32.571  34.145 0.0000000000
55953  1.615  -33.223  34.621 0.0000000000
55965  6.824  -32.303  32.650 0.0000000000
55966  6.168  -32.312  33.357 0.0000000000
55967  5.605  -32.537  33.930 0.0000000000
55968  2.142  -32.762  32.787 0.0000000000
55971  12.307  -32.367  31.390 0.0000000000
55972  11.180  -32.449  30.873 0.0000000000
55973  10.181  -32.222  30.920 0.0000000000
55974  9.197  -32.445  31.181 0.0000000000
55975  8.215  -32.363  31.673 0.0000000000
55976  7.460  -32.340  32.159 0.0000000000
55977  2.234  -32.503  31.469 0.0000000000
55980  10.820  -33.044  30.699 0.0000000000
55981  10.406  -32.905  30.731 0.0000000000
55982  9.792  -32.883  30.862 0.0000000000
55983  2.290  -32.326  30.299 0.0000000000
55992  2.292  -32.172  29.154 0.0000000000
56002  2.238  -31.997  27.960 0.0000000000
56013  2.345  -32.264  26.846 0.0000000000
56024  2.562  -32.423  26.010 0.0000000000
56035  7.946  -32.396  25.286 0.0000000000
56036  7.405  -32.370  25.978 0.0000000000
56037  6.288  -32.406  26.131 0.0000000000
56038  5.042  -32.495  25.890 0.0000000000
56039  3.965  -32.428  25.428 0.0000000000
56040  3.076  -32.431  25.483 0.0000000000
56052  7.910  -32.499  24.604 0.0000000000
56064  7.428  -32.485  24.064 0.0000000000
56065  6.830  -32.309  23.612 0.0000000000
56066  6.255  -32.319  23.239 0.0000000000
56080  5.231  -32.803  22.543 0.0000000000
57151  5.620  -31.067  35.585 0.0000000000
57152  5.372  -31.284  35.677 0.0000000000
57153  4.872  -31.360  35.728 0.0000000000
57168  5.800  -31.108  35.283 0.0000000000
57169  5.513  -31.586  35.207 0.0000000000
57170  4.362  -31.579  35.189 0.0000000000
57171  3.668  -31.933  34.685 0.0000000000
57190  6.672  -30.991  34.000 0.0000000000
57191  6.108  -31.411  34.417 0.0000000000
57192  5.550  -31.829  34.867 0.0000000000
57193  4.194  -31.295  34.595 0.0000000000
57194  3.454  -31.720  33.835 0.0000000000
57195  2.664  -31.994  33.173 0.0000000000
57204  12.463  -31.397  32.142 0.0000000000
57205  7.762  -30.822  32.637 0.0000000000
57206  6.931  -31.316  33.206 0.0000000000
57207  6.270  -31.759  33.731 0.0000000000
57208  3.118  -31.433  32.867 0.0000000000
57209  2.465  -31.609  32.194 0.0000000000
57212  11.728  -31.426  31.428 0.0000000000
57213  10.775  -31.403  31.192 0.0000000000
57214  9.788  -31.407  31.280 0.0000000000
57215  8.843  -31.481  31.597 0.0000000000
57216  7.950  -31.427  32.216 0.0000000000
57217  7.278  -31.837  32.525 0.0000000000
57218  2.184  -31.440  31.022 0.0000000000
57224  2.084  -31.271  29.924 0.0000000000
57236  2.029  -31.103  28.862 0.0000000000
57245  2.112  -30.924  28.051 0.0000000000
57253  2.403  -31.226  27.311 0.0000000000
57262  2.665  -31.549  26.507 0.0000000000
57271  7.722  -31.285  25.688 0.0000000000
57272  6.795  -31.143  26.292 0.0000000000
57273  5.495  -31.417  26.226 0.0000000000
57274  4.358  -31.556  25.955 0.0000000000
57275  3.465  -31.677  25.811 0.0000000000
57276  2.907  -31.819  25.944 0.0000000000
57284  8.054  -31.369  24.818 0.0000000000
57285  7.757  -30.836  24.475 0.0000000000
57291  7.716  -31.937  24.410 0.0000000000
57292  7.366  -31.397  24.091 0.0000000000
57293  6.567  -31.442  23.512 0.0000000000
57302  5.953  -31.513  23.161 0.0000000000
57303  5.515  -31.586  22.895 0.0000000000
57304  5.265  -31.670  22.762 0.0000000000
58292  5.731  -30.770  35.589 0.0000000000
58293  5.278  -30.716  35.989 0.0000000000
58294  4.769  -30.723  35.839 0.0000000000
58309  6.813  -30.111  34.421 0.0000000000
58310  6.438  -30.439  34.862 0.0000000000
58311  4.491  -30.653  35.295 0.0000000000
58329  6.977  -30.363  33.969 0.0000000000
58330  6.568  -30.814  34.333 0.0000000000
58331  4.471  -30.491  34.532 0.0000000000
58332  4.227  -31.022  33.892 0.0000000000
58345  12.215  -30.386  32.634 0.0000000000
58346  11.725  -30.161  32.152 0.0000000000
58347  9.079  -30.154  32.102 0.0000000000
58348  8.530  -30.391  32.289 0.0000000000
58349  7.721  -30.201  32.995 0.0000000000
58350  4.446  -30.366  33.714 0.0000000000
58351  3.877  -30.781  32.942 0.0000000000
58352  3.122  -30.968  32.312 0.0000000000
58356  11.946  -30.734  31.937 0.0000000000
58357  11.258  -30.524  31.675 0.0000000000
58358  10.397  -30.598  31.497 0.0000000000
58359  9.402  -30.453  31.797 0.0000000000
58360  8.682  -30.935  31.949 0.0000000000
58361  3.475  -30.435  32.086 0.0000000000
58362  2.797  -30.638  31.525 0.0000000000
58371  2.293  -30.485  30.594 0.0000000000
58384  2.086  -30.137  29.593 0.0000000000
58392  1.988  -30.138  28.535 0.0000000000
58401  2.273  -30.199  27.688 0.0000000000
58409  3.178  -30.293  26.374 0.0000000000
58410  2.724  -30.456  26.856 0.0000000000
58417  7.477  -30.095  26.102 0.0000000000
58418  6.646  -29.997  26.390 0.0000000000
58419  5.765  -30.317  26.356 0.0000000000
58420  4.632  -30.508  26.211 0.0000000000
58421  3.686  -30.776  26.105 0.0000000000
58422  3.019  -31.070  26.164 0.0000000000
58428  8.000  -30.329  25.427 0.0000000000
58429  7.953  -30.274  24.767 0.0000000000
58434  7.461  -30.321  24.282 0.0000000000
58435  6.857  -30.523  23.795 0.0000000000
58443  6.215  -30.627  23.414 0.0000000000
58444  5.702  -30.673  23.132 0.0000000000
58445  5.374  -30.724  22.916 0.0000000000
58446  5.166  -30.746  22.825 0.0000000000
59368  5.920  -29.871  35.679 0.0000000000
59369  5.093  -29.972  36.208 0.0000000000
59370  4.662  -29.906  35.889 0.0000000000
59384  7.043  -29.521  34.403 0.0000000000
59385  6.542  -29.698  35.071 0.0000000000
59386  4.514  -29.787  35.228 0.0000000000
59400  12.053  -29.378  33.076 0.0000000000
59401  11.608  -28.961  32.804 0.0000000000
59402  8.363  -29.054  33.103 0.0000000000
59403  7.690  -29.524  33.542 0.0000000000
59404  4.601  -29.655  34.257 0.0000000000
59416  11.827  -29.828  32.494 0.0000000000
59417  11.201  -29.480  32.253 0.0000000000
59418  10.165  -29.209  32.100 0.0000000000
59419  9.274  -29.620  32.250 0.0000000000
59420  8.461  -29.616  32.680 0.0000000000
59421  8.030  -29.576  33.041 0.0000000000
59422  4.445  -29.695  33.089 0.0000000000
59423  3.993  -30.046  32.297 0.0000000000
59428  10.809  -30.088  31.731 0.0000000000
59429  10.299  -29.887  31.779 0.0000000000
59430  9.776  -29.760  31.907 0.0000000000
59431  4.219  -29.410  32.205 0.0000000000
59432  3.563  -29.709  31.505 0.0000000000
59433  2.819  -29.970  30.962 0.0000000000
59446  3.128  -29.467  30.773 0.0000000000
59447  2.609  -29.715  30.336 0.0000000000
59459  3.040  -29.150  30.311 0.0000000000
59460  2.604  -29.217  29.741 0.0000000000
59468  2.218  -29.282  28.980 0.0000000000
59476  2.097  -29.266  28.135 0.0000000000
59481  6.495  -28.642  26.477 0.0000000000
59482  6.122  -28.722  26.516 0.0000000000
59483  5.422  -28.864  26.512 0.0000000000
59484  2.954  -29.626  26.655 0.0000000000
59485  2.492  -29.243  27.294 0.0000000000
59490  7.575  -29.355  26.137 0.0000000000
59491  6.906  -29.029  26.427 0.0000000000
59492  5.986  -29.394  26.455 0.0000000000
59493  4.885  -29.423  26.404 0.0000000000
59494  3.681  -29.553  26.261 0.0000000000
59497  7.832  -29.511  25.756 0.0000000000
59498  7.983  -29.449  25.217 0.0000000000
59505  7.572  -29.456  24.687 0.0000000000
59506  6.974  -29.504  24.162 0.0000000000
59507  6.373  -29.194  23.877 0.0000000000
59515  6.456  -29.908  23.692 0.0000000000
59516  5.914  -29.738  23.473 0.0000000000
59517  5.523  -29.893  23.151 0.0000000000
59518  5.315  -29.848  23.016 0.0000000000
60364  6.000  -29.097  35.660 0.0000000000
60365  5.482  -29.146  36.029 0.0000000000
60366  4.762  -29.106  36.278 0.0000000000
60375  7.285  -28.695  34.445 0.0000000000
60376  6.641  -28.875  35.095 0.0000000000
60377  4.358  -29.018  35.896 0.0000000000
60385  12.356  -28.549  33.938 0.0000000000
60386  11.749  -28.412  33.288 0.0000000000
60387  11.230  -28.122  33.037 0.0000000000
60388  9.572  -28.098  32.823 0.0000000000
60389  9.086  -28.284  33.038 0.0000000000
60390  8.027  -28.452  33.794 0.0000000000
60391  4.347  -28.849  35.023 0.0000000000
60405  11.304  -28.671  32.770 0.0000000000
60406  10.671  -28.485  32.637 0.0000000000
60407  9.749  -28.442  32.584 0.0000000000
60408  8.980  -28.985  32.698 0.0000000000
60409  4.531  -28.705  33.850 0.0000000000
60414  4.442  -28.725  32.709 0.0000000000
60415  4.177  -28.761  31.754 0.0000000000
60431  3.608  -28.763  30.859 0.0000000000
60441  3.179  -28.517  29.988 0.0000000000
60442  2.694  -28.533  29.272 0.0000000000
60449  2.410  -28.512  28.606 0.0000000000
60455  2.261  -28.355  27.893 0.0000000000
60457  6.308  -28.194  26.484 0.0000000000
60458  5.395  -28.224  26.526 0.0000000000
60459  4.703  -28.533  26.446 0.0000000000
60460  2.945  -28.615  26.703 0.0000000000
60461  2.525  -28.237  27.293 0.0000000000
60463  7.563  -28.866  25.942 0.0000000000
60464  7.065  -28.130  26.175 0.0000000000
60465  4.111  -28.747  26.323 0.0000000000
60466  3.537  -28.543  26.390 0.0000000000
60468  7.828  -29.021  25.566 0.0000000000
60469  7.451  -28.376  25.270 0.0000000000
60470  7.070  -27.718  24.963 0.0000000000
60479  7.227  -28.898  24.624 0.0000000000
60480  6.721  -28.312  24.491 0.0000000000
60481  5.857  -28.546  23.775 0.0000000000
60482  5.398  -28.257  23.577 0.0000000000
60483  5.187  -28.193  23.510 0.0000000000
60491  5.632  -29.322  23.400 0.0000000000
60492  5.452  -29.114  23.325 0.0000000000
60493  5.279  -28.853  23.314 0.0000000000
61312  3.594  -27.643  36.695 0.0000000000
61313  3.331  -27.487  36.685 0.0000000000
61314  2.820  -27.263  36.716 0.0000000000
61322  6.006  -28.417  35.631 0.0000000000
61323  5.232  -28.204  36.135 0.0000000000
61324  4.050  -28.000  36.616 0.0000000000
61325  3.156  -27.689  36.426 0.0000000000
61326  2.494  -27.243  36.412 0.0000000000
61330  7.437  -27.934  34.470 0.0000000000
61331  6.699  -27.665  34.989 0.0000000000
61332  3.700  -28.236  35.827 0.0000000000
61333  2.829  -27.619  35.703 0.0000000000
61334  2.169  -27.123  35.951 0.0000000000
61337  12.156  -27.650  33.874 0.0000000000
61338  11.589  -27.554  33.460 0.0000000000
61339  10.836  -27.534  33.075 0.0000000000
61340  9.863  -27.603  32.889 0.0000000000
61341  8.975  -27.387  33.357 0.0000000000
61342  8.152  -27.186  33.801 0.0000000000
61343  3.731  -27.782  34.621 0.0000000000
61344  2.930  -27.346  34.975 0.0000000000
61359  10.220  -27.988  32.730 0.0000000000
61360  9.949  -27.990  32.691 0.0000000000
61361  4.290  -27.874  33.292 0.0000000000
61377  4.341  -27.960  32.275 0.0000000000
61378  4.071  -27.892  31.471 0.0000000000
61395  3.693  -27.706  30.567 0.0000000000
61402  3.114  -27.601  29.479 0.0000000000
61403  2.693  -28.048  28.966 0.0000000000
61408  2.911  -27.117  29.064 0.0000000000
61409  2.627  -27.557  28.577 0.0000000000
61411  2.461  -27.472  27.715 0.0000000000
61413  6.376  -27.280  26.432 0.0000000000
61414  5.442  -27.379  26.550 0.0000000000
61415  4.346  -27.657  26.406 0.0000000000
61416  3.327  -27.650  26.526 0.0000000000
61417  2.720  -27.507  27.051 0.0000000000
61420  6.911  -27.259  25.911 0.0000000000
61421  4.217  -28.278  26.379 0.0000000000
61422  3.862  -28.175  26.375 0.0000000000
61425  7.054  -27.144  25.356 0.0000000000
61426  6.774  -27.098  24.836 0.0000000000
61437  6.179  -27.090  24.273 0.0000000000
61438  5.618  -27.290  23.799 0.0000000000
61439  5.332  -27.476  23.644 0.0000000000
62253  3.565  -27.262  36.647 0.0000000000
62254  3.013  -26.782  36.703 0.0000000000
62255  2.401  -26.720  36.719 0.0000000000
62259  5.921  -27.399  35.452 0.0000000000
62260  5.063  -26.933  35.793 0.0000000000
62261  4.156  -26.733  36.315 0.0000000000
62262  3.545  -26.487  36.475 0.0000000000
62263  1.969  -26.634  36.379 0.0000000000
62266  12.321  -26.671  34.385 0.0000000000
62267  12.112  -26.080  34.091 0.0000000000
62268  7.388  -26.746  34.175 0.0000000000
62269  6.536  -26.659  34.688 0.0000000000
62270  5.887  -26.478  35.083 0.0000000000
62271  2.395  -27.007  35.263 0.0000000000
62272  1.839  -26.493  35.700 0.0000000000
62275  11.962  -27.088  33.801 0.0000000000
62276  11.624  -26.547  33.637 0.0000000000
62277  10.661  -26.509  33.166 0.0000000000
62278  9.736  -26.456  33.094 0.0000000000
62279  8.867  -26.365  33.324 0.0000000000
62280  8.141  -26.264  33.578 0.0000000000
62281  3.801  -27.181  33.587 0.0000000000
62282  2.976  -26.706  34.273 0.0000000000
62283  2.116  -26.328  34.933 0.0000000000
62287  4.100  -27.248  32.636 0.0000000000
62288  3.614  -26.500  33.032 0.0000000000
62292  4.174  -27.444  31.990 0.0000000000
62293  3.936  -26.779  31.664 0.0000000000
62297  3.569  -26.653  30.314 0.0000000000
62300  3.120  -26.619  29.435 0.0000000000
62302  2.812  -26.701  28.820 0.0000000000
62303  2.619  -26.688  28.247 0.0000000000
62305  2.581  -26.553  27.546 0.0000000000
62308  6.440  -26.355  26.385 0.0000000000
62309  5.600  -26.420  26.558 0.0000000000
62310  4.561  -26.503  26.465 0.0000000000
62311  3.556  -26.555  26.434 0.0000000000
62312  2.850  -26.540  26.850 0.0000000000
62315  6.831  -26.283  25.868 0.0000000000
62318  6.852  -26.211  25.304 0.0000000000
62319  6.531  -26.159  24.745 0.0000000000
62330  6.146  -26.020  24.338 0.0000000000
62331  5.806  -26.211  23.963 0.0000000000
62332  5.420  -26.145  23.694 0.0000000000
63166  2.562  -26.110  36.668 0.0000000000
63167  1.993  -25.866  36.709 0.0000000000
63168  1.758  -25.298  36.423 0.0000000000
63172  4.690  -25.810  35.545 0.0000000000
63173  3.924  -25.734  36.000 0.0000000000
63174  3.170  -25.681  36.424 0.0000000000
63175  1.650  -25.872  36.183 0.0000000000
63176  1.505  -25.137  36.077 0.0000000000
63179  12.268  -25.640  34.588 0.0000000000
63180  11.937  -25.529  33.971 0.0000000000
63181  7.029  -25.960  34.152 0.0000000000
63182  6.411  -25.614  34.452 0.0000000000
63183  5.526  -25.730  35.008 0.0000000000
63184  1.669  -25.508  35.348 0.0000000000
63185  1.507  -24.915  35.711 0.0000000000
63188  11.305  -25.528  33.461 0.0000000000
63189  10.476  -25.475  33.038 0.0000000000
63190  9.546  -25.452  32.969 0.0000000000
63191  8.669  -25.446  33.222 0.0000000000
63192  7.746  -25.530  33.636 0.0000000000
63193  7.135  -25.219  33.975 0.0000000000
63194  2.916  -25.950  33.418 0.0000000000
63195  2.203  -25.651  34.184 0.0000000000
63198  3.257  -25.626  32.400 0.0000000000
63199  2.534  -25.308  33.221 0.0000000000
63202  3.482  -25.719  31.115 0.0000000000
63205  3.102  -25.677  30.042 0.0000000000
63206  2.835  -25.139  29.994 0.0000000000
63208  2.905  -26.011  29.106 0.0000000000
63209  2.834  -25.226  29.466 0.0000000000
63211  2.736  -26.254  28.623 0.0000000000
63212  2.709  -25.639  28.414 0.0000000000
63215  2.650  -25.528  27.409 0.0000000000
63218  6.461  -25.422  26.320 0.0000000000
63219  5.787  -25.494  26.613 0.0000000000
63220  4.815  -25.522  26.547 0.0000000000
63221  3.807  -25.522  26.420 0.0000000000
63222  2.982  -25.514  26.696 0.0000000000
63224  6.774  -25.342  25.834 0.0000000000
63227  6.660  -25.300  25.247 0.0000000000
63228  6.296  -25.286  24.695 0.0000000000
63238  5.878  -25.383  24.260 0.0000000000
63239  5.538  -25.385  23.945 0.0000000000
63240  5.195  -25.145  23.814 0.0000000000
64098  2.507  -25.236  36.547 0.0000000000
64099  2.036  -24.877  36.604 0.0000000000
64100  1.740  -24.605  36.369 0.0000000000
64104  12.179  -24.943  35.355 0.0000000000
64105  11.921  -24.171  35.586 0.0000000000
64106  4.436  -24.772  35.405 0.0000000000
64107  3.674  -24.733  35.826 0.0000000000
64108  3.066  -24.511  36.287 0.0000000000
64109  1.499  -24.456  35.990 0.0000000000
64112  12.103  -24.852  34.530 0.0000000000
64113  11.717  -24.681  33.927 0.0000000000
64114  6.026  -24.680  34.470 0.0000000000
64115  5.230  -24.752  34.958 0.0000000000
64116  1.765  -24.919  34.605 0.0000000000
64117  1.570  -24.497  35.295 0.0000000000
64120  11.069  -24.531  33.384 0.0000000000
64121  10.204  -24.395  32.861 0.0000000000
64122  9.330  -24.516  32.856 0.0000000000
64123  8.440  -24.529  33.177 0.0000000000
64124  7.600  -24.495  33.586 0.0000000000
64125  6.839  -24.527  34.032 0.0000000000
64126  1.972  -24.615  33.706 0.0000000000
64127  1.672  -24.254  34.515 0.0000000000
64130  9.986  -23.947  32.755 0.0000000000
64131  9.767  -24.133  32.752 0.0000000000
64132  3.020  -25.051  31.641 0.0000000000
64133  2.496  -24.635  32.508 0.0000000000
64136  2.969  -25.071  30.780 0.0000000000
64137  2.641  -24.384  31.397 0.0000000000
64139  2.864  -25.107  30.263 0.0000000000
64140  2.697  -24.528  30.239 0.0000000000
64142  2.690  -24.440  29.132 0.0000000000
64145  2.662  -24.493  28.114 0.0000000000
64148  2.823  -24.520  27.294 0.0000000000
64150  6.480  -24.473  26.345 0.0000000000
64151  6.003  -24.598  26.785 0.0000000000
64152  5.107  -24.624  26.759 0.0000000000
64153  4.136  -24.605  26.579 0.0000000000
64154  3.287  -24.557  26.726 0.0000000000
64157  6.705  -24.380  25.796 0.0000000000
64161  6.460  -24.436  25.154 0.0000000000
64162  5.936  -24.458  24.622 0.0000000000
64163  5.623  -23.970  24.585 0.0000000000
64172  5.648  -24.943  24.229 0.0000000000
64173  5.382  -24.531  24.209 0.0000000000
64174  5.024  -24.528  23.961 0.0000000000
65000  11.603  -23.592  36.095 0.0000000000
65001  2.493  -24.169  36.494 0.0000000000
65002  2.054  -23.903  36.559 0.0000000000
65003  1.732  -23.775  36.315 0.0000000000
65007  12.068  -24.308  35.018 0.0000000000
65008  11.865  -23.529  35.119 0.0000000000
65009  4.237  -23.892  35.487 0.0000000000
65010  3.625  -23.667  35.890 0.0000000000
65011  3.031  -23.472  36.362 0.0000000000
65012  1.545  -23.707  35.780 0.0000000000
65015  11.903  -24.178  34.512 0.0000000000
65016  11.513  -23.633  34.054 0.0000000000
65017  5.753  -23.866  34.581 0.0000000000
65018  5.082  -23.624  35.085 0.0000000000
65019  1.592  -23.643  34.978 0.0000000000
65022  10.763  -23.604  33.373 0.0000000000
65023  10.113  -23.526  32.953 0.0000000000
65024  9.254  -23.604  32.922 0.0000000000
65025  8.187  -23.574  33.247 0.0000000000
65026  7.337  -23.607  33.673 0.0000000000
65027  6.522  -23.575  34.145 0.0000000000
65028  1.949  -23.843  33.098 0.0000000000
65029  1.698  -23.557  34.020 0.0000000000
65032  9.738  -23.822  32.790 0.0000000000
65033  9.522  -24.008  32.785 0.0000000000
65034  2.183  -23.606  32.179 0.0000000000
65036  2.414  -23.474  31.057 0.0000000000
65039  2.490  -23.437  29.916 0.0000000000
65042  2.531  -23.433  28.838 0.0000000000
65045  2.665  -23.494  27.914 0.0000000000
65047  6.355  -23.022  27.126 0.0000000000
65048  5.825  -23.138  27.326 0.0000000000
65049  5.431  -23.181  27.378 0.0000000000
65050  3.044  -23.612  27.245 0.0000000000
65052  6.526  -23.393  26.490 0.0000000000
65053  6.210  -23.738  26.937 0.0000000000
65054  5.394  -23.711  27.161 0.0000000000
65055  4.467  -23.858  26.963 0.0000000000
65056  3.666  -23.773  26.921 0.0000000000
65059  6.512  -23.367  25.646 0.0000000000
65060  6.203  -22.851  25.525 0.0000000000
65066  6.261  -23.873  25.077 0.0000000000
65067  5.919  -23.292  25.052 0.0000000000
65068  5.359  -23.605  24.548 0.0000000000
65069  5.159  -23.476  24.489 0.0000000000
65080  5.122  -24.168  24.198 0.0000000000
65081  4.977  -23.988  24.189 0.0000000000
66013  11.348  -22.612  35.834 0.0000000000
66014  11.052  -22.475  36.488 0.0000000000
66015  3.208  -22.181  36.679 0.0000000000
66016  2.548  -22.870  36.684 0.0000000000
66017  1.966  -22.910  36.664 0.0000000000
66018  1.648  -22.883  36.284 0.0000000000
66028  11.531  -22.629  34.739 0.0000000000
66029  4.505  -22.699  35.576 0.0000000000
66030  3.556  -22.737  36.208 0.0000000000
66031  3.063  -22.824  36.510 0.0000000000
66032  1.672  -22.203  35.137 0.0000000000
66033  1.604  -22.885  35.515 0.0000000000
66039  10.887  -22.604  33.856 0.0000000000
66040  10.439  -22.067  33.728 0.0000000000
66041  6.826  -22.230  34.022 0.0000000000
66042  5.983  -22.749  34.507 0.0000000000
66043  5.278  -22.690  35.059 0.0000000000
66044  1.675  -22.298  34.282 0.0000000000
66045  1.626  -22.913  34.663 0.0000000000
66048  10.480  -23.050  33.340 0.0000000000
66049  9.987  -22.544  33.275 0.0000000000
66050  8.820  -22.584  33.217 0.0000000000
66051  7.849  -22.694  33.458 0.0000000000
66052  7.099  -22.831  33.818 0.0000000000
66053  6.612  -22.834  34.106 0.0000000000
66054  1.801  -22.722  33.239 0.0000000000
66055  1.650  -22.871  34.040 0.0000000000
66058  2.119  -22.523  31.907 0.0000000000
66061  2.291  -22.416  30.731 0.0000000000
66064  2.404  -22.382  29.604 0.0000000000
66067  2.550  -22.434  28.589 0.0000000000
66070  2.898  -22.566  27.780 0.0000000000
66073  6.532  -22.321  27.056 0.0000000000
66074  6.027  -22.431  27.450 0.0000000000
66075  5.192  -22.652  27.517 0.0000000000
66076  4.198  -22.524  27.357 0.0000000000
66077  3.482  -22.873  27.293 0.0000000000
66083  6.562  -22.491  26.437 0.0000000000
66084  5.185  -23.202  27.392 0.0000000000
66085  4.705  -23.212  27.305 0.0000000000
66086  4.045  -23.213  27.067 0.0000000000
66095  6.351  -22.413  25.965 0.0000000000
66096  5.884  -22.372  25.535 0.0000000000
66097  5.614  -22.056  25.439 0.0000000000
66109  5.779  -22.723  25.192 0.0000000000
66110  5.575  -22.546  25.096 0.0000000000
66111  5.329  -22.843  24.785 0.0000000000
67086  2.442  -21.128  37.755 0.0000000000
67087  2.247  -21.426  37.644 0.0000000000
67088  1.919  -21.471  37.535 0.0000000000
67105  11.101  -22.009  35.823 0.0000000000
67106  10.940  -21.911  36.364 0.0000000000
67107  3.393  -21.485  36.889 0.0000000000
67108  2.804  -21.508  37.351 0.0000000000
67109  2.146  -22.062  37.234 0.0000000000
67110  1.626  -21.979  37.014 0.0000000000
67125  11.227  -21.912  35.302 0.0000000000
67126  10.990  -21.490  34.880 0.0000000000
67127  4.743  -21.702  35.641 0.0000000000
67128  4.039  -21.630  36.295 0.0000000000
67129  1.672  -21.649  35.425 0.0000000000
67130  1.605  -21.874  36.052 0.0000000000
67142  11.113  -22.014  34.576 0.0000000000
67143  10.621  -21.611  34.243 0.0000000000
67144  7.935  -21.195  33.815 0.0000000000
67145  7.425  -21.400  33.912 0.0000000000
67146  6.482  -21.590  34.417 0.0000000000
67147  5.498  -21.741  35.120 0.0000000000
67148  1.763  -21.558  34.821 0.0000000000
67155  10.057  -21.643  33.705 0.0000000000
67156  9.361  -21.768  33.508 0.0000000000
67157  8.312  -21.581  33.626 0.0000000000
67158  7.478  -22.117  33.688 0.0000000000
67159  1.789  -21.551  33.844 0.0000000000
67161  1.882  -21.539  32.717 0.0000000000
67163  2.025  -21.412  31.543 0.0000000000
67166  2.198  -21.305  30.396 0.0000000000
67174  2.381  -21.338  29.298 0.0000000000
67183  2.754  -21.474  28.376 0.0000000000
67193  6.484  -21.613  27.201 0.0000000000
67194  6.237  -21.652  27.471 0.0000000000
67195  5.548  -21.719  27.680 0.0000000000
67196  4.589  -21.712  27.656 0.0000000000
67197  3.504  -21.646  27.718 0.0000000000
67207  6.600  -21.610  26.914 0.0000000000
67208  6.450  -21.314  26.710 0.0000000000
67219  6.446  -21.884  26.484 0.0000000000
67220  6.129  -21.580  26.267 0.0000000000
67221  5.684  -21.501  25.798 0.0000000000
67222  5.451  -21.297  25.635 0.0000000000
67231  5.485  -21.835  25.413 0.0000000000
67232  5.313  -21.846  25.266 0.0000000000
68146  3.315  -20.076  37.913 0.0000000000
68147  2.818  -20.614  37.921 0.0000000000
68148  2.083  -20.834  37.963 0.0000000000
68149  1.596  -20.958  37.549 0.0000000000
68160  10.982  -21.592  35.821 0.0000000000
68161  10.827  -20.822  36.216 0.0000000000
68162  3.635  -20.620  37.167 0.0000000000
68163  3.079  -20.954  37.558 0.0000000000
68164  1.523  -21.145  36.807 0.0000000000
68175  10.944  -21.311  35.430 0.0000000000
68176  10.734  -20.764  34.948 0.0000000000
68177  5.839  -20.195  35.132 0.0000000000
68178  4.959  -20.784  35.681 0.0000000000
68179  4.285  -20.804  36.384 0.0000000000
68180  1.678  -20.940  35.666 0.0000000000
68181  1.551  -21.170  36.272 0.0000000000
68194  9.976  -20.800  34.070 0.0000000000
68195  9.050  -20.496  33.977 0.0000000000
68196  8.076  -20.658  33.968 0.0000000000
68197  7.027  -20.661  34.321 0.0000000000
68198  6.169  -20.856  34.780 0.0000000000
68199  5.637  -20.896  35.183 0.0000000000
68200  1.929  -20.688  34.579 0.0000000000
68211  9.668  -21.320  33.759 0.0000000000
68212  9.188  -21.138  33.789 0.0000000000
68213  8.671  -20.962  33.848 0.0000000000
68214  1.930  -20.556  33.481 0.0000000000
68217  1.819  -20.478  32.357 0.0000000000
68220  1.801  -20.206  31.174 0.0000000000
68221  1.718  -19.586  30.918 0.0000000000
68229  2.044  -20.137  30.040 0.0000000000
68230  1.806  -19.783  30.631 0.0000000000
68243  2.503  -20.355  28.959 0.0000000000
68255  5.566  -20.209  28.194 0.0000000000
68256  4.668  -20.189  28.235 0.0000000000
68257  3.751  -20.160  28.124 0.0000000000
68258  3.104  -20.602  28.212 0.0000000000
68267  6.395  -20.915  27.377 0.0000000000
68268  5.934  -20.911  27.821 0.0000000000
68269  5.091  -20.933  27.929 0.0000000000
68270  4.154  -20.890  27.903 0.0000000000
68271  3.578  -20.821  27.993 0.0000000000
68279  6.574  -20.792  27.049 0.0000000000
68280  6.329  -20.734  26.730 0.0000000000
68288  5.921  -20.753  26.364 0.0000000000
68289  5.609  -20.672  26.025 0.0000000000
68290  5.412  -20.721  25.825 0.0000000000
69295  2.691  -18.868  38.879 0.0000000000
69296  2.364  -19.101  38.838 0.0000000000
69297  1.919  -19.257  38.715 0.0000000000
69306  3.696  -19.431  37.736 0.0000000000
69307  2.973  -19.400  38.444 0.0000000000
69308  2.259  -19.897  38.422 0.0000000000
69309  1.604  -19.884  38.201 0.0000000000
69319  10.569  -19.595  36.755 0.0000000000
69320  4.999  -18.719  36.340 0.0000000000
69321  4.441  -19.291  36.834 0.0000000000
69322  1.561  -19.562  36.716 0.0000000000
69323  1.440  -20.054  37.163 0.0000000000
69334  10.528  -19.680  35.528 0.0000000000
69335  10.012  -19.428  34.846 0.0000000000
69336  7.023  -18.821  34.878 0.0000000000
69337  6.422  -19.322  34.977 0.0000000000
69338  5.385  -19.255  35.762 0.0000000000
69339  4.531  -20.158  36.365 0.0000000000
69340  1.595  -20.022  36.281 0.0000000000
69341  1.529  -20.679  36.462 0.0000000000
69352  10.276  -20.048  34.661 0.0000000000
69353  9.585  -19.900  34.367 0.0000000000
69354  8.671  -19.731  34.274 0.0000000000
69355  7.530  -19.477  34.494 0.0000000000
69356  6.577  -20.090  34.682 0.0000000000
69357  1.952  -19.852  35.385 0.0000000000
69369  2.165  -19.650  34.290 0.0000000000
69372  1.906  -19.451  33.109 0.0000000000
69373  1.697  -18.969  32.378 0.0000000000
69376  1.703  -19.662  32.108 0.0000000000
69377  1.651  -19.156  31.466 0.0000000000
69386  1.985  -19.558  30.001 0.0000000000
69387  1.849  -19.173  30.431 0.0000000000
69398  2.215  -19.359  29.576 0.0000000000
69399  2.091  -18.652  29.893 0.0000000000
69402  5.830  -19.635  28.337 0.0000000000
69403  5.228  -19.517  28.539 0.0000000000
69404  4.244  -19.367  28.404 0.0000000000
69405  3.065  -19.332  28.622 0.0000000000
69409  6.406  -20.442  27.539 0.0000000000
69410  6.274  -19.989  27.855 0.0000000000
69414  6.463  -20.389  27.353 0.0000000000
69415  6.496  -19.880  27.216 0.0000000000
69416  6.205  -19.543  26.894 0.0000000000
69421  6.214  -20.139  26.699 0.0000000000
69422  5.868  -19.917  26.476 0.0000000000
69423  5.560  -19.962  26.208 0.0000000000
70273  3.161  -18.067  39.343 0.0000000000
70274  2.758  -18.134  39.476 0.0000000000
70275  2.378  -18.094  39.588 0.0000000000
70288  3.018  -18.403  39.024 0.0000000000
70289  2.523  -18.555  39.220 0.0000000000
70290  1.786  -18.586  39.214 0.0000000000
70302  4.142  -18.583  37.538 0.0000000000
70303  3.593  -18.405  38.256 0.0000000000
70304  1.574  -18.769  38.735 0.0000000000
70314  10.464  -18.571  37.206 0.0000000000
70315  6.107  -17.933  35.864 0.0000000000
70316  5.619  -18.207  36.072 0.0000000000
70317  4.798  -18.200  36.931 0.0000000000
70318  1.555  -19.123  37.083 0.0000000000
70319  1.419  -18.870  37.889 0.0000000000
70330  10.441  -18.746  36.178 0.0000000000
70331  9.961  -18.712  35.346 0.0000000000
70332  9.026  -18.275  34.963 0.0000000000
70333  7.782  -18.351  34.868 0.0000000000
70334  6.446  -18.258  35.492 0.0000000000
70335  5.788  -18.556  35.717 0.0000000000
70336  1.862  -19.033  36.296 0.0000000000
70347  9.294  -19.153  34.726 0.0000000000
70348  8.385  -18.959  34.598 0.0000000000
70349  7.905  -18.907  34.588 0.0000000000
70350  2.275  -18.755  35.177 0.0000000000
70363  2.231  -18.528  34.034 0.0000000000
70371  1.854  -18.321  33.040 0.0000000000
70372  1.644  -18.232  32.096 0.0000000000
70378  1.693  -18.230  31.162 0.0000000000
70388  2.257  -18.043  29.858 0.0000000000
70389  1.981  -18.072  30.289 0.0000000000
70401  2.529  -18.380  29.438 0.0000000000
70402  2.181  -18.287  29.859 0.0000000000
70405  6.465  -18.248  28.293 0.0000000000
70406  5.945  -18.806  28.532 0.0000000000
70407  4.878  -18.724  28.858 0.0000000000
70408  3.904  -18.567  28.691 0.0000000000
70409  3.210  -18.348  28.900 0.0000000000
70412  6.575  -18.321  28.238 0.0000000000
70413  6.490  -18.759  27.952 0.0000000000
70416  6.250  -18.927  27.387 0.0000000000
70417  5.914  -19.030  26.907 0.0000000000
70418  5.770  -18.663  26.899 0.0000000000
70422  5.718  -19.502  26.495 0.0000000000
70423  5.642  -19.213  26.558 0.0000000000
71326  2.570  -17.258  40.253 0.0000000000
71327  2.340  -17.268  40.294 0.0000000000
71340  3.048  -17.845  39.437 0.0000000000
71341  2.653  -17.516  39.947 0.0000000000
71342  2.057  -17.624  39.916 0.0000000000
71355  9.866  -16.861  38.356 0.0000000000
71356  3.950  -17.187  38.609 0.0000000000
71357  3.558  -17.589  38.850 0.0000000000
71358  1.634  -17.872  39.348 0.0000000000
71369  10.176  -17.499  37.637 0.0000000000
71370  9.599  -16.677  37.629 0.0000000000
71371  5.864  -16.963  36.909 0.0000000000
71372  5.155  -16.982  37.345 0.0000000000
71373  4.248  -17.528  37.939 0.0000000000
71374  3.779  -17.845  38.339 0.0000000000
71375  1.480  -17.625  38.021 0.0000000000
71376  1.441  -17.942  38.569 0.0000000000
71387  10.181  -17.919  36.509 0.0000000000
71388  9.459  -17.007  36.568 0.0000000000
71389  8.858  -16.798  36.160 0.0000000000
71390  7.076  -17.181  35.927 0.0000000000
71391  6.318  -17.406  36.174 0.0000000000
71392  5.428  -17.543  36.750 0.0000000000
71393  4.892  -17.559  37.221 0.0000000000
71394  1.661  -18.046  37.252 0.0000000000
71395  1.442  -18.125  37.947 0.0000000000
71404  10.155  -18.251  35.902 0.0000000000
71405  9.670  -17.816  35.729 0.0000000000
71406  8.608  -17.315  35.605 0.0000000000
71407  7.465  -17.478  35.552 0.0000000000
71408  6.814  -17.558  35.744 0.0000000000
71409  2.107  -17.805  36.052 0.0000000000
71419  2.339  -17.577  34.903 0.0000000000
71431  2.049  -17.411  33.796 0.0000000000
71442  1.796  -17.323  32.709 0.0000000000
71443  1.740  -17.393  31.755 0.0000000000
71450  2.174  -16.867  30.575 0.0000000000
71451  1.832  -17.359  30.974 0.0000000000
71459  2.453  -17.447  29.881 0.0000000000
71460  2.067  -17.429  30.418 0.0000000000
71471  5.535  -16.877  29.238 0.0000000000
71472  4.768  -17.135  29.273 0.0000000000
71473  3.880  -17.260  29.030 0.0000000000
71474  3.097  -17.662  29.179 0.0000000000
71478  6.516  -17.991  28.228 0.0000000000
71479  6.076  -17.592  28.573 0.0000000000
71480  5.368  -17.877  29.063 0.0000000000
71481  4.432  -17.912  28.975 0.0000000000
71482  3.684  -17.928  28.898 0.0000000000
71485  6.431  -18.225  28.292 0.0000000000
71486  6.387  -17.896  27.829 0.0000000000
71487  6.025  -17.685  27.631 0.0000000000
71490  6.100  -18.494  27.379 0.0000000000
71491  5.917  -18.155  27.299 0.0000000000
71492  5.744  -18.385  26.982 0.0000000000
72304  3.372  -16.101  41.164 0.0000000000
72305  3.010  -16.200  41.158 0.0000000000
72306  2.395  -16.332  41.089 0.0000000000
72319  9.540  -16.204  40.576 0.0000000000
72320  3.930  -16.103  40.533 0.0000000000
72321  3.526  -16.228  40.723 0.0000000000
72322  2.706  -16.886  40.447 0.0000000000
72323  2.015  -16.845  40.666 0.0000000000
72334  9.365  -16.101  39.601 0.0000000000
72335  4.529  -15.928  39.713 0.0000000000
72336  4.047  -16.170  40.026 0.0000000000
72337  3.267  -17.040  39.755 0.0000000000
72338  2.890  -17.206  40.104 0.0000000000
72339  1.671  -17.013  40.014 0.0000000000
72348  9.806  -16.637  39.055 0.0000000000
72349  9.274  -16.135  38.446 0.0000000000
72350  4.526  -16.237  39.150 0.0000000000
72351  3.818  -16.842  39.134 0.0000000000
72352  3.522  -17.156  39.232 0.0000000000
72353  1.524  -17.127  39.267 0.0000000000
72361  8.850  -16.139  37.158 0.0000000000
72362  7.864  -15.973  36.894 0.0000000000
72363  6.915  -15.950  37.076 0.0000000000
72364  5.905  -16.206  37.443 0.0000000000
72365  4.906  -16.365  38.175 0.0000000000
72366  4.263  -16.812  38.579 0.0000000000
72367  1.606  -16.955  37.788 0.0000000000
72368  1.504  -17.070  38.530 0.0000000000
72377  8.899  -16.572  36.496 0.0000000000
72378  8.255  -16.584  36.224 0.0000000000
72379  7.194  -16.598  36.356 0.0000000000
72380  6.433  -16.607  36.768 0.0000000000
72381  1.843  -16.815  36.843 0.0000000000
72390  7.989  -17.038  35.777 0.0000000000
72391  7.599  -16.951  35.938 0.0000000000
72392  2.068  -16.619  35.736 0.0000000000
72400  2.094  -16.426  34.620 0.0000000000
72409  1.827  -16.283  33.451 0.0000000000
72424  1.825  -16.287  32.045 0.0000000000
72425  1.841  -16.931  31.505 0.0000000000
72437  2.221  -15.919  30.919 0.0000000000
72438  1.955  -16.670  31.207 0.0000000000
72446  2.656  -16.390  30.058 0.0000000000
72455  5.571  -15.912  29.448 0.0000000000
72456  4.995  -16.318  29.640 0.0000000000
72457  4.141  -16.494  29.402 0.0000000000
72458  3.218  -16.821  29.440 0.0000000000
72463  5.906  -16.365  29.000 0.0000000000
72469  6.019  -16.787  28.415 0.0000000000
72470  5.917  -17.122  27.860 0.0000000000
72471  5.749  -17.010  27.714 0.0000000000
72476  5.847  -17.601  27.484 0.0000000000
72477  5.727  -17.661  27.346 0.0000000000
73287  4.411  -14.934  42.408 0.0000000000
73288  4.007  -15.176  42.443 0.0000000000
73289  3.193  -15.351  42.441 0.0000000000
73303  9.273  -15.471  41.414 0.0000000000
73304  8.386  -15.123  41.033 0.0000000000
73305  7.501  -14.965  41.028 0.0000000000
73306  6.567  -14.931  41.181 0.0000000000
73307  5.595  -14.887  41.372 0.0000000000
73308  4.617  -15.101  41.855 0.0000000000
73309  3.578  -15.771  41.522 0.0000000000
73310  2.595  -15.664  41.779 0.0000000000
73311  1.917  -16.024  41.337 0.0000000000
73321  8.834  -15.605  40.367 0.0000000000
73322  7.940  -15.157  40.266 0.0000000000
73323  6.946  -15.053  40.403 0.0000000000
73324  5.988  -15.116  40.597 0.0000000000
73325  5.031  -15.235  40.774 0.0000000000
73326  4.170  -15.825  40.794 0.0000000000
73327  3.775  -15.987  41.044 0.0000000000
73328  1.677  -15.783  40.259 0.0000000000
73329  1.707  -16.035  40.696 0.0000000000
73338  8.434  -15.504  39.266 0.0000000000
73339  7.304  -15.181  39.537 0.0000000000
73340  6.320  -15.209  39.794 0.0000000000
73341  5.427  -15.359  40.016 0.0000000000
73342  4.609  -15.679  40.160 0.0000000000
73343  4.277  -15.892  40.335 0.0000000000
73344  1.747  -15.712  39.723 0.0000000000
73345  1.602  -16.354  39.864 0.0000000000
73354  8.383  -15.627  38.070 0.0000000000
73355  7.519  -15.352  38.559 0.0000000000
73356  6.544  -15.329  38.917 0.0000000000
73357  5.695  -15.490  39.263 0.0000000000
73358  4.975  -15.716  39.527 0.0000000000
73359  1.846  -15.716  38.830 0.0000000000
73360  1.612  -16.397  39.108 0.0000000000
73367  8.215  -15.756  37.421 0.0000000000
73368  7.614  -15.591  37.634 0.0000000000
73369  6.684  -15.534  37.954 0.0000000000
73370  5.756  -15.663  38.395 0.0000000000
73371  5.170  -15.881  38.906 0.0000000000
73372  1.852  -15.869  37.749 0.0000000000
73373  1.642  -16.388  38.395 0.0000000000
73382  2.043  -15.676  36.583 0.0000000000
73391  2.133  -15.451  35.479 0.0000000000
73397  1.864  -15.234  34.368 0.0000000000
73406  1.681  -14.947  33.065 0.0000000000
73407  1.658  -14.319  32.897 0.0000000000
73420  1.986  -14.831  31.720 0.0000000000
73421  1.733  -14.420  32.505 0.0000000000
73437  2.505  -14.984  30.783 0.0000000000
73446  5.289  -14.655  30.079 0.0000000000
73447  4.597  -14.953  30.152 0.0000000000
73448  3.730  -15.155  29.962 0.0000000000
73449  2.856  -15.473  30.182 0.0000000000
73455  5.806  -14.930  29.269 0.0000000000
73456  5.602  -15.103  29.584 0.0000000000
73457  5.009  -15.548  30.015 0.0000000000
73458  4.382  -15.729  29.807 0.0000000000
73459  3.470  -15.973  29.719 0.0000000000
73462  5.988  -15.002  28.874 0.0000000000
73463  5.879  -15.332  29.150 0.0000000000
73468  5.908  -15.762  28.793 0.0000000000
73469  5.806  -16.072  28.436 0.0000000000
73470  5.771  -16.388  28.091 0.0000000000
74267  4.264  -14.085  43.285 0.0000000000
74268  3.831  -14.156  43.399 0.0000000000
74269  3.036  -14.279  43.508 0.0000000000
74279  9.318  -14.463  42.162 0.0000000000
74280  8.519  -14.124  41.884 0.0000000000
74281  7.657  -14.032  41.934 0.0000000000
74282  6.741  -14.020  42.171 0.0000000000
74283  5.728  -14.069  42.476 0.0000000000
74284  4.600  -14.447  42.852 0.0000000000
74285  3.503  -14.807  43.053 0.0000000000
74286  2.480  -14.812  42.901 0.0000000000
74297  8.717  -14.773  41.585 0.0000000000
74298  7.997  -14.606  41.498 0.0000000000
74299  7.124  -14.584  41.654 0.0000000000
74300  6.183  -14.587  41.871 0.0000000000
74301  5.240  -14.607  42.089 0.0000000000
74302  4.816  -14.725  42.267 0.0000000000
74303  1.948  -15.049  41.786 0.0000000000
74304  1.790  -15.660  41.266 0.0000000000
74317  2.508  -14.312  40.092 0.0000000000
74318  1.914  -14.958  40.689 0.0000000000
74319  1.743  -15.449  41.151 0.0000000000
74332  2.745  -14.293  39.263 0.0000000000
74333  2.187  -15.027  39.529 0.0000000000
74344  3.074  -14.252  38.287 0.0000000000
74345  2.333  -14.995  38.509 0.0000000000
74353  3.219  -14.108  37.208 0.0000000000
74354  2.483  -14.905  37.440 0.0000000000
74362  3.268  -13.862  36.189 0.0000000000
74363  2.611  -14.693  36.344 0.0000000000
74372  3.172  -13.508  35.564 0.0000000000
74373  2.534  -14.176  35.189 0.0000000000
74381  1.888  -14.144  34.112 0.0000000000
74393  1.706  -13.955  33.284 0.0000000000
74394  1.696  -13.923  32.688 0.0000000000
74407  2.111  -13.937  31.575 0.0000000000
74408  1.855  -14.032  32.124 0.0000000000
74423  2.539  -14.087  30.910 0.0000000000
74434  5.343  -13.770  30.242 0.0000000000
74435  4.771  -14.136  30.393 0.0000000000
74436  3.974  -14.374  30.237 0.0000000000
74437  3.097  -14.622  30.303 0.0000000000
74440  5.759  -14.682  29.245 0.0000000000
74441  5.613  -14.319  29.592 0.0000000000
74444  5.888  -14.870  29.076 0.0000000000
74445  5.851  -14.624  29.049 0.0000000000
74446  5.831  -14.436  28.986 0.0000000000
74448  5.962  -15.145  28.938 0.0000000000
74449  5.849  -14.965  28.773 0.0000000000
74450  5.741  -15.385  28.528 0.0000000000
75242  4.718  -13.238  43.402 0.0000000000
75243  4.339  -13.565  43.462 0.0000000000
75244  3.294  -13.498  43.775 0.0000000000
75245  2.416  -13.658  43.555 0.0000000000
75255  9.139  -13.399  42.074 0.0000000000
75256  8.191  -13.363  42.063 0.0000000000
75257  7.290  -13.341  42.266 0.0000000000
75258  6.362  -13.306  42.623 0.0000000000
75259  5.205  -13.341  43.184 0.0000000000
75260  4.743  -13.823  43.235 0.0000000000
75261  1.894  -13.808  42.825 0.0000000000
75270  2.155  -13.746  41.861 0.0000000000
75278  2.882  -13.597  39.942 0.0000000000
75279  2.532  -13.432  40.842 0.0000000000
75287  3.368  -13.445  39.183 0.0000000000
75295  4.136  -12.827  37.474 0.0000000000
75296  3.815  -13.348  38.056 0.0000000000
75304  4.160  -12.709  36.827 0.0000000000
75305  3.818  -13.367  36.952 0.0000000000
75313  4.076  -12.534  36.446 0.0000000000
75314  3.771  -12.970  36.031 0.0000000000
75323  2.940  -12.923  34.919 0.0000000000
75324  2.362  -13.590  34.525 0.0000000000
75336  2.543  -12.559  34.240 0.0000000000
75337  2.137  -13.117  33.832 0.0000000000
75348  1.741  -13.304  32.923 0.0000000000
75349  1.746  -13.472  32.358 0.0000000000
75358  2.300  -13.149  31.284 0.0000000000
75359  1.890  -13.526  31.837 0.0000000000
75368  2.916  -13.266  30.696 0.0000000000
75380  5.414  -12.850  30.515 0.0000000000
75381  4.888  -13.296  30.670 0.0000000000
75382  4.163  -13.592  30.492 0.0000000000
75383  3.352  -13.835  30.453 0.0000000000
75394  5.643  -13.319  30.189 0.0000000000
75404  5.628  -13.597  29.471 0.0000000000
75405  5.674  -13.800  29.017 0.0000000000
75406  5.556  -13.552  28.894 0.0000000000
75418  5.709  -14.348  28.820 0.0000000000
75419  5.627  -14.126  28.794 0.0000000000
76325  4.594  -12.799  43.512 0.0000000000
76326  3.706  -12.501  43.961 0.0000000000
76327  2.619  -12.618  44.050 0.0000000000
76328  1.891  -12.651  43.534 0.0000000000
76332  8.691  -12.630  41.825 0.0000000000
76333  7.748  -12.628  42.109 0.0000000000
76334  6.923  -12.587  42.438 0.0000000000
76335  6.091  -12.313  42.815 0.0000000000
76336  5.138  -12.194  43.247 0.0000000000
76337  4.404  -11.962  43.641 0.0000000000
76338  1.853  -12.610  42.673 0.0000000000
76346  9.002  -11.968  41.391 0.0000000000
76347  8.030  -12.051  41.632 0.0000000000
76348  7.191  -11.986  42.060 0.0000000000
76349  6.653  -12.020  42.397 0.0000000000
76350  2.465  -11.729  41.040 0.0000000000
76351  2.269  -12.355  41.709 0.0000000000
76359  3.033  -12.404  40.196 0.0000000000
76360  2.605  -12.472  40.981 0.0000000000
76367  3.774  -12.373  38.966 0.0000000000
76375  4.190  -12.098  37.412 0.0000000000
76376  4.075  -12.412  38.064 0.0000000000
76384  4.198  -12.180  36.732 0.0000000000
76395  3.999  -12.192  36.245 0.0000000000
76396  3.600  -12.161  35.613 0.0000000000
76408  3.203  -11.988  34.989 0.0000000000
76417  2.801  -12.052  34.414 0.0000000000
76418  2.361  -12.134  33.716 0.0000000000
76424  1.883  -12.373  32.748 0.0000000000
76425  1.742  -13.025  32.520 0.0000000000
76433  2.123  -12.092  31.597 0.0000000000
76434  1.796  -12.930  32.006 0.0000000000
76446  5.464  -11.390  31.004 0.0000000000
76447  5.203  -11.623  31.179 0.0000000000
76448  4.451  -11.868  31.122 0.0000000000
76449  3.220  -12.222  30.879 0.0000000000
76464  5.482  -11.883  30.732 0.0000000000
76465  5.012  -12.446  31.034 0.0000000000
76466  4.246  -12.751  30.753 0.0000000000
76467  3.574  -13.133  30.601 0.0000000000
76479  5.685  -12.366  30.214 0.0000000000
76490  5.711  -12.720  29.836 0.0000000000
76491  5.560  -12.868  29.363 0.0000000000
76492  5.353  -12.972  28.821 0.0000000000
76506  5.476  -13.311  28.891 0.0000000000
77358  2.924  -11.753  44.167 0.0000000000
77359  2.049  -11.423  44.031 0.0000000000
77360  1.675  -11.605  43.278 0.0000000000
77365  5.535  -11.648  42.750 0.0000000000
77366  4.666  -11.250  42.983 0.0000000000
77367  3.576  -11.271  43.750 0.0000000000
77368  2.751  -11.123  43.982 0.0000000000
77369  1.737  -11.451  42.409 0.0000000000
77376  9.164  -11.399  40.938 0.0000000000
77377  8.237  -11.562  41.063 0.0000000000
77378  7.321  -11.590  41.436 0.0000000000
77379  6.251  -11.373  42.034 0.0000000000
77380  5.377  -11.242  42.473 0.0000000000
77381  2.209  -11.166  41.052 0.0000000000
77382  1.957  -11.158  41.508 0.0000000000
77391  9.373  -11.113  40.459 0.0000000000
77392  8.492  -11.267  40.308 0.0000000000
77393  7.390  -11.271  40.607 0.0000000000
77394  6.806  -11.316  41.237 0.0000000000
77395  2.434  -11.000  40.544 0.0000000000
77396  2.038  -10.843  41.061 0.0000000000
77404  8.114  -11.088  39.865 0.0000000000
77405  7.840  -11.218  40.077 0.0000000000
77406  3.141  -11.277  39.464 0.0000000000
77414  4.022  -11.553  37.478 0.0000000000
77415  3.749  -11.409  38.199 0.0000000000
77423  4.117  -11.669  36.959 0.0000000000
77424  3.799  -11.110  37.272 0.0000000000
77435  4.079  -11.854  36.554 0.0000000000
77436  3.782  -11.407  36.317 0.0000000000
77447  3.382  -11.395  35.418 0.0000000000
77455  2.993  -11.337  34.717 0.0000000000
77456  2.576  -11.302  33.970 0.0000000000
77468  2.138  -11.343  33.150 0.0000000000
77481  1.978  -11.134  32.177 0.0000000000
77482  2.224  -10.475  31.786 0.0000000000
77496  5.399  -10.927  31.145 0.0000000000
77497  4.877  -11.004  31.396 0.0000000000
77498  3.932  -11.045  31.284 0.0000000000
77499  2.732  -10.891  31.411 0.0000000000
77500  2.472  -10.286  31.591 0.0000000000
77514  5.580  -11.042  30.761 0.0000000000
77528  5.632  -11.396  30.289 0.0000000000
77529  5.704  -11.244  30.159 0.0000000000
77543  5.766  -12.034  30.002 0.0000000000
77544  5.589  -12.018  29.679 0.0000000000
77545  5.349  -12.079  29.274 0.0000000000
77546  5.040  -12.097  28.900 0.0000000000
77560  5.297  -12.579  28.966 0.0000000000
78378  1.897  -10.738  43.628 0.0000000000
78379  1.759  -11.046  43.551 0.0000000000
78391  4.335  -10.650  42.570 0.0000000000
78392  3.726  -10.575  42.979 0.0000000000
78393  2.553  -10.379  43.327 0.0000000000
78394  1.668  -10.517  42.999 0.0000000000
78395  1.636  -10.044  42.735 0.0000000000
78404  5.673  -10.843  41.513 0.0000000000
78405  4.987  -10.759  42.052 0.0000000000
78406  3.932  -10.061  42.207 0.0000000000
78407  3.251  -10.071  42.753 0.0000000000
78408  1.627  -10.537  42.075 0.0000000000
78409  1.575  -10.069  42.390 0.0000000000
78418  9.551  -10.830  40.069 0.0000000000
78419  9.035  -11.049  40.088 0.0000000000
78420  6.833  -10.928  40.321 0.0000000000
78421  6.269  -10.906  40.916 0.0000000000
78422  5.088  -10.416  40.992 0.0000000000
78423  4.514  -10.230  41.607 0.0000000000
78424  2.131  -10.333  40.379 0.0000000000
78425  1.724  -10.148  41.112 0.0000000000
78426  1.548  -10.073  41.899 0.0000000000
78435  9.705  -10.438  39.665 0.0000000000
78436  8.675  -10.701  39.583 0.0000000000
78437  7.396  -10.718  39.721 0.0000000000
78438  6.298  -10.545  40.134 0.0000000000
78439  5.714  -10.462  40.479 0.0000000000
78440  2.487  -10.436  39.793 0.0000000000
78441  2.054  -9.853  40.051 0.0000000000
78449  8.261  -10.269  39.107 0.0000000000
78450  7.975  -10.469  39.299 0.0000000000
78451  2.840  -10.316  38.822 0.0000000000
78452  2.356  -9.977  39.451 0.0000000000
78461  3.287  -10.499  37.805 0.0000000000
78470  3.272  -10.436  36.816 0.0000000000
78471  2.927  -10.035  36.120 0.0000000000
78482  3.270  -10.687  35.847 0.0000000000
78483  2.856  -10.143  35.339 0.0000000000
78496  3.086  -10.798  35.139 0.0000000000
78497  2.699  -10.455  34.448 0.0000000000
78509  2.294  -10.463  33.459 0.0000000000
78510  2.032  -10.107  32.870 0.0000000000
78517  2.061  -10.646  32.773 0.0000000000
78518  2.022  -10.161  32.271 0.0000000000
78522  5.270  -10.179  31.389 0.0000000000
78523  4.566  -10.156  31.552 0.0000000000
78524  3.627  -10.061  31.453 0.0000000000
78525  2.805  -9.904  31.525 0.0000000000
78526  2.300  -9.885  31.784 0.0000000000
78529  5.615  -10.233  30.964 0.0000000000
78538  5.651  -10.400  30.454 0.0000000000
78539  5.623  -10.651  30.026 0.0000000000
78549  5.409  -11.043  29.683 0.0000000000
78550  5.179  -11.193  29.399 0.0000000000
79410  2.246  -9.673  42.769 0.0000000000
79411  1.882  -9.863  42.882 0.0000000000
79412  1.662  -9.963  42.936 0.0000000000
79425  3.552  -9.510  41.882 0.0000000000
79426  2.815  -9.473  42.295 0.0000000000
79427  1.924  -9.360  42.244 0.0000000000
79428  1.639  -9.781  42.545 0.0000000000
79442  4.698  -9.868  40.641 0.0000000000
79443  4.118  -9.579  41.220 0.0000000000
79444  3.303  -9.149  41.633 0.0000000000
79445  1.729  -9.103  41.410 0.0000000000
79446  1.611  -9.705  41.957 0.0000000000
79460  9.820  -9.890  39.229 0.0000000000
79461  9.265  -10.261  39.296 0.0000000000
79462  6.969  -10.132  39.287 0.0000000000
79463  6.391  -10.114  39.564 0.0000000000
79464  5.234  -9.781  39.966 0.0000000000
79465  4.500  -9.519  40.516 0.0000000000
79466  1.808  -9.090  40.353 0.0000000000
79475  9.868  -9.068  38.773 0.0000000000
79476  8.807  -9.728  38.795 0.0000000000
79477  7.552  -9.902  38.892 0.0000000000
79478  6.545  -9.608  39.088 0.0000000000
79479  5.952  -9.621  39.386 0.0000000000
79480  2.593  -9.730  38.532 0.0000000000
79481  2.224  -9.335  39.170 0.0000000000
79489  2.822  -9.969  38.133 0.0000000000
79490  2.517  -9.325  38.007 0.0000000000
79499  2.899  -9.955  37.517 0.0000000000
79500  2.684  -9.467  36.840 0.0000000000
79512  2.600  -9.380  35.761 0.0000000000
79523  2.470  -9.489  34.762 0.0000000000
79527  2.323  -9.675  33.883 0.0000000000
79528  2.120  -9.694  33.244 0.0000000000
79531  2.045  -9.552  32.679 0.0000000000
79534  5.086  -9.286  31.664 0.0000000000
79535  4.299  -9.214  31.698 0.0000000000
79536  3.390  -9.176  31.630 0.0000000000
79537  2.615  -9.188  31.768 0.0000000000
79538  2.167  -9.359  32.164 0.0000000000
79541  5.498  -9.334  31.201 0.0000000000
79545  5.649  -9.434  30.682 0.0000000000
79546  5.568  -9.618  30.147 0.0000000000
79547  5.416  -9.516  29.855 0.0000000000
79551  5.480  -10.158  29.838 0.0000000000
79552  5.326  -9.972  29.698 0.0000000000
80407  2.191  -8.987  41.894 0.0000000000
80408  1.905  -8.998  41.794 0.0000000000
80421  3.398  -8.839  41.066 0.0000000000
80422  2.631  -8.746  41.413 0.0000000000
80423  2.034  -8.762  41.473 0.0000000000
80438  4.736  -8.624  39.591 0.0000000000
80439  4.082  -8.737  40.326 0.0000000000
80440  2.991  -8.198  40.564 0.0000000000
80441  2.114  -8.251  40.644 0.0000000000
80455  10.051  -8.121  38.562 0.0000000000
80456  9.033  -8.291  38.124 0.0000000000
80457  7.812  -8.666  38.178 0.0000000000
80458  6.772  -8.828  38.556 0.0000000000
80459  5.698  -8.827  39.098 0.0000000000
80460  1.942  -8.221  39.588 0.0000000000
80468  8.664  -7.707  37.820 0.0000000000
80469  8.246  -7.879  37.811 0.0000000000
80470  2.104  -8.362  38.478 0.0000000000
80477  2.278  -8.515  37.370 0.0000000000
80483  2.378  -8.563  36.314 0.0000000000
80488  2.319  -8.557  35.227 0.0000000000
80493  2.155  -8.683  33.963 0.0000000000
80494  2.158  -9.279  33.534 0.0000000000
80498  4.430  -7.788  32.059 0.0000000000
80499  4.166  -7.791  31.988 0.0000000000
80500  2.181  -8.340  32.991 0.0000000000
80501  2.095  -9.075  33.134 0.0000000000
80504  4.873  -8.271  32.011 0.0000000000
80505  3.987  -8.284  31.855 0.0000000000
80506  3.079  -8.439  31.823 0.0000000000
80507  2.468  -8.508  32.269 0.0000000000
80508  2.138  -8.958  32.605 0.0000000000
80512  5.397  -8.367  31.507 0.0000000000
80516  5.686  -8.448  30.980 0.0000000000
80517  5.567  -8.542  30.447 0.0000000000
80518  5.423  -8.614  30.000 0.0000000000
80519  5.280  -8.235  29.885 0.0000000000
80523  5.331  -9.224  29.819 0.0000000000
80524  5.292  -8.789  29.841 0.0000000000
81369  4.256  -8.061  39.740 0.0000000000
81370  3.602  -7.375  39.874 0.0000000000
81371  2.600  -7.236  40.114 0.0000000000
81372  2.097  -7.236  39.747 0.0000000000
81384  10.432  -7.188  38.715 0.0000000000
81385  9.605  -7.215  38.133 0.0000000000
81386  8.970  -7.460  37.826 0.0000000000
81387  7.007  -8.136  38.168 0.0000000000
81388  6.202  -7.546  38.448 0.0000000000
81389  4.738  -7.507  39.218 0.0000000000
81390  4.073  -6.837  39.509 0.0000000000
81391  1.944  -7.335  38.871 0.0000000000
81398  9.034  -6.855  37.759 0.0000000000
81399  8.395  -7.121  37.705 0.0000000000
81400  7.368  -7.371  37.893 0.0000000000
81401  6.683  -6.882  38.081 0.0000000000
81402  2.010  -7.537  37.770 0.0000000000
81406  2.177  -7.800  36.832 0.0000000000
81409  2.353  -7.631  35.902 0.0000000000
81413  2.314  -7.578  34.725 0.0000000000
81417  2.285  -7.490  33.622 0.0000000000
81421  4.826  -7.249  32.181 0.0000000000
81422  4.043  -7.262  32.053 0.0000000000
81423  3.188  -7.141  32.200 0.0000000000
81424  2.584  -7.443  32.699 0.0000000000
81428  5.308  -7.352  31.803 0.0000000000
81429  3.934  -7.785  31.939 0.0000000000
81430  3.497  -7.790  31.963 0.0000000000
81431  2.902  -7.855  32.137 0.0000000000
81435  5.601  -7.434  31.260 0.0000000000
81439  5.656  -7.523  30.723 0.0000000000
81440  5.473  -7.594  30.280 0.0000000000
81441  5.327  -7.650  29.990 0.0000000000
81442  5.257  -7.901  29.888 0.0000000000
82297  3.671  -6.220  39.694 0.0000000000
82298  2.912  -6.263  39.955 0.0000000000
82299  2.316  -6.263  39.772 0.0000000000
82312  10.019  -6.269  38.479 0.0000000000
82313  6.216  -6.322  38.214 0.0000000000
82314  5.315  -6.413  38.704 0.0000000000
82315  4.440  -6.277  39.296 0.0000000000
82316  2.007  -6.330  39.189 0.0000000000
82325  9.393  -6.210  37.938 0.0000000000
82326  8.676  -6.200  37.658 0.0000000000
82327  7.829  -6.292  37.640 0.0000000000
82328  6.967  -6.281  37.822 0.0000000000
82329  1.973  -6.477  38.184 0.0000000000
82332  2.180  -6.735  36.863 0.0000000000
82335  2.413  -6.595  35.517 0.0000000000
82339  2.459  -6.528  34.337 0.0000000000
82344  2.538  -6.447  33.356 0.0000000000
82349  5.222  -6.337  32.096 0.0000000000
82350  4.538  -6.318  32.306 0.0000000000
82351  3.646  -6.285  32.314 0.0000000000
82352  2.915  -6.336  32.653 0.0000000000
82358  5.489  -6.360  31.506 0.0000000000
82364  5.681  -6.504  30.984 0.0000000000
82369  5.535  -6.606  30.548 0.0000000000
82370  5.396  -6.633  30.200 0.0000000000
82371  5.304  -6.941  29.986 0.0000000000
83215  4.048  -5.332  39.570 0.0000000000
83216  3.198  -5.308  39.899 0.0000000000
83217  2.446  -5.321  39.999 0.0000000000
83229  6.525  -5.386  37.986 0.0000000000
83230  5.691  -5.410  38.436 0.0000000000
83231  4.838  -5.390  38.966 0.0000000000
83232  1.994  -5.355  39.533 0.0000000000
83241  9.614  -5.378  38.308 0.0000000000
83242  9.072  -5.340  37.740 0.0000000000
83243  8.249  -5.348  37.583 0.0000000000
83244  7.372  -5.367  37.683 0.0000000000
83245  1.940  -5.432  38.680 0.0000000000
83248  2.104  -5.544  37.542 0.0000000000
83251  2.214  -5.585  36.276 0.0000000000
83258  2.472  -5.541  35.079 0.0000000000
83268  2.592  -5.488  34.005 0.0000000000
83279  5.004  -5.340  32.403 0.0000000000
83280  4.120  -5.341  32.406 0.0000000000
83281  3.281  -5.360  32.614 0.0000000000
83282  2.775  -5.417  33.158 0.0000000000
83294  5.382  -5.291  31.817 0.0000000000
83308  5.599  -5.177  31.118 0.0000000000
83309  5.466  -4.761  30.795 0.0000000000
83323  5.573  -5.935  30.775 0.0000000000
83324  5.411  -5.440  30.550 0.0000000000
83325  5.223  -5.595  30.225 0.0000000000
84227  3.587  -4.394  39.785 0.0000000000
84228  2.742  -4.379  40.061 0.0000000000
84229  2.082  -4.390  39.850 0.0000000000
84243  6.060  -4.473  38.171 0.0000000000
84244  5.211  -4.475  38.634 0.0000000000
84245  4.430  -4.434  39.261 0.0000000000
84246  1.765  -4.435  39.166 0.0000000000
84257  9.389  -4.462  38.021 0.0000000000
84258  8.687  -4.426  37.625 0.0000000000
84259  7.800  -4.429  37.589 0.0000000000
84260  6.912  -4.450  37.795 0.0000000000
84261  1.966  -4.490  38.149 0.0000000000
84267  2.214  -4.545  36.972 0.0000000000
84275  2.265  -4.554  35.767 0.0000000000
84285  2.488  -4.511  34.657 0.0000000000
84291  2.661  -4.458  33.686 0.0000000000
84295  5.248  -4.292  32.171 0.0000000000
84296  4.546  -4.348  32.443 0.0000000000
84297  3.643  -4.377  32.516 0.0000000000
84298  2.953  -4.408  32.924 0.0000000000
84302  5.509  -4.185  31.607 0.0000000000
84305  5.599  -3.958  31.218 0.0000000000
84306  5.520  -4.106  30.887 0.0000000000
84309  5.301  -4.289  30.597 0.0000000000
84310  5.127  -4.474  30.412 0.0000000000
85177  3.133  -3.443  40.006 0.0000000000
85178  2.292  -3.427  40.134 0.0000000000
85179  1.817  -3.425  39.589 0.0000000000
85191  5.574  -3.573  38.297 0.0000000000
85192  4.765  -3.548  38.825 0.0000000000
85193  4.013  -3.482  39.524 0.0000000000
85194  1.720  -3.469  38.683 0.0000000000
85204  9.087  -3.505  37.830 0.0000000000
85205  8.245  -3.476  37.608 0.0000000000
85206  7.318  -3.488  37.638 0.0000000000
85207  6.415  -3.538  37.896 0.0000000000
85208  1.987  -3.526  37.586 0.0000000000
85214  2.175  -3.562  36.430 0.0000000000
85219  2.262  -3.548  35.290 0.0000000000
85223  2.411  -3.497  34.218 0.0000000000
85225  2.648  -3.448  33.308 0.0000000000
85228  5.435  -3.217  31.963 0.0000000000
85229  4.918  -3.316  32.407 0.0000000000
85230  4.015  -3.375  32.413 0.0000000000
85231  3.143  -3.415  32.649 0.0000000000
85235  5.595  -3.138  31.424 0.0000000000
85238  5.618  -3.175  31.002 0.0000000000
85239  5.320  -3.285  30.622 0.0000000000
85240  5.129  -2.998  30.421 0.0000000000
85243  5.161  -3.675  30.457 0.0000000000
85244  4.932  -3.346  30.331 0.0000000000
86094  3.542  -2.528  39.682 0.0000000000
86095  2.682  -2.464  40.109 0.0000000000
86096  1.927  -2.404  39.978 0.0000000000
86105  5.894  -2.675  38.022 0.0000000000
86106  5.143  -2.694  38.407 0.0000000000
86107  4.357  -2.589  38.991 0.0000000000
86108  1.664  -2.404  39.163 0.0000000000
86115  8.680  -2.531  37.752 0.0000000000
86116  7.766  -2.479  37.589 0.0000000000
86117  6.760  -2.536  37.698 0.0000000000
86118  1.767  -2.494  38.116 0.0000000000
86121  1.954  -2.600  37.021 0.0000000000
86123  2.073  -2.610  35.941 0.0000000000
86127  2.236  -2.539  34.842 0.0000000000
86132  2.334  -2.486  33.777 0.0000000000
86138  4.406  -2.349  32.407 0.0000000000
86139  3.438  -2.403  32.442 0.0000000000
86140  2.693  -2.441  32.922 0.0000000000
86157  4.820  -2.110  30.293 0.0000000000
86977  3.125  -1.578  39.801 0.0000000000
86978  2.325  -1.434  40.114 0.0000000000
86979  1.776  -1.267  39.580 0.0000000000
86980  1.578  -0.742  39.054 0.0000000000
86997  5.499  -2.131  38.184 0.0000000000
86998  4.921  -1.602  38.436 0.0000000000
86999  3.950  -1.635  39.230 0.0000000000
87000  1.644  -1.348  38.604 0.0000000000
87001  1.564  -0.749  38.731 0.0000000000
87016  7.197  -1.467  37.606 0.0000000000
87017  6.021  -1.547  37.924 0.0000000000
87018  5.449  -1.023  38.142 0.0000000000
87019  1.750  -1.600  37.486 0.0000000000
87030  1.882  -1.801  36.535 0.0000000000
87040  2.054  -1.590  35.588 0.0000000000
87050  2.216  -1.505  34.412 0.0000000000
87058  2.370  -1.454  33.365 0.0000000000
87087  4.665  -1.438  30.252 0.0000000000
87919  3.562  -0.842  39.470 0.0000000000
87938  5.057  -0.491  38.338 0.0000000000
87939  4.290  -0.661  38.941 0.0000000000
87940  1.586  -0.750  38.486 0.0000000000
87949  6.647  -0.482  37.593 0.0000000000
87950  5.783  -0.448  37.913 0.0000000000
87951  1.643  -0.750  37.929 0.0000000000
