#!ascii label  , from subject bert vox2ras=TkReg
947
105534  4.461  21.529  3.946 0.0000000000
106151  5.065  23.084  3.130 0.0000000000
106152  4.822  22.706  3.444 0.0000000000
106156  5.092  22.120  2.502 0.0000000000
106798  3.927  23.503  5.073 0.0000000000
106806  4.518  23.532  4.212 0.0000000000
106809  5.168  23.660  3.177 0.0000000000
106810  4.834  23.563  3.692 0.0000000000
107451  5.252  24.699  3.355 0.0000000000
107452  4.827  24.396  3.881 0.0000000000
107456  5.718  24.520  2.735 0.0000000000
108071  4.103  25.531  4.880 0.0000000000
108072  3.476  25.533  5.404 0.0000000000
108079  5.576  27.877  2.925 0.0000000000
108673  3.791  26.544  5.142 0.0000000000
108678  5.417  28.266  3.145 0.0000000000
108679  5.397  28.327  3.387 0.0000000000
108682  5.409  28.048  3.076 0.0000000000
109222  5.437  28.765  3.592 0.0000000000
109227  5.459  28.641  3.104 0.0000000000
109228  5.432  28.571  3.381 0.0000000000
109230  5.769  28.497  2.770 0.0000000000
109749  5.491  29.210  3.783 0.0000000000
109755  5.465  29.104  3.220 0.0000000000
109756  5.488  29.139  3.542 0.0000000000
109759  5.581  29.095  2.914 0.0000000000
110300  5.579  30.020  3.758 0.0000000000
110301  5.574  29.825  3.904 0.0000000000
110306  5.482  29.697  3.357 0.0000000000
110307  5.531  29.638  3.680 0.0000000000
110310  5.631  29.781  2.857 0.0000000000
110316  5.928  29.917  2.569 0.0000000000
110883  5.623  30.522  3.667 0.0000000000
110884  5.709  30.568  3.963 0.0000000000
110885  5.638  30.626  4.197 0.0000000000
110890  5.532  30.518  3.219 0.0000000000
110894  5.697  30.559  2.801 0.0000000000
110900  6.102  30.557  2.504 0.0000000000
111341  7.344  31.495  24.050 0.0000000000
111342  6.974  31.502  23.533 0.0000000000
111347  6.675  31.802  23.183 0.0000000000
111348  6.175  31.701  23.002 0.0000000000
111462  5.795  31.186  3.930 0.0000000000
111463  5.792  31.452  4.116 0.0000000000
111468  5.692  31.314  3.623 0.0000000000
111472  5.601  31.335  3.129 0.0000000000
111478  6.368  31.349  2.464 0.0000000000
111479  5.846  31.335  2.731 0.0000000000
111930  7.410  32.294  24.493 0.0000000000
111931  6.948  32.683  24.905 0.0000000000
111933  7.297  32.568  23.463 0.0000000000
111934  6.986  32.069  23.202 0.0000000000
111937  7.258  32.972  22.859 0.0000000000
111938  6.803  32.506  22.804 0.0000000000
111939  6.051  32.664  22.387 0.0000000000
111949  5.980  33.216  21.994 0.0000000000
111950  5.608  33.023  22.029 0.0000000000
112103  5.890  32.247  4.119 0.0000000000
112104  5.958  32.771  4.380 0.0000000000
112109  5.726  32.207  3.564 0.0000000000
112114  5.687  32.113  3.013 0.0000000000
112121  6.648  32.233  2.391 0.0000000000
112122  6.078  32.121  2.705 0.0000000000
112521  8.020  33.366  30.442 0.0000000000
112544  5.283  33.446  26.144 0.0000000000
112548  6.526  32.987  24.920 0.0000000000
112549  5.791  33.413  25.010 0.0000000000
112554  7.517  33.152  23.982 0.0000000000
112555  6.863  33.368  24.479 0.0000000000
112556  6.155  34.056  24.407 0.0000000000
112559  7.480  33.543  23.442 0.0000000000
112562  7.464  33.608  22.845 0.0000000000
112563  7.096  33.335  22.476 0.0000000000
112564  6.621  33.200  22.286 0.0000000000
112567  7.358  33.939  22.247 0.0000000000
112568  6.952  33.842  21.928 0.0000000000
112569  6.301  33.609  21.792 0.0000000000
112570  5.772  33.643  21.583 0.0000000000
112571  5.410  33.502  21.616 0.0000000000
112584  5.544  33.957  21.284 0.0000000000
112585  5.419  34.102  21.140 0.0000000000
112728  6.376  34.302  5.413 0.0000000000
112739  6.395  34.124  4.625 0.0000000000
112740  6.344  33.639  4.802 0.0000000000
112741  6.319  33.448  4.952 0.0000000000
112746  6.108  34.059  4.290 0.0000000000
112747  5.863  33.379  4.101 0.0000000000
112753  5.727  32.924  3.336 0.0000000000
112760  6.960  33.312  2.278 0.0000000000
112761  6.249  32.993  2.678 0.0000000000
112762  5.853  32.707  2.908 0.0000000000
113158  6.043  34.442  31.207 0.0000000000
113167  8.391  34.212  30.386 0.0000000000
113168  7.454  34.095  30.550 0.0000000000
113169  6.747  34.018  30.834 0.0000000000
113184  5.569  34.315  28.266 0.0000000000
113189  5.683  34.434  26.954 0.0000000000
113194  5.449  34.527  25.715 0.0000000000
113198  5.475  34.566  24.637 0.0000000000
113202  7.326  33.936  23.823 0.0000000000
113203  6.714  34.273  24.052 0.0000000000
113204  6.113  34.746  24.093 0.0000000000
113208  7.578  34.448  23.129 0.0000000000
113209  7.041  34.680  23.597 0.0000000000
113210  6.558  34.780  23.800 0.0000000000
113214  7.577  34.516  22.392 0.0000000000
113219  7.405  34.528  21.742 0.0000000000
113220  6.772  34.614  21.267 0.0000000000
113221  6.072  34.224  21.251 0.0000000000
113222  5.739  34.094  21.238 0.0000000000
113230  6.676  35.110  20.771 0.0000000000
113231  6.289  34.856  20.814 0.0000000000
113232  5.771  34.562  20.860 0.0000000000
113233  5.618  34.880  20.578 0.0000000000
113386  6.639  35.109  5.548 0.0000000000
113387  6.523  34.831  5.594 0.0000000000
113388  6.367  35.286  6.332 0.0000000000
113399  6.611  34.876  5.152 0.0000000000
113400  6.603  34.317  5.069 0.0000000000
113408  6.182  34.678  4.422 0.0000000000
113409  5.863  34.101  4.045 0.0000000000
113416  5.922  34.603  3.716 0.0000000000
113417  5.817  33.772  3.493 0.0000000000
113424  6.990  34.216  2.383 0.0000000000
113425  6.293  34.219  2.861 0.0000000000
113426  5.895  33.340  3.003 0.0000000000
113826  9.135  35.761  30.801 0.0000000000
113827  8.031  35.734  30.851 0.0000000000
113828  6.739  35.510  31.029 0.0000000000
113829  5.406  35.510  31.525 0.0000000000
113830  4.344  35.482  31.869 0.0000000000
113831  3.637  35.453  31.633 0.0000000000
113836  8.742  35.066  30.492 0.0000000000
113837  7.695  34.920  30.598 0.0000000000
113838  6.909  34.623  30.790 0.0000000000
113839  3.177  35.017  30.711 0.0000000000
113840  3.044  35.372  31.095 0.0000000000
113850  4.393  35.194  29.549 0.0000000000
113851  3.651  35.259  30.244 0.0000000000
113852  3.282  36.210  30.630 0.0000000000
113859  5.056  35.300  28.977 0.0000000000
113864  5.777  35.445  27.910 0.0000000000
113867  6.082  36.171  26.204 0.0000000000
113868  5.959  35.729  26.501 0.0000000000
113871  5.998  36.124  25.849 0.0000000000
113872  5.646  35.552  25.236 0.0000000000
113875  5.623  35.397  24.301 0.0000000000
113878  7.595  34.920  22.974 0.0000000000
113879  7.313  35.104  23.134 0.0000000000
113880  6.361  35.453  23.520 0.0000000000
113883  7.579  35.169  22.625 0.0000000000
113884  7.054  35.778  22.756 0.0000000000
113885  6.358  36.163  22.856 0.0000000000
113892  7.629  35.384  21.768 0.0000000000
113893  7.409  35.152  21.237 0.0000000000
113898  7.587  35.827  21.010 0.0000000000
113899  7.124  35.585  20.611 0.0000000000
113900  6.556  35.415  20.425 0.0000000000
113901  6.084  35.270  20.384 0.0000000000
113902  5.781  35.219  20.344 0.0000000000
113914  6.855  35.871  20.055 0.0000000000
113915  6.405  35.815  19.922 0.0000000000
113916  5.983  35.711  19.889 0.0000000000
113917  5.737  35.605  19.945 0.0000000000
114035  5.815  36.718  8.121 0.0000000000
114048  6.662  36.340  6.943 0.0000000000
114049  6.286  36.176  7.170 0.0000000000
114050  6.047  36.075  7.213 0.0000000000
114059  6.747  35.696  5.850 0.0000000000
114060  6.495  35.671  6.455 0.0000000000
114061  6.267  35.783  6.800 0.0000000000
114071  6.399  35.601  4.941 0.0000000000
114082  5.913  35.500  4.168 0.0000000000
114092  6.145  35.323  3.404 0.0000000000
114105  7.891  35.757  2.235 0.0000000000
114106  7.077  35.125  2.468 0.0000000000
114107  6.425  35.152  2.887 0.0000000000
114122  7.761  35.069  2.120 0.0000000000
114471  9.601  36.296  30.929 0.0000000000
114472  8.535  36.397  30.933 0.0000000000
114473  7.317  36.496  31.147 0.0000000000
114474  5.980  36.525  31.449 0.0000000000
114475  4.794  36.486  31.938 0.0000000000
114476  3.839  36.438  32.073 0.0000000000
114477  3.368  36.494  31.559 0.0000000000
114483  3.130  36.709  31.031 0.0000000000
114495  4.312  35.989  29.503 0.0000000000
114496  3.566  36.773  30.008 0.0000000000
114497  3.265  36.873  30.615 0.0000000000
114507  5.690  37.329  27.972 0.0000000000
114508  5.074  36.614  28.711 0.0000000000
114509  4.208  36.755  29.377 0.0000000000
114516  6.243  37.094  27.221 0.0000000000
114517  5.973  36.421  27.594 0.0000000000
114520  6.256  36.674  26.267 0.0000000000
114521  6.238  36.446  26.907 0.0000000000
114524  6.001  36.536  25.068 0.0000000000
114525  5.647  35.936  24.679 0.0000000000
114528  5.859  36.759  24.446 0.0000000000
114529  5.601  36.258  24.131 0.0000000000
114533  5.787  36.334  23.287 0.0000000000
114542  7.454  35.944  22.131 0.0000000000
114543  6.682  36.633  22.092 0.0000000000
114544  5.959  36.666  22.705 0.0000000000
114552  7.437  36.534  21.266 0.0000000000
114553  6.953  37.036  21.430 0.0000000000
114556  7.515  36.566  20.281 0.0000000000
114557  7.216  36.239  19.940 0.0000000000
114561  7.402  36.884  19.368 0.0000000000
114562  6.830  36.425  19.464 0.0000000000
114563  6.267  36.270  19.384 0.0000000000
114564  5.899  36.133  19.421 0.0000000000
114565  5.699  36.035  19.481 0.0000000000
114575  7.083  37.047  18.789 0.0000000000
114576  6.578  36.828  18.745 0.0000000000
114577  6.138  36.645  18.801 0.0000000000
114578  5.902  36.461  18.996 0.0000000000
114661  5.206  37.744  10.000 0.0000000000
114662  5.109  37.829  10.216 0.0000000000
114673  5.354  37.598  9.706 0.0000000000
114674  5.393  37.421  9.357 0.0000000000
114684  6.746  37.205  8.201 0.0000000000
114685  6.493  37.142  8.336 0.0000000000
114686  5.854  37.166  8.754 0.0000000000
114687  5.599  37.103  8.736 0.0000000000
114699  7.185  37.229  7.569 0.0000000000
114700  6.921  37.077  7.734 0.0000000000
114701  6.366  36.723  7.806 0.0000000000
114702  6.013  36.560  7.805 0.0000000000
114711  7.241  37.179  7.278 0.0000000000
114712  7.042  36.807  6.580 0.0000000000
114724  6.495  36.593  5.492 0.0000000000
114725  5.879  36.924  5.161 0.0000000000
114741  5.960  36.343  4.713 0.0000000000
114742  5.692  37.059  4.620 0.0000000000
114759  6.763  36.757  3.184 0.0000000000
114760  5.991  36.575  3.820 0.0000000000
114761  5.751  37.234  4.250 0.0000000000
114779  7.390  36.360  2.670 0.0000000000
114780  6.509  35.912  2.979 0.0000000000
115101  9.097  36.797  30.628 0.0000000000
115102  7.950  37.111  30.866 0.0000000000
115103  6.580  37.499  31.250 0.0000000000
115104  5.227  37.458  31.748 0.0000000000
115105  4.166  37.399  32.157 0.0000000000
115106  3.439  37.329  31.964 0.0000000000
115118  9.744  37.151  30.192 0.0000000000
115119  8.623  37.368  30.197 0.0000000000
115120  7.378  37.835  30.352 0.0000000000
115121  6.370  38.262  30.727 0.0000000000
115122  3.161  37.478  31.451 0.0000000000
115134  9.363  37.507  29.472 0.0000000000
115135  8.216  37.931  29.448 0.0000000000
115136  7.289  38.349  29.671 0.0000000000
115137  3.376  37.703  29.889 0.0000000000
115138  3.099  37.720  30.619 0.0000000000
115148  10.131  37.673  28.748 0.0000000000
115149  9.114  38.011  28.720 0.0000000000
115150  8.297  38.420  28.713 0.0000000000
115151  5.519  37.905  28.004 0.0000000000
115152  4.981  37.947  28.474 0.0000000000
115153  4.023  37.615  29.282 0.0000000000
115162  5.845  37.948  27.495 0.0000000000
115163  5.384  38.340  27.947 0.0000000000
115169  6.276  37.742  26.745 0.0000000000
115173  6.408  37.762  25.688 0.0000000000
115179  6.118  37.408  24.388 0.0000000000
115180  5.794  36.827  24.172 0.0000000000
115191  5.766  37.605  23.390 0.0000000000
115192  5.699  36.893  23.737 0.0000000000
115201  5.660  37.394  22.373 0.0000000000
115202  5.581  36.941  23.072 0.0000000000
115205  7.073  37.306  21.015 0.0000000000
115206  6.297  37.621  21.314 0.0000000000
115207  6.111  38.080  20.868 0.0000000000
115209  7.431  37.469  20.338 0.0000000000
115210  6.783  37.796  20.660 0.0000000000
115211  6.336  37.967  20.795 0.0000000000
115215  7.632  37.506  19.477 0.0000000000
115218  7.585  37.713  18.332 0.0000000000
115219  6.906  37.412  18.009 0.0000000000
115220  6.363  37.219  18.029 0.0000000000
115221  6.089  37.004  18.271 0.0000000000
115233  7.695  38.207  17.557 0.0000000000
115234  7.219  38.097  17.124 0.0000000000
115235  6.532  37.798  17.112 0.0000000000
115236  6.163  37.633  17.209 0.0000000000
115250  7.069  38.407  16.389 0.0000000000
115251  6.590  38.381  16.077 0.0000000000
115252  6.130  38.157  16.258 0.0000000000
115253  5.941  38.038  16.379 0.0000000000
115266  6.399  38.498  15.292 0.0000000000
115267  6.061  38.433  15.045 0.0000000000
115268  5.879  38.301  15.546 0.0000000000
115278  5.735  38.530  13.797 0.0000000000
115279  5.710  38.454  14.439 0.0000000000
115283  5.495  38.500  12.741 0.0000000000
115284  5.468  38.486  13.319 0.0000000000
115287  5.301  38.430  11.789 0.0000000000
115288  5.236  38.443  12.263 0.0000000000
115291  5.643  38.227  10.785 0.0000000000
115292  5.234  38.295  10.998 0.0000000000
115293  5.052  38.296  11.180 0.0000000000
115297  6.361  38.051  9.982 0.0000000000
115298  5.846  37.937  10.134 0.0000000000
115299  5.333  37.922  10.267 0.0000000000
115300  5.087  38.116  10.663 0.0000000000
115308  7.154  38.028  9.090 0.0000000000
115309  6.619  37.779  9.310 0.0000000000
115310  6.128  37.678  9.530 0.0000000000
115311  5.709  37.609  9.593 0.0000000000
115322  7.279  37.843  8.287 0.0000000000
115323  6.824  37.479  8.496 0.0000000000
115324  6.300  37.427  8.931 0.0000000000
115325  6.011  37.437  9.159 0.0000000000
115340  7.268  37.536  7.604 0.0000000000
115341  7.082  37.452  8.061 0.0000000000
115352  7.260  37.533  6.852 0.0000000000
115353  6.575  37.630  6.020 0.0000000000
115354  5.938  38.124  5.871 0.0000000000
115366  6.154  37.191  5.478 0.0000000000
115367  5.700  37.662  5.321 0.0000000000
115382  5.620  37.684  4.547 0.0000000000
115399  7.645  37.371  3.097 0.0000000000
115400  6.576  37.466  3.580 0.0000000000
115401  5.866  37.558  4.009 0.0000000000
115417  7.960  36.897  2.667 0.0000000000
115741  5.500  38.353  31.286 0.0000000000
115742  4.423  38.300  31.775 0.0000000000
115743  3.566  38.139  31.958 0.0000000000
115744  3.206  37.905  31.790 0.0000000000
115759  6.671  38.514  30.117 0.0000000000
115760  5.732  39.121  30.399 0.0000000000
115761  4.585  39.137  31.137 0.0000000000
115762  3.675  38.978  31.624 0.0000000000
115763  3.048  38.528  31.425 0.0000000000
115777  7.618  38.555  29.082 0.0000000000
115778  6.701  39.190  29.383 0.0000000000
115779  5.907  39.551  29.798 0.0000000000
115780  3.321  38.658  29.774 0.0000000000
115781  2.882  38.875  30.633 0.0000000000
115795  9.890  38.240  27.966 0.0000000000
115796  8.863  38.657  28.081 0.0000000000
115797  7.771  39.234  28.352 0.0000000000
115798  7.034  39.607  28.722 0.0000000000
115799  4.873  38.921  28.207 0.0000000000
115800  4.163  38.791  28.914 0.0000000000
115816  9.629  39.106  27.483 0.0000000000
115817  8.682  39.434  27.670 0.0000000000
115818  8.165  39.660  27.818 0.0000000000
115819  5.965  38.305  27.065 0.0000000000
115820  5.492  38.868  27.373 0.0000000000
115835  6.073  38.632  26.586 0.0000000000
115836  5.668  39.195  26.834 0.0000000000
115849  6.316  38.872  25.837 0.0000000000
115859  6.480  38.626  24.931 0.0000000000
115867  6.283  38.480  23.840 0.0000000000
115870  5.857  38.451  22.864 0.0000000000
115875  5.717  38.397  21.885 0.0000000000
115876  5.827  38.435  21.080 0.0000000000
115880  7.476  37.887  20.086 0.0000000000
115881  7.150  38.062  20.171 0.0000000000
115882  6.212  38.401  20.352 0.0000000000
115887  7.529  38.109  19.697 0.0000000000
115888  6.919  38.578  19.708 0.0000000000
115889  6.231  38.913  19.652 0.0000000000
115894  7.775  38.329  18.788 0.0000000000
115898  8.164  38.778  17.336 0.0000000000
115899  8.029  38.654  17.644 0.0000000000
115900  7.742  38.434  17.107 0.0000000000
115910  8.170  38.813  17.156 0.0000000000
115911  8.003  38.812  16.823 0.0000000000
115912  7.459  38.604  16.415 0.0000000000
115913  7.026  38.583  15.934 0.0000000000
115931  7.742  39.088  15.949 0.0000000000
115932  7.302  38.844  15.523 0.0000000000
115933  6.755  38.642  15.227 0.0000000000
115934  6.363  38.557  14.794 0.0000000000
115938  7.552  39.297  14.982 0.0000000000
115939  7.165  38.931  14.626 0.0000000000
115940  6.644  38.720  14.303 0.0000000000
115941  6.156  38.590  14.078 0.0000000000
115945  7.523  39.331  14.044 0.0000000000
115946  7.070  38.948  13.696 0.0000000000
115947  6.493  38.716  13.389 0.0000000000
115948  5.938  38.579  13.099 0.0000000000
115952  7.502  39.283  13.107 0.0000000000
115953  6.977  38.868  12.733 0.0000000000
115954  6.332  38.615  12.414 0.0000000000
115955  5.734  38.484  12.143 0.0000000000
115959  7.398  39.187  12.095 0.0000000000
115960  6.849  38.719  11.715 0.0000000000
115961  6.114  38.422  11.382 0.0000000000
115962  5.542  38.382  11.416 0.0000000000
115966  7.319  38.970  11.016 0.0000000000
115967  6.705  38.485  10.598 0.0000000000
115968  6.113  38.223  10.574 0.0000000000
115971  7.278  38.706  9.828 0.0000000000
115972  6.834  38.209  9.752 0.0000000000
115976  7.416  38.571  8.704 0.0000000000
115986  7.329  38.352  7.662 0.0000000000
115987  6.807  38.765  7.147 0.0000000000
115988  6.300  39.018  7.124 0.0000000000
115997  7.341  37.911  7.206 0.0000000000
115998  6.996  38.203  6.813 0.0000000000
115999  6.139  38.649  6.508 0.0000000000
116010  5.591  38.578  5.702 0.0000000000
116024  6.743  38.719  4.200 0.0000000000
116025  6.055  38.701  4.422 0.0000000000
116026  5.569  38.485  4.891 0.0000000000
116043  8.218  38.207  3.388 0.0000000000
116044  7.269  38.265  3.731 0.0000000000
116045  6.302  38.172  3.971 0.0000000000
116046  5.762  38.134  4.315 0.0000000000
116383  5.470  39.860  30.022 0.0000000000
116384  4.727  40.024  30.426 0.0000000000
116385  3.663  39.803  30.947 0.0000000000
116386  3.197  39.300  31.418 0.0000000000
116397  6.596  39.910  28.923 0.0000000000
116398  5.867  40.150  29.450 0.0000000000
116399  5.200  40.390  29.915 0.0000000000
116400  3.324  39.744  30.274 0.0000000000
116401  2.968  39.410  31.032 0.0000000000
116412  7.840  39.932  27.901 0.0000000000
116413  7.172  40.234  28.346 0.0000000000
116414  6.367  40.520  28.875 0.0000000000
116415  4.304  39.564  28.496 0.0000000000
116416  3.768  39.886  29.180 0.0000000000
116425  10.385  39.743  27.074 0.0000000000
116426  9.376  40.066  27.163 0.0000000000
116427  8.456  40.187  27.523 0.0000000000
116428  7.846  40.519  27.771 0.0000000000
116429  4.725  39.793  27.736 0.0000000000
116430  4.207  40.267  28.354 0.0000000000
116441  10.158  40.454  26.816 0.0000000000
116442  5.834  39.568  26.357 0.0000000000
116443  5.270  39.714  27.008 0.0000000000
116452  6.306  39.750  25.489 0.0000000000
116455  6.438  39.548  24.352 0.0000000000
116465  6.282  39.410  23.298 0.0000000000
116477  6.088  39.305  22.310 0.0000000000
116488  5.822  39.205  21.474 0.0000000000
116489  5.650  39.173  20.754 0.0000000000
116497  5.657  39.310  19.978 0.0000000000
116502  7.423  38.849  19.106 0.0000000000
116503  6.702  39.156  19.205 0.0000000000
116504  6.040  39.513  19.273 0.0000000000
116510  7.831  39.136  18.357 0.0000000000
116511  7.007  39.532  18.507 0.0000000000
116512  6.417  39.542  18.848 0.0000000000
116516  8.196  39.038  17.233 0.0000000000
116517  7.872  39.508  17.528 0.0000000000
116518  7.537  39.588  18.058 0.0000000000
116526  8.208  38.977  16.939 0.0000000000
116527  7.976  39.415  16.591 0.0000000000
116543  7.798  39.685  15.357 0.0000000000
116549  8.084  40.041  13.868 0.0000000000
116550  7.882  39.710  14.363 0.0000000000
116554  8.118  40.008  13.278 0.0000000000
116555  7.890  39.684  13.536 0.0000000000
116558  8.018  40.101  12.894 0.0000000000
116559  7.816  39.779  12.582 0.0000000000
116562  7.561  39.598  11.465 0.0000000000
116565  7.466  39.457  10.415 0.0000000000
116568  7.252  39.534  9.196 0.0000000000
116569  6.611  39.982  8.965 0.0000000000
116577  7.208  39.146  8.119 0.0000000000
116578  6.337  39.786  8.279 0.0000000000
116579  5.653  40.055  7.864 0.0000000000
116586  7.122  38.909  7.569 0.0000000000
116587  6.637  39.245  7.546 0.0000000000
116588  5.826  39.574  7.219 0.0000000000
116591  5.540  39.425  6.160 0.0000000000
116601  5.545  39.323  5.363 0.0000000000
116618  7.600  39.204  4.220 0.0000000000
116619  6.535  39.332  4.514 0.0000000000
116620  5.802  39.315  4.775 0.0000000000
116637  7.913  38.651  3.783 0.0000000000
116976  3.997  40.480  30.316 0.0000000000
116977  3.571  40.310  30.379 0.0000000000
116989  5.317  40.702  29.607 0.0000000000
116990  4.644  40.953  29.737 0.0000000000
116991  3.739  40.864  29.703 0.0000000000
117003  6.600  41.141  28.455 0.0000000000
117004  5.589  41.149  29.120 0.0000000000
117005  4.922  41.497  29.345 0.0000000000
117006  3.975  40.986  28.636 0.0000000000
117022  8.937  40.634  27.198 0.0000000000
117023  8.420  41.182  27.340 0.0000000000
117024  7.413  41.124  27.877 0.0000000000
117025  4.847  40.253  27.202 0.0000000000
117026  4.427  40.877  27.541 0.0000000000
117042  10.622  41.080  26.614 0.0000000000
117043  9.512  41.130  26.840 0.0000000000
117044  8.987  41.670  26.990 0.0000000000
117045  5.832  40.164  26.064 0.0000000000
117046  5.160  40.594  26.542 0.0000000000
117047  4.653  41.261  26.863 0.0000000000
117065  5.736  40.610  25.673 0.0000000000
117066  5.244  41.197  25.853 0.0000000000
117080  6.093  40.531  24.796 0.0000000000
117093  6.188  40.420  23.773 0.0000000000
117103  6.206  40.313  22.744 0.0000000000
117108  6.042  40.162  21.730 0.0000000000
117109  5.765  39.801  21.125 0.0000000000
117118  5.822  40.355  21.120 0.0000000000
117119  5.674  40.133  20.561 0.0000000000
117129  5.621  40.294  19.647 0.0000000000
117136  6.675  39.841  18.191 0.0000000000
117137  5.986  40.139  18.446 0.0000000000
117140  7.561  39.837  17.404 0.0000000000
117141  7.025  39.988  17.667 0.0000000000
117142  5.901  40.780  17.326 0.0000000000
117150  7.567  39.979  16.951 0.0000000000
117151  6.717  40.609  16.468 0.0000000000
117152  5.825  41.274  16.520 0.0000000000
117158  7.602  40.233  15.864 0.0000000000
117159  6.950  40.895  15.281 0.0000000000
117165  7.979  40.215  13.964 0.0000000000
117166  7.732  40.407  14.394 0.0000000000
117167  6.971  41.139  14.416 0.0000000000
117171  7.991  40.225  13.672 0.0000000000
117172  7.702  40.537  13.388 0.0000000000
117175  7.984  40.246  13.168 0.0000000000
117176  7.687  40.361  12.626 0.0000000000
117177  7.238  40.521  12.050 0.0000000000
117181  7.591  40.163  11.803 0.0000000000
117182  6.929  40.537  11.367 0.0000000000
117183  6.272  40.738  10.924 0.0000000000
117187  7.438  40.070  10.907 0.0000000000
117188  6.807  40.419  10.502 0.0000000000
117189  5.942  40.788  10.222 0.0000000000
117194  7.278  39.997  10.087 0.0000000000
117195  6.586  40.272  9.588 0.0000000000
117196  5.733  40.819  9.285 0.0000000000
117205  6.087  40.218  8.928 0.0000000000
117206  5.631  40.608  8.329 0.0000000000
117214  5.550  40.549  7.398 0.0000000000
117222  5.495  40.370  6.495 0.0000000000
117238  8.248  40.778  5.105 0.0000000000
117239  7.334  40.737  5.000 0.0000000000
117240  6.444  40.686  4.915 0.0000000000
117241  5.804  40.519  5.065 0.0000000000
117242  5.577  40.230  5.613 0.0000000000
117259  7.998  40.164  4.620 0.0000000000
117260  7.000  40.034  4.664 0.0000000000
117261  6.156  39.994  4.781 0.0000000000
117262  5.696  39.896  5.088 0.0000000000
117628  4.540  41.559  29.282 0.0000000000
117629  4.212  41.359  29.442 0.0000000000
117642  6.867  41.695  27.931 0.0000000000
117643  6.055  41.990  28.288 0.0000000000
117644  5.030  41.943  28.850 0.0000000000
117645  4.228  41.792  28.887 0.0000000000
117659  8.571  42.166  27.063 0.0000000000
117660  7.605  42.006  27.484 0.0000000000
117661  6.770  42.291  27.709 0.0000000000
117662  4.352  41.801  28.032 0.0000000000
117677  11.268  41.706  26.433 0.0000000000
117678  10.348  41.874  26.521 0.0000000000
117679  9.413  42.125  26.709 0.0000000000
117680  4.814  41.654  26.296 0.0000000000
117681  4.605  41.866  27.119 0.0000000000
117695  5.484  41.268  25.141 0.0000000000
117696  4.963  41.787  25.543 0.0000000000
117704  5.681  41.307  24.220 0.0000000000
117705  5.008  42.070  24.686 0.0000000000
117708  5.851  41.293  23.216 0.0000000000
117709  5.279  42.185  23.674 0.0000000000
117711  5.924  41.183  22.208 0.0000000000
117712  5.436  42.199  22.655 0.0000000000
117714  5.892  40.982  21.324 0.0000000000
117715  5.552  41.984  21.615 0.0000000000
117718  5.790  40.714  20.864 0.0000000000
117719  5.627  41.401  20.507 0.0000000000
117731  5.461  41.512  19.267 0.0000000000
117744  5.476  41.718  18.142 0.0000000000
117746  5.451  41.989  17.110 0.0000000000
117753  6.058  41.336  15.702 0.0000000000
117754  5.520  42.163  16.157 0.0000000000
117758  6.245  41.506  14.774 0.0000000000
117759  5.646  42.236  15.194 0.0000000000
117764  7.151  41.049  13.660 0.0000000000
117765  6.395  41.596  13.899 0.0000000000
117766  5.781  42.292  14.236 0.0000000000
117771  7.191  40.872  12.844 0.0000000000
117772  6.454  41.433  13.005 0.0000000000
117773  5.777  42.200  13.272 0.0000000000
117777  7.203  40.668  12.395 0.0000000000
117778  6.503  40.927  12.088 0.0000000000
117779  5.672  41.913  12.274 0.0000000000
117783  6.271  40.834  11.384 0.0000000000
117784  5.625  41.479  11.080 0.0000000000
117788  5.594  41.754  9.782 0.0000000000
117797  5.634  41.642  8.680 0.0000000000
117804  5.549  41.421  7.665 0.0000000000
117812  5.538  41.275  6.750 0.0000000000
117822  8.682  41.901  6.378 0.0000000000
117823  7.894  41.742  6.190 0.0000000000
117824  6.887  41.833  5.904 0.0000000000
117825  6.013  41.852  5.603 0.0000000000
117826  5.594  41.148  5.850 0.0000000000
117840  7.680  41.269  5.549 0.0000000000
117841  6.679  41.295  5.340 0.0000000000
117842  5.914  41.180  5.193 0.0000000000
117843  5.683  40.811  5.395 0.0000000000
118202  5.421  42.554  28.206 0.0000000000
118203  4.772  42.436  28.271 0.0000000000
118204  4.481  42.211  28.208 0.0000000000
118212  7.987  42.723  27.117 0.0000000000
118213  7.174  42.780  27.348 0.0000000000
118214  6.193  42.968  27.545 0.0000000000
118215  5.228  43.093  27.783 0.0000000000
118216  4.643  42.712  27.485 0.0000000000
118226  11.068  42.332  26.105 0.0000000000
118227  10.119  42.613  26.206 0.0000000000
118228  8.791  43.003  26.368 0.0000000000
118229  7.543  43.251  26.877 0.0000000000
118230  6.863  43.216  27.175 0.0000000000
118231  4.748  42.144  25.881 0.0000000000
118232  4.676  42.656  26.251 0.0000000000
118242  11.757  42.473  25.448 0.0000000000
118243  10.855  42.521  25.423 0.0000000000
118244  9.848  42.788  25.412 0.0000000000
118245  8.865  43.008  25.263 0.0000000000
118246  4.676  42.427  25.407 0.0000000000
118247  4.573  43.148  25.278 0.0000000000
118257  11.602  42.435  24.631 0.0000000000
118258  10.646  42.488  24.571 0.0000000000
118259  9.639  42.664  24.468 0.0000000000
118260  8.576  42.887  24.315 0.0000000000
118261  7.921  43.064  23.931 0.0000000000
118262  4.621  42.785  24.786 0.0000000000
118263  4.508  43.408  24.468 0.0000000000
118267  12.345  42.452  23.800 0.0000000000
118268  11.414  42.283  23.728 0.0000000000
118269  10.425  42.322  23.632 0.0000000000
118270  9.413  42.515  23.491 0.0000000000
118271  8.459  42.796  23.306 0.0000000000
118272  7.660  43.223  23.275 0.0000000000
118273  4.728  42.869  24.077 0.0000000000
118274  4.427  43.555  23.697 0.0000000000
118277  12.123  42.379  22.878 0.0000000000
118278  11.205  42.247  22.769 0.0000000000
118279  10.218  42.307  22.650 0.0000000000
118280  9.222  42.573  22.483 0.0000000000
118281  8.116  43.037  22.279 0.0000000000
118282  7.455  43.390  22.725 0.0000000000
118283  4.670  43.108  23.112 0.0000000000
118284  4.345  43.647  23.231 0.0000000000
118286  12.583  42.689  22.218 0.0000000000
118287  11.931  42.496  21.914 0.0000000000
118288  10.989  42.349  21.848 0.0000000000
118289  10.064  42.448  21.689 0.0000000000
118290  9.123  42.727  21.487 0.0000000000
118291  8.369  43.088  21.222 0.0000000000
118292  4.805  43.057  22.070 0.0000000000
118293  4.438  43.569  21.353 0.0000000000
118295  11.542  42.550  21.238 0.0000000000
118296  10.858  42.509  20.912 0.0000000000
118297  9.958  42.635  20.830 0.0000000000
118298  9.056  42.957  20.482 0.0000000000
118299  8.374  43.207  20.676 0.0000000000
118300  5.012  42.733  20.995 0.0000000000
118301  4.462  43.540  20.489 0.0000000000
118310  10.549  42.687  20.412 0.0000000000
118311  10.086  42.862  20.107 0.0000000000
118312  9.515  43.115  19.797 0.0000000000
118313  5.030  42.624  19.968 0.0000000000
118314  4.500  43.477  19.689 0.0000000000
118329  4.841  42.873  18.917 0.0000000000
118330  4.311  43.890  19.184 0.0000000000
118335  4.946  42.999  17.790 0.0000000000
118342  5.158  43.179  16.756 0.0000000000
118346  5.308  43.215  15.702 0.0000000000
118350  5.418  43.224  14.653 0.0000000000
118354  5.446  43.181  13.612 0.0000000000
118358  5.379  43.049  12.560 0.0000000000
118364  5.267  42.854  11.468 0.0000000000
118373  5.277  42.771  10.342 0.0000000000
118381  8.066  42.950  8.993 0.0000000000
118382  7.608  42.957  8.970 0.0000000000
118383  6.637  42.934  8.966 0.0000000000
118384  5.581  42.832  9.127 0.0000000000
118389  9.081  42.806  8.410 0.0000000000
118390  8.457  42.818  8.611 0.0000000000
118391  7.411  42.681  8.323 0.0000000000
118392  6.426  42.577  8.175 0.0000000000
118393  5.781  42.214  7.951 0.0000000000
118405  9.371  42.726  7.893 0.0000000000
118406  8.260  42.491  7.699 0.0000000000
118407  7.211  42.420  7.487 0.0000000000
118408  6.303  42.375  7.228 0.0000000000
118409  5.674  42.045  6.986 0.0000000000
118420  9.081  42.327  6.913 0.0000000000
118421  8.023  42.177  6.890 0.0000000000
118422  7.043  42.167  6.657 0.0000000000
118423  6.156  42.261  6.345 0.0000000000
118424  5.648  41.859  6.237 0.0000000000
118815  6.125  43.405  27.211 0.0000000000
118816  5.724  43.467  27.237 0.0000000000
118817  5.057  43.468  27.238 0.0000000000
118826  8.376  43.340  25.741 0.0000000000
118827  7.726  43.576  26.102 0.0000000000
118828  6.480  43.601  26.720 0.0000000000
118829  5.424  43.747  26.602 0.0000000000
118830  4.752  43.478  26.591 0.0000000000
118841  7.956  43.412  25.093 0.0000000000
118842  6.868  43.755  25.454 0.0000000000
118843  5.791  43.925  25.715 0.0000000000
118844  4.985  43.952  25.799 0.0000000000
118845  4.684  43.474  25.781 0.0000000000
118857  7.900  43.221  24.416 0.0000000000
118858  7.153  43.542  24.227 0.0000000000
118859  6.050  44.021  24.694 0.0000000000
118860  5.152  44.338  24.850 0.0000000000
118861  4.616  43.915  24.868 0.0000000000
118866  6.948  43.700  23.132 0.0000000000
118867  6.105  44.188  23.646 0.0000000000
118868  5.460  44.362  24.143 0.0000000000
118869  4.314  43.982  24.038 0.0000000000
118873  7.698  43.358  21.561 0.0000000000
118874  7.112  43.647  22.195 0.0000000000
118875  6.302  44.263  22.672 0.0000000000
118876  4.300  43.713  22.872 0.0000000000
118877  4.191  44.049  23.181 0.0000000000
118880  12.526  42.817  21.693 0.0000000000
118881  7.825  43.399  20.868 0.0000000000
118882  7.068  43.713  21.241 0.0000000000
118883  6.342  44.254  21.723 0.0000000000
118884  4.434  43.512  22.567 0.0000000000
118885  4.147  44.018  22.160 0.0000000000
118887  13.090  43.841  20.588 0.0000000000
118888  12.271  42.954  20.894 0.0000000000
118889  11.515  42.681  20.709 0.0000000000
118890  8.910  43.244  19.777 0.0000000000
118891  8.194  43.423  20.136 0.0000000000
118892  7.249  43.775  20.395 0.0000000000
118893  6.412  44.238  20.735 0.0000000000
118894  4.034  44.322  21.022 0.0000000000
118899  13.141  44.191  19.937 0.0000000000
118900  12.559  43.774  19.669 0.0000000000
118901  11.245  42.970  19.902 0.0000000000
118902  10.168  43.268  19.423 0.0000000000
118903  9.322  43.424  19.256 0.0000000000
118904  8.466  43.585  19.311 0.0000000000
118905  7.449  43.987  19.488 0.0000000000
118906  6.701  44.258  19.987 0.0000000000
118907  4.079  44.369  19.929 0.0000000000
118922  12.397  44.089  19.017 0.0000000000
118923  11.863  43.787  18.950 0.0000000000
118924  10.869  43.639  18.837 0.0000000000
118925  9.896  43.787  18.734 0.0000000000
118926  8.950  43.854  18.648 0.0000000000
118927  8.035  44.052  18.760 0.0000000000
118928  4.437  43.954  18.426 0.0000000000
118929  4.043  44.642  18.987 0.0000000000
118942  4.583  44.398  17.439 0.0000000000
118943  4.236  44.794  18.244 0.0000000000
118951  4.882  44.285  16.275 0.0000000000
118954  5.065  44.245  15.144 0.0000000000
118958  5.055  44.163  14.032 0.0000000000
118962  5.163  44.098  12.953 0.0000000000
118968  5.167  43.961  11.882 0.0000000000
118975  4.969  43.773  10.840 0.0000000000
118980  9.554  43.706  9.881 0.0000000000
118981  8.556  43.628  10.018 0.0000000000
118982  7.483  43.689  10.062 0.0000000000
118983  6.425  43.856  10.013 0.0000000000
118984  5.577  43.939  9.918 0.0000000000
118985  5.118  43.613  9.930 0.0000000000
118992  9.055  43.307  9.365 0.0000000000
118993  8.129  43.174  9.344 0.0000000000
118994  7.026  43.332  9.495 0.0000000000
118995  6.051  43.412  9.545 0.0000000000
118996  5.508  43.469  9.668 0.0000000000
119010  9.346  43.040  8.644 0.0000000000
119011  8.765  43.021  9.025 0.0000000000
119456  4.715  44.309  24.287 0.0000000000
119457  4.514  44.167  24.195 0.0000000000
119462  5.338  44.572  23.520 0.0000000000
119463  4.937  44.609  23.912 0.0000000000
119464  4.539  44.376  23.559 0.0000000000
119469  5.617  44.623  23.001 0.0000000000
119470  4.831  44.934  22.805 0.0000000000
119471  4.273  44.699  22.456 0.0000000000
119475  5.591  44.746  22.225 0.0000000000
119476  4.974  45.251  21.805 0.0000000000
119477  3.761  44.900  21.577 0.0000000000
119481  5.619  44.785  21.215 0.0000000000
119482  5.025  45.383  20.893 0.0000000000
119483  3.707  45.042  20.548 0.0000000000
119486  13.187  44.653  19.390 0.0000000000
119487  12.721  44.340  19.042 0.0000000000
119488  6.715  44.489  19.474 0.0000000000
119489  5.791  44.936  19.886 0.0000000000
119490  4.978  45.474  20.291 0.0000000000
119491  3.897  45.164  19.552 0.0000000000
119500  12.943  44.768  18.754 0.0000000000
119501  12.357  44.571  18.490 0.0000000000
119502  11.412  44.332  18.288 0.0000000000
119503  10.476  44.296  18.182 0.0000000000
119504  9.530  44.377  18.127 0.0000000000
119505  8.471  44.524  18.155 0.0000000000
119506  6.987  44.841  18.555 0.0000000000
119507  5.986  45.230  18.984 0.0000000000
119508  4.177  45.330  18.601 0.0000000000
119520  11.825  44.963  17.854 0.0000000000
119521  10.968  44.939  17.617 0.0000000000
119522  10.102  44.850  17.608 0.0000000000
119523  9.231  45.086  17.531 0.0000000000
119524  8.114  45.248  17.602 0.0000000000
119525  7.307  45.533  17.622 0.0000000000
119526  4.394  45.066  17.349 0.0000000000
119527  4.315  45.359  17.682 0.0000000000
119541  4.450  45.307  16.872 0.0000000000
119542  4.325  46.049  17.218 0.0000000000
119553  4.701  45.313  15.694 0.0000000000
119563  4.852  45.208  14.510 0.0000000000
119572  4.913  45.071  13.411 0.0000000000
119582  9.999  44.653  12.167 0.0000000000
119583  8.949  44.740  12.056 0.0000000000
119584  8.005  44.878  11.902 0.0000000000
119585  4.964  44.913  12.385 0.0000000000
119596  9.596  44.319  11.387 0.0000000000
119597  8.497  44.445  11.337 0.0000000000
119598  7.336  44.703  11.323 0.0000000000
119599  6.326  44.732  11.151 0.0000000000
119600  5.360  44.723  11.372 0.0000000000
119616  9.090  43.977  10.663 0.0000000000
119617  7.978  44.147  10.649 0.0000000000
119618  6.879  44.291  10.589 0.0000000000
119619  5.872  44.333  10.542 0.0000000000
119620  5.219  44.181  10.443 0.0000000000
120103  4.457  45.306  22.054 0.0000000000
120104  4.364  45.110  22.275 0.0000000000
120109  4.417  45.464  21.399 0.0000000000
120110  4.084  45.259  21.840 0.0000000000
120116  4.470  45.540  20.599 0.0000000000
120117  3.964  45.395  21.042 0.0000000000
120122  5.424  45.471  19.133 0.0000000000
120123  4.795  45.545  19.709 0.0000000000
120124  4.131  45.386  20.116 0.0000000000
120131  13.348  45.450  18.629 0.0000000000
120132  12.850  45.051  18.408 0.0000000000
120133  6.645  45.651  17.842 0.0000000000
120134  5.880  45.646  18.365 0.0000000000
120135  4.980  45.821  18.686 0.0000000000
120136  4.396  45.484  19.088 0.0000000000
120144  13.243  45.911  18.081 0.0000000000
120145  12.640  45.513  17.883 0.0000000000
120146  11.596  45.713  17.328 0.0000000000
120147  10.263  45.884  16.996 0.0000000000
120148  8.864  45.860  16.975 0.0000000000
120149  7.834  45.935  17.059 0.0000000000
120150  6.975  46.161  17.193 0.0000000000
120151  6.156  46.157  17.544 0.0000000000
120152  5.366  46.315  17.845 0.0000000000
120153  4.574  46.151  17.874 0.0000000000
120162  10.094  46.673  16.655 0.0000000000
120163  9.447  46.639  16.627 0.0000000000
120164  8.271  46.692  16.628 0.0000000000
120165  7.515  46.450  16.834 0.0000000000
120166  4.552  46.456  16.370 0.0000000000
120167  4.476  46.554  17.122 0.0000000000
120176  4.741  46.294  15.019 0.0000000000
120185  4.923  46.033  13.896 0.0000000000
120196  10.878  45.749  13.436 0.0000000000
120197  9.786  45.816  13.443 0.0000000000
120198  8.676  45.915  13.303 0.0000000000
120199  7.527  46.012  13.071 0.0000000000
120200  6.409  46.134  12.857 0.0000000000
120201  5.519  46.097  12.785 0.0000000000
120202  4.942  45.774  12.918 0.0000000000
120216  10.415  45.153  12.801 0.0000000000
120217  9.350  45.219  12.755 0.0000000000
120218  8.258  45.344  12.541 0.0000000000
120219  7.020  45.381  12.119 0.0000000000
120220  5.935  45.639  12.196 0.0000000000
120221  5.313  45.432  12.223 0.0000000000
120238  6.681  45.015  11.549 0.0000000000
120239  6.104  45.170  11.668 0.0000000000
120240  5.600  45.261  11.850 0.0000000000
120733  13.662  46.391  18.311 0.0000000000
120737  13.133  46.421  17.691 0.0000000000
120738  12.344  46.444  17.263 0.0000000000
120739  11.378  46.752  16.879 0.0000000000
120740  10.550  46.811  16.676 0.0000000000
120741  6.494  46.550  17.123 0.0000000000
120742  5.944  46.793  17.193 0.0000000000
120743  5.156  46.927  17.271 0.0000000000
120744  4.714  46.826  17.136 0.0000000000
120749  10.892  47.343  16.576 0.0000000000
120750  10.075  47.288  16.473 0.0000000000
120751  9.068  47.394  16.417 0.0000000000
120752  8.153  47.486  16.439 0.0000000000
120753  7.015  47.086  16.677 0.0000000000
120754  5.839  47.540  16.826 0.0000000000
120755  4.909  47.457  16.585 0.0000000000
120756  4.636  46.873  16.841 0.0000000000
120762  4.792  47.304  15.484 0.0000000000
120771  11.803  47.326  14.573 0.0000000000
120772  10.696  47.340  14.610 0.0000000000
120773  9.593  47.387  14.566 0.0000000000
120774  8.478  47.417  14.485 0.0000000000
120775  7.348  47.415  14.397 0.0000000000
120776  6.234  47.390  14.284 0.0000000000
120777  5.114  47.169  14.309 0.0000000000
120787  11.363  46.499  14.049 0.0000000000
120788  10.248  46.554  14.055 0.0000000000
120789  9.137  46.637  13.959 0.0000000000
120790  7.999  46.664  13.858 0.0000000000
120791  6.864  46.708  13.686 0.0000000000
120792  5.837  46.695  13.526 0.0000000000
120793  5.221  46.386  13.455 0.0000000000
121267  13.690  47.261  17.759 0.0000000000
121268  12.924  47.149  17.272 0.0000000000
121269  12.234  47.204  16.947 0.0000000000
121272  13.336  47.662  17.215 0.0000000000
121273  12.815  47.775  16.757 0.0000000000
121274  11.747  47.712  16.518 0.0000000000
121275  10.721  47.886  16.274 0.0000000000
121276  9.725  47.952  16.199 0.0000000000
121277  8.713  47.977  16.163 0.0000000000
121278  7.660  48.015  16.284 0.0000000000
121279  6.584  48.131  16.406 0.0000000000
121280  5.657  48.166  16.356 0.0000000000
121287  12.777  48.269  16.038 0.0000000000
121288  11.498  48.249  15.921 0.0000000000
121289  10.408  48.311  15.832 0.0000000000
121290  9.352  48.291  15.762 0.0000000000
121291  8.288  48.301  15.731 0.0000000000
121292  7.202  48.348  15.716 0.0000000000
121293  6.140  48.368  15.679 0.0000000000
121294  5.231  48.064  15.678 0.0000000000
121302  12.258  47.913  15.247 0.0000000000
121303  11.115  47.951  15.241 0.0000000000
121304  10.023  48.004  15.186 0.0000000000
121305  8.935  48.038  15.114 0.0000000000
121306  7.832  48.067  15.039 0.0000000000
121307  6.726  48.081  14.956 0.0000000000
121308  5.700  47.945  14.942 0.0000000000
121309  5.090  47.762  15.053 0.0000000000
121818  13.727  47.813  17.378 0.0000000000
121823  13.599  48.129  16.808 0.0000000000
121824  13.117  48.103  16.481 0.0000000000
121830  13.287  48.226  16.328 0.0000000000
