#!ascii label  , from subject bert vox2ras=TkReg
548
97195  26.487  9.737  -15.849 0.0000000000
97196  24.907  10.079  -16.109 0.0000000000
97210  25.828  9.888  -16.155 0.0000000000
97211  25.202  10.289  -16.116 0.0000000000
97946  26.979  10.234  -15.567 0.0000000000
97954  27.229  10.792  -15.698 0.0000000000
97955  26.372  10.557  -15.960 0.0000000000
97956  25.301  10.467  -16.276 0.0000000000
97957  24.268  10.713  -16.677 0.0000000000
97965  25.658  10.252  -16.131 0.0000000000
97966  25.412  10.235  -16.152 0.0000000000
98683  28.361  11.687  -15.977 0.0000000000
98684  27.266  11.540  -16.073 0.0000000000
98685  26.223  11.349  -16.595 0.0000000000
98686  25.257  11.334  -16.940 0.0000000000
98687  24.623  11.343  -17.390 0.0000000000
98692  30.739  12.052  -16.040 0.0000000000
98693  30.113  12.021  -16.381 0.0000000000
98694  29.185  12.121  -16.547 0.0000000000
98695  28.144  12.297  -16.589 0.0000000000
98696  27.086  12.207  -17.049 0.0000000000
98697  26.051  12.028  -17.301 0.0000000000
98698  25.316  11.716  -17.757 0.0000000000
98699  24.621  11.365  -18.186 0.0000000000
98705  26.697  12.551  -17.682 0.0000000000
98706  26.244  12.371  -18.192 0.0000000000
98707  25.400  11.607  -18.628 0.0000000000
98715  26.570  12.393  -19.503 0.0000000000
98716  26.304  12.284  -19.170 0.0000000000
98726  26.952  11.978  -19.701 0.0000000000
99424  32.036  12.963  -14.576 0.0000000000
99425  31.415  12.417  -14.994 0.0000000000
99427  32.545  13.406  -15.863 0.0000000000
99428  32.267  13.095  -15.624 0.0000000000
99429  31.467  12.407  -15.924 0.0000000000
99434  32.564  13.360  -16.141 0.0000000000
99435  32.210  12.900  -16.589 0.0000000000
99436  31.164  12.410  -16.796 0.0000000000
99437  30.136  12.522  -17.211 0.0000000000
99438  29.033  12.694  -17.170 0.0000000000
99439  28.030  12.950  -17.334 0.0000000000
99440  27.253  12.892  -17.617 0.0000000000
99449  31.984  12.782  -17.392 0.0000000000
99450  31.222  12.839  -17.712 0.0000000000
99451  30.436  13.108  -17.811 0.0000000000
99452  27.598  13.452  -17.727 0.0000000000
99453  26.908  13.435  -17.985 0.0000000000
99454  26.597  13.560  -18.701 0.0000000000
99463  26.635  12.834  -19.543 0.0000000000
99464  26.558  13.830  -19.408 0.0000000000
99471  27.980  12.832  -20.378 0.0000000000
99472  27.077  13.574  -19.953 0.0000000000
99473  26.694  14.553  -19.869 0.0000000000
100186  32.834  13.759  -15.766 0.0000000000
100187  32.556  13.437  -15.511 0.0000000000
100195  33.005  13.631  -16.738 0.0000000000
100196  32.604  13.182  -17.334 0.0000000000
100197  29.710  13.064  -17.589 0.0000000000
100198  28.970  13.379  -17.617 0.0000000000
100199  28.223  13.650  -17.717 0.0000000000
100209  33.050  13.727  -17.587 0.0000000000
100210  32.342  13.357  -18.187 0.0000000000
100211  31.101  13.499  -18.409 0.0000000000
100212  29.924  13.696  -18.086 0.0000000000
100213  28.865  14.150  -17.992 0.0000000000
100214  27.743  14.299  -17.951 0.0000000000
100215  26.949  14.528  -18.386 0.0000000000
100216  26.655  14.735  -18.994 0.0000000000
100226  31.902  13.873  -18.793 0.0000000000
100227  31.291  14.140  -18.924 0.0000000000
100228  26.517  15.047  -19.563 0.0000000000
100237  29.060  13.463  -20.744 0.0000000000
100238  27.953  14.058  -20.521 0.0000000000
100239  27.115  14.770  -20.338 0.0000000000
100240  26.523  15.383  -20.118 0.0000000000
100253  29.513  14.198  -21.180 0.0000000000
100969  33.368  14.768  -15.480 0.0000000000
100978  33.800  15.077  -16.646 0.0000000000
100979  33.538  14.707  -16.426 0.0000000000
100984  33.921  15.010  -16.977 0.0000000000
100985  33.546  14.364  -17.281 0.0000000000
100993  33.881  15.000  -17.656 0.0000000000
100994  33.317  14.466  -18.243 0.0000000000
100995  32.550  14.170  -18.732 0.0000000000
100996  30.583  14.146  -18.629 0.0000000000
100997  29.733  14.562  -18.557 0.0000000000
100998  28.583  15.058  -18.500 0.0000000000
100999  27.525  15.243  -18.455 0.0000000000
101000  26.856  15.500  -18.685 0.0000000000
101001  26.614  15.664  -19.245 0.0000000000
101012  32.933  14.744  -19.002 0.0000000000
101013  32.058  14.577  -19.287 0.0000000000
101014  30.783  14.813  -19.220 0.0000000000
101015  29.606  15.361  -19.142 0.0000000000
101016  28.690  15.708  -19.130 0.0000000000
101017  26.433  15.909  -19.749 0.0000000000
101025  28.756  14.428  -20.854 0.0000000000
101026  28.017  15.225  -20.695 0.0000000000
101027  26.922  15.742  -20.634 0.0000000000
101028  26.408  16.218  -20.236 0.0000000000
101039  29.141  15.076  -21.392 0.0000000000
101040  28.406  15.855  -21.254 0.0000000000
101079  28.824  14.977  -26.101 0.0000000000
101087  29.005  14.604  -26.316 0.0000000000
101088  28.831  14.784  -26.702 0.0000000000
101094  29.515  14.659  -28.040 0.0000000000
101095  29.058  14.572  -27.536 0.0000000000
101714  33.893  15.661  -15.554 0.0000000000
101715  33.609  15.198  -16.069 0.0000000000
101725  33.973  15.505  -16.480 0.0000000000
101726  33.685  15.144  -16.336 0.0000000000
101729  34.314  15.657  -17.394 0.0000000000
101733  34.115  15.576  -18.366 0.0000000000
101734  33.515  15.190  -18.926 0.0000000000
101735  27.992  15.661  -18.864 0.0000000000
101736  27.360  16.028  -18.850 0.0000000000
101737  26.796  16.238  -19.082 0.0000000000
101738  26.542  16.277  -19.482 0.0000000000
101745  33.887  15.849  -19.241 0.0000000000
101746  32.986  15.499  -19.671 0.0000000000
101747  31.725  15.406  -19.857 0.0000000000
101748  30.548  15.736  -19.830 0.0000000000
101749  29.340  16.207  -19.731 0.0000000000
101750  28.065  16.218  -19.471 0.0000000000
101751  27.224  16.659  -19.341 0.0000000000
101752  26.671  16.707  -19.561 0.0000000000
101753  26.393  16.625  -19.889 0.0000000000
101760  32.410  15.982  -20.210 0.0000000000
101761  31.526  16.210  -20.424 0.0000000000
101762  30.406  16.592  -20.372 0.0000000000
101763  29.520  16.897  -20.283 0.0000000000
101764  27.609  16.216  -20.857 0.0000000000
101765  26.805  16.584  -20.555 0.0000000000
101766  26.394  16.837  -20.200 0.0000000000
101775  29.787  15.213  -22.182 0.0000000000
101776  28.985  15.916  -22.106 0.0000000000
101777  28.122  16.543  -21.513 0.0000000000
101784  29.713  15.469  -23.022 0.0000000000
101785  28.944  16.076  -23.208 0.0000000000
101795  29.496  15.500  -24.037 0.0000000000
101796  28.595  15.862  -24.153 0.0000000000
101802  36.834  16.281  -24.692 0.0000000000
101806  29.026  15.276  -24.921 0.0000000000
101807  28.218  15.677  -25.039 0.0000000000
101808  27.884  16.060  -25.407 0.0000000000
101814  31.221  15.944  -26.592 0.0000000000
101815  28.703  15.212  -25.578 0.0000000000
101816  28.358  15.528  -25.993 0.0000000000
101817  27.869  16.295  -25.981 0.0000000000
101822  30.319  15.771  -27.272 0.0000000000
101823  29.420  15.933  -27.313 0.0000000000
101824  28.550  15.784  -26.976 0.0000000000
101825  27.957  16.673  -26.470 0.0000000000
101830  29.735  15.294  -27.756 0.0000000000
101831  29.142  15.251  -27.554 0.0000000000
101832  28.887  15.203  -27.367 0.0000000000
102398  34.254  16.611  -16.025 0.0000000000
102405  34.462  16.606  -16.950 0.0000000000
102409  34.614  16.618  -17.947 0.0000000000
102411  34.452  16.645  -18.970 0.0000000000
102415  33.755  16.673  -19.973 0.0000000000
102416  32.997  16.208  -20.165 0.0000000000
102417  28.641  16.823  -20.035 0.0000000000
102418  27.725  16.817  -19.991 0.0000000000
102419  26.988  17.080  -19.894 0.0000000000
102420  26.467  17.029  -19.936 0.0000000000
102421  26.238  17.004  -20.076 0.0000000000
102428  33.502  17.268  -20.588 0.0000000000
102429  32.688  16.786  -20.686 0.0000000000
102430  31.388  17.156  -21.037 0.0000000000
102431  30.143  17.362  -20.951 0.0000000000
102432  29.060  17.325  -20.594 0.0000000000
102433  28.221  17.185  -20.518 0.0000000000
102434  27.501  17.071  -20.774 0.0000000000
102435  26.661  17.087  -20.285 0.0000000000
102436  26.421  17.140  -20.174 0.0000000000
102444  31.216  17.710  -21.296 0.0000000000
102445  30.855  17.560  -21.193 0.0000000000
102446  28.303  16.623  -22.455 0.0000000000
102447  27.813  17.232  -21.807 0.0000000000
102452  28.148  16.532  -23.429 0.0000000000
102453  27.753  17.228  -22.731 0.0000000000
102457  36.095  16.332  -24.173 0.0000000000
102458  35.198  16.786  -23.736 0.0000000000
102459  33.889  16.550  -23.655 0.0000000000
102460  32.935  16.514  -24.041 0.0000000000
102461  32.129  16.484  -24.534 0.0000000000
102462  27.904  16.325  -24.369 0.0000000000
102463  27.619  17.217  -23.745 0.0000000000
102464  27.512  17.684  -23.868 0.0000000000
102467  37.128  16.835  -25.624 0.0000000000
102468  36.524  16.853  -24.795 0.0000000000
102469  35.983  17.032  -24.455 0.0000000000
102470  31.629  16.400  -25.146 0.0000000000
102471  31.199  16.689  -25.692 0.0000000000
102472  27.806  16.171  -24.954 0.0000000000
102473  27.489  16.771  -24.962 0.0000000000
102474  27.505  17.498  -24.325 0.0000000000
102479  30.448  16.761  -26.368 0.0000000000
102480  29.734  17.122  -26.557 0.0000000000
102481  27.591  17.138  -25.847 0.0000000000
102486  29.804  16.470  -26.886 0.0000000000
102487  29.110  16.772  -26.870 0.0000000000
102488  28.429  16.893  -26.707 0.0000000000
102489  27.971  17.325  -26.391 0.0000000000
103094  34.398  17.618  -15.604 0.0000000000
103096  34.438  17.642  -16.488 0.0000000000
103099  34.574  17.729  -17.468 0.0000000000
103101  34.762  17.749  -18.485 0.0000000000
103104  34.601  17.751  -19.518 0.0000000000
103108  34.169  17.808  -20.455 0.0000000000
103109  33.192  17.934  -21.091 0.0000000000
103110  32.329  17.439  -21.162 0.0000000000
103111  29.954  17.812  -21.324 0.0000000000
103112  29.335  17.771  -21.146 0.0000000000
103113  28.512  17.645  -20.949 0.0000000000
103114  28.015  17.429  -20.858 0.0000000000
103119  32.789  18.562  -21.484 0.0000000000
103120  31.931  18.076  -21.498 0.0000000000
103121  30.664  18.077  -21.445 0.0000000000
103122  29.691  18.262  -21.525 0.0000000000
103123  28.627  18.300  -21.484 0.0000000000
103124  27.912  17.686  -21.294 0.0000000000
103126  28.083  18.792  -21.647 0.0000000000
103127  27.447  18.165  -22.094 0.0000000000
103128  27.351  18.522  -22.774 0.0000000000
103132  35.186  17.770  -24.125 0.0000000000
103133  34.442  17.491  -23.845 0.0000000000
103134  33.479  17.384  -23.899 0.0000000000
103135  32.539  17.415  -24.164 0.0000000000
103136  27.466  17.651  -22.956 0.0000000000
103137  27.369  18.080  -23.332 0.0000000000
103140  36.802  17.471  -25.913 0.0000000000
103141  36.321  17.658  -25.198 0.0000000000
103142  35.682  17.535  -24.414 0.0000000000
103143  31.560  17.378  -24.773 0.0000000000
103144  30.846  17.634  -25.591 0.0000000000
103145  27.707  17.897  -24.912 0.0000000000
103146  27.523  17.963  -24.089 0.0000000000
103149  37.225  17.514  -26.451 0.0000000000
103150  36.682  17.981  -26.136 0.0000000000
103151  30.066  17.739  -26.028 0.0000000000
103152  29.166  17.738  -26.346 0.0000000000
103153  28.448  18.080  -26.125 0.0000000000
103154  27.894  17.863  -25.901 0.0000000000
103158  37.469  18.081  -26.851 0.0000000000
103159  36.997  18.065  -26.625 0.0000000000
103160  28.777  17.243  -26.658 0.0000000000
103161  28.463  17.515  -26.478 0.0000000000
103162  28.138  17.725  -26.299 0.0000000000
103734  34.399  18.548  -15.192 0.0000000000
103736  34.445  18.585  -16.009 0.0000000000
103739  34.525  18.677  -16.937 0.0000000000
103741  35.204  19.565  -18.217 0.0000000000
103742  34.947  19.045  -17.964 0.0000000000
103744  35.318  19.567  -18.620 0.0000000000
103745  35.177  18.745  -19.037 0.0000000000
103746  35.372  19.681  -19.453 0.0000000000
103747  34.885  18.991  -20.116 0.0000000000
103748  34.162  18.670  -20.855 0.0000000000
103750  34.539  19.604  -20.888 0.0000000000
103751  33.505  19.197  -21.372 0.0000000000
103752  32.404  19.139  -21.735 0.0000000000
103753  31.310  19.005  -21.765 0.0000000000
103754  30.209  19.012  -21.828 0.0000000000
103755  29.365  18.816  -21.729 0.0000000000
103758  29.546  19.360  -22.003 0.0000000000
103759  28.761  19.197  -21.912 0.0000000000
103760  27.891  19.236  -22.087 0.0000000000
103761  27.500  18.981  -22.616 0.0000000000
103764  35.183  18.098  -24.334 0.0000000000
103765  34.810  18.141  -24.199 0.0000000000
103766  33.953  18.144  -24.091 0.0000000000
103767  33.119  18.097  -24.110 0.0000000000
103768  27.430  18.818  -23.166 0.0000000000
103771  36.034  18.192  -25.175 0.0000000000
103772  35.478  18.350  -24.764 0.0000000000
103773  34.410  18.759  -24.505 0.0000000000
103774  33.394  18.862  -24.367 0.0000000000
103775  32.246  18.585  -24.362 0.0000000000
103776  31.261  18.555  -25.046 0.0000000000
103777  27.940  18.639  -24.690 0.0000000000
103778  27.641  18.681  -24.003 0.0000000000
103781  36.184  18.513  -25.617 0.0000000000
103782  35.611  19.141  -25.456 0.0000000000
103783  30.569  18.618  -25.659 0.0000000000
103784  29.769  18.649  -25.860 0.0000000000
103785  28.997  18.699  -25.852 0.0000000000
103786  28.284  18.668  -25.343 0.0000000000
103789  37.751  18.758  -26.878 0.0000000000
103790  36.829  18.783  -26.553 0.0000000000
104382  34.748  20.122  -15.135 0.0000000000
104383  34.529  19.543  -15.467 0.0000000000
104385  34.545  19.442  -16.447 0.0000000000
104388  34.981  20.170  -17.423 0.0000000000
104389  34.706  19.536  -17.223 0.0000000000
104391  35.245  20.067  -18.144 0.0000000000
104392  34.993  19.704  -17.656 0.0000000000
104393  35.264  20.889  -20.321 0.0000000000
104394  34.141  20.441  -21.343 0.0000000000
104395  32.954  20.174  -21.803 0.0000000000
104396  31.820  19.953  -22.017 0.0000000000
104397  30.838  19.808  -22.023 0.0000000000
104398  30.092  19.877  -22.227 0.0000000000
104399  37.428  21.053  -22.797 0.0000000000
104400  37.446  22.511  -21.352 0.0000000000
104401  29.336  19.914  -22.376 0.0000000000
104402  28.517  19.805  -22.426 0.0000000000
104403  27.872  19.693  -22.867 0.0000000000
104404  27.539  19.231  -22.983 0.0000000000
104406  38.134  20.406  -24.056 0.0000000000
104407  28.695  20.056  -24.170 0.0000000000
104408  27.989  19.748  -23.711 0.0000000000
104409  27.662  19.274  -23.419 0.0000000000
104410  38.671  19.887  -25.325 0.0000000000
104411  38.443  20.181  -24.692 0.0000000000
104412  34.816  19.313  -25.131 0.0000000000
104413  33.860  19.518  -24.836 0.0000000000
104414  32.765  19.797  -24.855 0.0000000000
104415  31.695  19.501  -24.920 0.0000000000
104416  31.074  19.445  -25.448 0.0000000000
104417  28.749  19.865  -24.920 0.0000000000
104418  28.157  19.320  -24.489 0.0000000000
104419  27.797  19.296  -23.904 0.0000000000
104420  38.278  19.729  -26.206 0.0000000000
104421  37.858  20.245  -26.403 0.0000000000
104422  36.104  19.406  -26.009 0.0000000000
104423  35.251  19.955  -25.880 0.0000000000
104424  34.196  20.072  -25.391 0.0000000000
104425  33.504  20.053  -25.107 0.0000000000
104426  30.327  19.554  -25.662 0.0000000000
104427  29.536  19.523  -25.665 0.0000000000
104428  28.865  19.411  -25.430 0.0000000000
104429  28.515  19.324  -25.056 0.0000000000
104430  38.040  19.259  -26.725 0.0000000000
104431  37.420  19.749  -26.697 0.0000000000
104432  36.413  19.802  -26.517 0.0000000000
104433  35.850  19.891  -26.295 0.0000000000
105016  35.188  20.693  -15.199 0.0000000000
105017  34.829  20.291  -15.603 0.0000000000
105019  35.253  20.831  -16.074 0.0000000000
105020  34.759  20.181  -16.224 0.0000000000
105023  35.121  20.805  -16.955 0.0000000000
105024  34.711  20.059  -16.861 0.0000000000
105026  35.237  20.824  -17.769 0.0000000000
105027  34.576  21.624  -21.362 0.0000000000
105028  33.489  21.285  -21.848 0.0000000000
105029  32.258  21.087  -22.299 0.0000000000
105030  31.170  20.530  -22.411 0.0000000000
105031  30.545  20.294  -22.338 0.0000000000
105032  37.483  22.355  -22.942 0.0000000000
105033  31.940  21.540  -22.631 0.0000000000
105034  31.414  21.281  -22.757 0.0000000000
105035  30.169  20.858  -22.833 0.0000000000
105036  29.025  20.324  -22.899 0.0000000000
105037  28.448  20.051  -22.845 0.0000000000
105038  37.816  21.549  -23.773 0.0000000000
105039  29.952  21.220  -23.608 0.0000000000
105040  29.443  20.698  -23.841 0.0000000000
105041  28.542  20.134  -23.363 0.0000000000
105042  38.380  20.414  -25.466 0.0000000000
105043  38.215  20.879  -24.873 0.0000000000
105044  32.463  20.388  -25.324 0.0000000000
105045  31.900  20.164  -25.297 0.0000000000
105046  31.437  19.899  -25.374 0.0000000000
105047  29.545  20.839  -25.294 0.0000000000
105048  29.226  20.614  -24.790 0.0000000000
105049  38.394  20.187  -25.742 0.0000000000
105050  38.083  20.704  -25.895 0.0000000000
105051  35.170  20.542  -26.146 0.0000000000
105052  34.509  20.794  -25.955 0.0000000000
105053  33.194  20.678  -25.495 0.0000000000
105054  32.037  20.863  -25.518 0.0000000000
105055  31.053  20.429  -25.543 0.0000000000
105056  30.016  20.484  -25.573 0.0000000000
105057  29.272  20.187  -25.369 0.0000000000
105058  37.424  20.712  -26.453 0.0000000000
105059  36.616  20.563  -26.548 0.0000000000
105060  35.722  20.490  -26.378 0.0000000000
105061  35.168  20.924  -26.259 0.0000000000
105646  35.852  21.306  -15.087 0.0000000000
105648  36.265  22.180  -15.407 0.0000000000
105649  35.797  21.453  -15.782 0.0000000000
105651  36.116  22.335  -16.143 0.0000000000
105652  35.680  21.851  -16.714 0.0000000000
105655  35.406  21.764  -17.684 0.0000000000
105658  34.699  22.571  -21.591 0.0000000000
105659  33.987  22.247  -22.042 0.0000000000
105660  33.048  22.100  -22.445 0.0000000000
105661  32.299  21.815  -22.601 0.0000000000
105662  32.473  22.369  -22.811 0.0000000000
105663  31.840  21.966  -22.934 0.0000000000
105664  31.126  21.763  -23.349 0.0000000000
105665  30.384  21.504  -23.607 0.0000000000
105666  37.388  22.488  -23.576 0.0000000000
105667  30.882  21.880  -24.104 0.0000000000
105668  30.074  21.464  -24.271 0.0000000000
105669  29.600  21.140  -24.671 0.0000000000
105670  37.599  22.061  -24.423 0.0000000000
105671  37.231  22.289  -24.928 0.0000000000
105672  30.662  21.813  -24.776 0.0000000000
105673  30.025  21.406  -25.239 0.0000000000
105674  29.533  21.090  -25.051 0.0000000000
105675  37.659  21.607  -25.331 0.0000000000
105676  36.868  22.138  -25.624 0.0000000000
105677  35.997  22.126  -26.198 0.0000000000
105678  34.965  21.706  -26.282 0.0000000000
105679  33.673  21.703  -25.871 0.0000000000
105680  32.483  21.666  -25.709 0.0000000000
105681  31.233  21.681  -25.443 0.0000000000
105682  30.551  21.053  -25.521 0.0000000000
105683  37.437  21.361  -26.008 0.0000000000
105684  36.757  21.400  -26.334 0.0000000000
105685  35.928  21.223  -26.369 0.0000000000
105686  35.453  21.083  -26.344 0.0000000000
106262  36.447  23.334  -15.956 0.0000000000
106263  36.001  23.117  -16.706 0.0000000000
106265  35.644  22.980  -17.510 0.0000000000
106268  35.418  22.810  -18.480 0.0000000000
106269  34.249  23.304  -22.328 0.0000000000
106270  33.650  22.699  -22.508 0.0000000000
106271  37.260  23.813  -22.924 0.0000000000
106272  36.964  24.312  -23.381 0.0000000000
106273  33.862  23.796  -22.752 0.0000000000
106274  33.152  23.244  -23.021 0.0000000000
106275  32.111  22.680  -23.195 0.0000000000
106276  31.656  22.259  -23.325 0.0000000000
106277  37.069  22.910  -23.935 0.0000000000
106278  36.855  23.872  -23.838 0.0000000000
106279  32.722  23.750  -23.500 0.0000000000
106280  32.281  23.334  -23.567 0.0000000000
106281  31.582  22.640  -23.823 0.0000000000
106282  37.141  22.548  -24.482 0.0000000000
106283  36.636  23.059  -24.688 0.0000000000
106284  31.835  22.849  -25.011 0.0000000000
106285  31.283  22.395  -24.704 0.0000000000
106286  36.054  23.032  -25.607 0.0000000000
106287  35.121  22.961  -26.080 0.0000000000
106288  33.981  22.730  -25.982 0.0000000000
106289  32.915  22.535  -25.745 0.0000000000
106290  32.017  22.410  -25.506 0.0000000000
106291  31.538  22.387  -25.217 0.0000000000
106904  37.000  23.997  -15.645 0.0000000000
106907  37.393  24.629  -15.833 0.0000000000
106908  36.905  24.462  -16.339 0.0000000000
106909  36.398  23.963  -16.671 0.0000000000
106911  36.700  24.599  -17.025 0.0000000000
106912  36.086  24.206  -17.358 0.0000000000
106913  38.897  23.765  -18.452 0.0000000000
106914  38.301  23.139  -19.109 0.0000000000
106915  35.652  24.065  -18.215 0.0000000000
106916  38.654  23.970  -19.129 0.0000000000
106917  38.176  23.431  -19.700 0.0000000000
106918  34.732  24.259  -21.856 0.0000000000
106919  36.929  24.783  -23.072 0.0000000000
106920  34.235  24.355  -22.523 0.0000000000
106921  33.722  24.264  -23.055 0.0000000000
106922  36.668  24.739  -23.653 0.0000000000
106923  33.145  24.300  -23.528 0.0000000000
106924  32.490  23.967  -23.962 0.0000000000
106925  31.960  23.417  -24.077 0.0000000000
106926  36.222  24.326  -24.347 0.0000000000
106927  35.562  24.442  -24.835 0.0000000000
106928  34.692  24.526  -24.954 0.0000000000
106929  33.465  24.411  -24.529 0.0000000000
106930  32.336  23.554  -24.715 0.0000000000
106931  31.736  23.028  -24.456 0.0000000000
106932  35.953  23.725  -24.985 0.0000000000
106933  35.290  23.772  -25.388 0.0000000000
106934  34.263  23.717  -25.493 0.0000000000
106935  33.174  23.405  -25.378 0.0000000000
106936  32.405  23.010  -25.325 0.0000000000
107532  37.871  24.987  -16.592 0.0000000000
107533  37.125  24.904  -16.938 0.0000000000
107534  39.236  24.790  -17.962 0.0000000000
107535  38.456  25.249  -17.836 0.0000000000
107536  37.082  25.231  -17.835 0.0000000000
107537  36.184  24.743  -18.061 0.0000000000
107538  38.926  24.801  -18.793 0.0000000000
107539  38.895  25.184  -18.338 0.0000000000
107540  36.940  25.472  -18.784 0.0000000000
107541  36.213  25.122  -18.969 0.0000000000
107542  38.525  24.486  -19.496 0.0000000000
107543  34.565  25.223  -22.071 0.0000000000
107544  36.629  25.461  -23.150 0.0000000000
107545  34.205  25.144  -23.018 0.0000000000
107546  33.702  24.660  -23.369 0.0000000000
107547  35.957  25.444  -23.852 0.0000000000
107548  34.970  25.673  -23.868 0.0000000000
107549  34.268  25.350  -23.730 0.0000000000
107550  33.681  24.918  -23.711 0.0000000000
107551  35.785  24.885  -24.444 0.0000000000
107552  35.246  25.110  -24.479 0.0000000000
107553  34.394  25.094  -24.320 0.0000000000
107554  33.887  25.033  -24.101 0.0000000000
108172  38.383  25.423  -18.287 0.0000000000
108173  38.057  25.501  -18.313 0.0000000000
108174  38.805  25.167  -18.863 0.0000000000
108175  38.493  25.290  -18.686 0.0000000000
108176  37.612  25.509  -18.971 0.0000000000
108177  36.899  25.629  -19.442 0.0000000000
108178  38.686  25.078  -19.126 0.0000000000
108179  38.203  25.213  -19.711 0.0000000000
108180  34.980  25.912  -21.590 0.0000000000
108181  36.893  26.024  -22.457 0.0000000000
108182  35.224  26.484  -22.582 0.0000000000
108183  34.831  26.214  -22.382 0.0000000000
108184  36.198  26.144  -23.029 0.0000000000
108185  35.428  26.329  -23.048 0.0000000000
108186  34.694  25.841  -23.233 0.0000000000
108767  35.073  26.330  -21.798 0.0000000000
108768  36.116  26.484  -22.540 0.0000000000
108769  35.519  26.541  -22.293 0.0000000000
108770  35.181  26.466  -21.938 0.0000000000
108771  35.883  26.443  -22.835 0.0000000000
108772  35.749  26.510  -22.692 0.0000000000
132283  37.538  25.706  -21.472 0.0000000000
132286  35.449  20.310  -19.043 0.0000000000
132287  35.021  21.856  -20.921 0.0000000000
132288  35.443  21.329  -18.713 0.0000000000
132289  37.470  22.240  -22.339 0.0000000000
132290  34.910  22.192  -21.180 0.0000000000
132291  37.789  22.970  -20.294 0.0000000000
132292  35.431  22.613  -19.638 0.0000000000
132293  35.173  22.692  -20.844 0.0000000000
132294  37.492  23.006  -22.243 0.0000000000
132295  34.903  23.387  -21.599 0.0000000000
132296  35.509  23.978  -19.231 0.0000000000
132297  35.413  23.889  -20.259 0.0000000000
132298  35.182  24.047  -21.129 0.0000000000
132299  38.017  24.060  -20.466 0.0000000000
132300  37.604  24.053  -21.659 0.0000000000
132301  35.587  25.031  -20.012 0.0000000000
132302  35.298  24.796  -20.697 0.0000000000
132303  34.991  25.045  -21.337 0.0000000000
132304  37.115  24.960  -22.618 0.0000000000
132305  37.740  25.402  -20.957 0.0000000000
132306  37.371  25.267  -22.001 0.0000000000
132307  36.335  26.093  -20.441 0.0000000000
132308  35.443  25.718  -20.863 0.0000000000
132309  36.952  25.369  -22.743 0.0000000000
132310  37.137  25.462  -22.465 0.0000000000
132311  37.364  25.677  -20.054 0.0000000000
132312  37.319  26.078  -20.682 0.0000000000
132313  37.264  26.154  -21.421 0.0000000000
132314  35.701  26.185  -20.832 0.0000000000
132315  35.486  26.413  -21.360 0.0000000000
132316  36.316  26.511  -21.738 0.0000000000
