#!ascii label  , from subject bert vox2ras=TkReg
556
56211  30.669  -32.458  13.055 0.0000000000
56212  30.106  -32.418  13.654 0.0000000000
56217  31.646  -32.481  11.841 0.0000000000
56218  31.187  -32.535  12.424 0.0000000000
57389  29.195  -31.776  14.318 0.0000000000
57401  30.304  -31.526  13.204 0.0000000000
57402  29.665  -31.487  13.797 0.0000000000
57403  29.121  -31.169  14.070 0.0000000000
57409  31.288  -31.792  12.097 0.0000000000
57410  30.871  -31.617  12.635 0.0000000000
57419  32.164  -31.809  11.034 0.0000000000
57420  31.715  -31.549  11.576 0.0000000000
57442  32.608  -31.560  10.460 0.0000000000
58536  30.070  -30.590  13.355 0.0000000000
58537  29.459  -30.531  13.710 0.0000000000
58538  28.738  -30.540  14.020 0.0000000000
58551  31.232  -30.783  12.169 0.0000000000
58552  30.676  -30.629  12.871 0.0000000000
58565  32.060  -30.930  11.056 0.0000000000
58566  31.728  -30.582  11.641 0.0000000000
58587  33.066  -30.885  9.824 0.0000000000
58588  32.477  -30.388  10.530 0.0000000000
58615  33.613  -30.338  9.032 0.0000000000
58634  34.585  -30.243  8.205 0.0000000000
58635  33.882  -29.600  8.633 0.0000000000
58648  34.831  -29.387  7.815 0.0000000000
59597  29.944  -29.745  13.454 0.0000000000
59598  29.232  -29.776  13.646 0.0000000000
59620  31.180  -29.656  12.673 0.0000000000
59621  30.510  -29.847  13.161 0.0000000000
59638  32.059  -29.790  11.300 0.0000000000
59639  31.643  -29.974  12.045 0.0000000000
59652  32.952  -29.554  10.042 0.0000000000
59653  32.464  -29.718  10.680 0.0000000000
59676  33.479  -29.252  9.120 0.0000000000
59696  34.223  -28.957  8.277 0.0000000000
59697  33.803  -29.120  8.720 0.0000000000
59709  35.214  -28.887  7.384 0.0000000000
59710  34.740  -28.803  7.801 0.0000000000
60565  29.681  -29.161  13.421 0.0000000000
60566  28.933  -29.062  13.450 0.0000000000
60585  31.977  -28.453  12.176 0.0000000000
60586  31.495  -28.606  12.620 0.0000000000
60587  30.537  -28.848  13.128 0.0000000000
60588  29.546  -28.538  13.056 0.0000000000
60610  32.572  -28.045  11.176 0.0000000000
60611  32.305  -28.589  11.524 0.0000000000
60612  31.808  -29.158  12.127 0.0000000000
60627  32.776  -28.399  10.608 0.0000000000
60628  32.493  -29.206  10.845 0.0000000000
60644  33.931  -27.645  9.450 0.0000000000
60645  33.455  -28.259  9.609 0.0000000000
60663  34.161  -27.921  8.871 0.0000000000
60664  33.778  -28.681  8.903 0.0000000000
60683  35.612  -28.058  6.991 0.0000000000
60684  34.805  -27.925  7.868 0.0000000000
60692  36.474  -28.092  6.494 0.0000000000
60693  35.772  -27.313  6.901 0.0000000000
61530  32.183  -28.113  11.961 0.0000000000
61531  31.843  -27.931  12.229 0.0000000000
61532  31.128  -27.808  12.588 0.0000000000
61533  30.151  -27.936  12.549 0.0000000000
61534  29.273  -28.077  12.396 0.0000000000
61552  32.739  -27.605  10.847 0.0000000000
61553  32.327  -27.613  11.557 0.0000000000
61554  31.580  -27.325  11.816 0.0000000000
61555  30.668  -27.290  11.672 0.0000000000
61556  29.603  -27.638  11.680 0.0000000000
61575  33.208  -27.528  10.290 0.0000000000
61576  29.962  -27.221  10.733 0.0000000000
61590  34.283  -27.189  9.387 0.0000000000
61591  33.809  -27.331  9.848 0.0000000000
61603  35.178  -26.709  8.260 0.0000000000
61604  34.901  -27.014  8.586 0.0000000000
61620  35.753  -26.520  7.453 0.0000000000
61621  35.436  -26.908  7.698 0.0000000000
61622  35.016  -27.253  8.042 0.0000000000
61640  37.239  -27.289  6.038 0.0000000000
61641  36.082  -26.694  6.840 0.0000000000
61642  35.711  -26.944  7.143 0.0000000000
62426  33.012  -27.127  10.586 0.0000000000
62427  32.667  -26.946  10.878 0.0000000000
62428  32.023  -26.775  11.209 0.0000000000
62429  31.351  -26.830  11.221 0.0000000000
62446  34.016  -25.798  10.035 0.0000000000
62447  33.463  -26.457  10.293 0.0000000000
62448  32.445  -26.183  10.653 0.0000000000
62449  31.601  -26.212  10.538 0.0000000000
62450  30.798  -26.715  10.642 0.0000000000
62470  35.054  -25.772  9.006 0.0000000000
62471  34.540  -26.263  9.372 0.0000000000
62472  34.124  -26.848  9.831 0.0000000000
62473  30.954  -26.155  9.946 0.0000000000
62474  30.103  -26.604  9.645 0.0000000000
62488  35.747  -25.755  8.315 0.0000000000
62489  35.303  -26.216  8.469 0.0000000000
62490  34.938  -26.513  8.808 0.0000000000
62498  35.893  -26.074  7.815 0.0000000000
62499  35.545  -26.396  8.006 0.0000000000
62510  38.131  -26.658  5.796 0.0000000000
62511  37.128  -25.992  6.294 0.0000000000
62512  36.481  -25.664  7.149 0.0000000000
62525  38.077  -25.678  5.833 0.0000000000
62526  37.552  -25.203  6.331 0.0000000000
63342  34.231  -25.208  9.824 0.0000000000
63343  33.518  -25.262  10.138 0.0000000000
63344  32.735  -25.287  10.398 0.0000000000
63345  32.110  -25.630  10.233 0.0000000000
63359  35.812  -24.700  8.876 0.0000000000
63360  35.482  -25.249  8.935 0.0000000000
63361  34.850  -25.275  9.347 0.0000000000
63362  32.226  -25.128  9.831 0.0000000000
63363  31.526  -25.471  9.561 0.0000000000
63364  30.770  -25.919  9.230 0.0000000000
63380  36.565  -24.615  8.315 0.0000000000
63381  36.116  -25.079  8.365 0.0000000000
63382  35.673  -25.595  8.503 0.0000000000
63383  31.078  -25.444  8.501 0.0000000000
63397  36.816  -24.760  8.047 0.0000000000
63398  36.537  -25.326  7.677 0.0000000000
63411  37.063  -25.007  7.154 0.0000000000
63412  36.706  -25.327  7.373 0.0000000000
63422  38.862  -25.187  5.621 0.0000000000
63423  38.096  -24.811  6.015 0.0000000000
63424  37.683  -24.574  6.624 0.0000000000
64287  35.208  -23.947  9.888 0.0000000000
64288  34.724  -24.364  9.821 0.0000000000
64289  33.702  -24.304  10.075 0.0000000000
64290  33.079  -24.606  10.178 0.0000000000
64299  36.489  -23.650  8.784 0.0000000000
64300  36.145  -24.156  8.844 0.0000000000
64301  35.522  -24.315  9.405 0.0000000000
64302  35.159  -24.805  9.382 0.0000000000
64303  33.049  -24.028  9.955 0.0000000000
64304  32.555  -24.404  9.686 0.0000000000
64305  32.047  -24.827  9.300 0.0000000000
64317  36.779  -24.011  8.414 0.0000000000
64318  36.425  -24.484  8.472 0.0000000000
64319  32.261  -24.340  8.736 0.0000000000
64320  31.743  -24.910  8.586 0.0000000000
64331  37.310  -24.114  7.769 0.0000000000
64332  32.174  -24.477  7.794 0.0000000000
64333  31.529  -24.992  7.614 0.0000000000
64343  37.950  -23.827  6.996 0.0000000000
64344  37.683  -24.139  7.072 0.0000000000
64345  32.111  -24.533  6.824 0.0000000000
64356  38.727  -24.238  5.813 0.0000000000
64357  38.084  -24.074  6.560 0.0000000000
64358  37.807  -24.267  6.749 0.0000000000
64359  32.877  -23.916  5.406 0.0000000000
65196  35.944  -23.271  9.524 0.0000000000
65197  35.484  -23.487  9.708 0.0000000000
65198  34.860  -23.516  9.985 0.0000000000
65199  34.140  -23.510  10.109 0.0000000000
65207  36.825  -23.106  8.725 0.0000000000
65208  36.289  -23.340  9.179 0.0000000000
65209  35.896  -23.721  9.372 0.0000000000
65210  33.319  -23.376  9.772 0.0000000000
65211  32.911  -23.756  9.528 0.0000000000
65221  37.962  -22.705  8.119 0.0000000000
65222  37.594  -23.042  8.213 0.0000000000
65223  32.987  -23.314  9.122 0.0000000000
65224  32.684  -23.776  8.930 0.0000000000
65235  38.093  -22.939  7.838 0.0000000000
65236  37.822  -23.576  7.560 0.0000000000
65237  32.911  -23.201  8.333 0.0000000000
65238  32.576  -23.823  8.028 0.0000000000
65247  38.243  -23.399  7.128 0.0000000000
65248  37.924  -23.741  7.231 0.0000000000
65249  32.925  -23.272  7.308 0.0000000000
65250  32.622  -23.981  7.045 0.0000000000
65266  39.386  -23.546  5.713 0.0000000000
65267  38.759  -23.415  6.373 0.0000000000
65268  33.547  -23.022  5.611 0.0000000000
65269  33.105  -23.397  6.010 0.0000000000
65270  32.573  -24.099  6.377 0.0000000000
65286  33.758  -23.153  5.183 0.0000000000
65287  33.312  -23.752  4.867 0.0000000000
65302  34.689  -23.177  3.749 0.0000000000
65303  34.295  -23.348  4.133 0.0000000000
65312  34.682  -23.261  3.456 0.0000000000
66233  36.147  -22.968  9.448 0.0000000000
66234  35.767  -22.760  9.580 0.0000000000
66235  35.062  -22.840  9.787 0.0000000000
66236  34.490  -22.994  9.952 0.0000000000
66247  37.987  -21.992  8.651 0.0000000000
66248  37.570  -22.303  8.768 0.0000000000
66249  36.522  -22.440  9.304 0.0000000000
66250  35.881  -22.022  9.556 0.0000000000
66251  34.548  -22.549  9.560 0.0000000000
66252  33.937  -22.813  9.644 0.0000000000
66264  38.763  -21.926  8.163 0.0000000000
66265  38.259  -22.215  8.284 0.0000000000
66266  37.794  -22.500  8.416 0.0000000000
66267  34.130  -22.192  8.962 0.0000000000
66268  33.375  -22.686  8.833 0.0000000000
66278  38.970  -22.090  7.857 0.0000000000
66279  38.624  -22.688  7.535 0.0000000000
66280  33.696  -21.767  7.988 0.0000000000
66281  33.235  -22.580  7.675 0.0000000000
66291  39.169  -22.351  6.910 0.0000000000
66292  38.773  -22.965  6.912 0.0000000000
66293  33.611  -22.048  6.784 0.0000000000
66294  33.242  -22.774  6.802 0.0000000000
66311  39.893  -22.675  5.640 0.0000000000
66312  39.252  -22.820  6.161 0.0000000000
66313  39.010  -22.905  6.584 0.0000000000
66314  33.802  -22.500  5.710 0.0000000000
66315  33.416  -22.667  6.309 0.0000000000
66329  34.960  -22.251  4.512 0.0000000000
66330  34.369  -22.699  4.835 0.0000000000
66344  35.040  -22.841  3.730 0.0000000000
66345  34.692  -22.814  4.287 0.0000000000
67358  35.316  -22.236  9.525 0.0000000000
67359  34.940  -22.431  9.538 0.0000000000
67370  38.859  -20.996  8.668 0.0000000000
67371  38.158  -21.489  8.889 0.0000000000
67372  37.207  -21.478  9.194 0.0000000000
67373  36.318  -21.433  9.331 0.0000000000
67374  35.449  -21.396  9.059 0.0000000000
67375  34.825  -22.041  9.185 0.0000000000
67389  39.768  -21.121  8.178 0.0000000000
67390  39.059  -21.499  8.251 0.0000000000
67391  38.581  -21.545  8.534 0.0000000000
67392  35.130  -20.976  8.530 0.0000000000
67393  34.522  -21.306  8.451 0.0000000000
67403  40.077  -21.036  7.799 0.0000000000
67404  39.614  -21.602  7.572 0.0000000000
67405  34.019  -21.119  7.819 0.0000000000
67413  40.107  -21.073  7.029 0.0000000000
67414  39.733  -21.701  6.657 0.0000000000
67415  33.974  -21.171  7.137 0.0000000000
67431  40.328  -21.382  5.808 0.0000000000
67432  39.565  -22.130  6.128 0.0000000000
67433  34.984  -21.038  5.719 0.0000000000
67434  34.445  -21.273  6.043 0.0000000000
67450  35.912  -20.998  4.839 0.0000000000
67451  35.345  -21.232  5.101 0.0000000000
67452  34.566  -21.970  5.221 0.0000000000
67461  36.119  -21.154  4.338 0.0000000000
67462  35.662  -21.915  3.982 0.0000000000
67471  36.827  -21.005  2.626 0.0000000000
67472  36.466  -21.364  3.026 0.0000000000
67473  35.675  -22.336  3.120 0.0000000000
67482  36.899  -21.102  2.210 0.0000000000
68447  39.108  -20.406  8.759 0.0000000000
68448  38.615  -20.476  8.944 0.0000000000
68449  37.753  -20.564  9.098 0.0000000000
68450  36.790  -20.582  9.092 0.0000000000
68451  36.103  -20.841  8.952 0.0000000000
68464  40.069  -20.610  8.191 0.0000000000
68465  39.577  -20.483  8.521 0.0000000000
68466  36.303  -20.302  8.714 0.0000000000
68467  35.632  -20.503  8.426 0.0000000000
68468  34.959  -20.735  8.143 0.0000000000
68479  40.295  -20.396  7.648 0.0000000000
68480  35.194  -20.323  7.699 0.0000000000
68481  34.487  -20.727  7.542 0.0000000000
68490  40.453  -20.162  6.623 0.0000000000
68491  35.036  -20.282  6.761 0.0000000000
68492  34.447  -20.760  6.737 0.0000000000
68508  40.997  -20.646  5.145 0.0000000000
68509  40.715  -20.177  5.584 0.0000000000
68510  35.900  -20.151  5.647 0.0000000000
68511  35.145  -20.635  5.909 0.0000000000
68512  34.707  -20.701  6.356 0.0000000000
68529  41.359  -20.047  4.870 0.0000000000
68530  40.930  -20.071  5.081 0.0000000000
68531  36.162  -20.490  4.905 0.0000000000
68532  35.638  -20.647  5.448 0.0000000000
68540  37.107  -20.044  3.503 0.0000000000
68541  36.619  -20.545  3.904 0.0000000000
68549  37.166  -20.591  2.722 0.0000000000
68550  36.850  -20.637  3.278 0.0000000000
69553  40.177  -18.988  8.705 0.0000000000
69554  39.328  -19.572  8.854 0.0000000000
69555  38.345  -19.656  9.024 0.0000000000
69556  37.320  -19.655  8.787 0.0000000000
69557  36.690  -20.041  8.723 0.0000000000
69569  41.034  -19.085  8.351 0.0000000000
69570  40.307  -19.730  8.345 0.0000000000
69571  39.845  -19.685  8.582 0.0000000000
69572  37.079  -19.246  8.351 0.0000000000
69573  36.398  -19.648  8.132 0.0000000000
69574  35.709  -20.079  7.913 0.0000000000
69583  41.220  -18.963  7.551 0.0000000000
69584  40.694  -19.604  7.603 0.0000000000
69585  36.270  -19.305  7.117 0.0000000000
69586  35.713  -19.895  7.356 0.0000000000
69594  41.240  -18.842  6.978 0.0000000000
69595  40.934  -19.293  6.853 0.0000000000
69596  36.398  -19.154  6.454 0.0000000000
69597  35.868  -19.729  6.607 0.0000000000
69608  40.822  -19.386  5.975 0.0000000000
69609  36.251  -19.430  5.901 0.0000000000
69610  35.593  -20.034  6.176 0.0000000000
69624  42.617  -19.069  4.592 0.0000000000
69625  41.748  -19.269  4.844 0.0000000000
69626  41.039  -19.452  5.138 0.0000000000
69627  36.425  -19.546  5.148 0.0000000000
69635  37.932  -18.692  3.438 0.0000000000
69636  37.443  -19.092  3.630 0.0000000000
69637  36.763  -19.541  4.331 0.0000000000
69646  37.620  -19.805  3.074 0.0000000000
70550  41.131  -18.088  9.339 0.0000000000
70551  40.623  -17.856  9.370 0.0000000000
70552  40.023  -17.745  9.433 0.0000000000
70559  40.647  -18.001  9.275 0.0000000000
70560  40.646  -18.301  9.064 0.0000000000
70561  39.984  -18.209  9.147 0.0000000000
70562  38.903  -18.586  9.086 0.0000000000
70563  38.098  -18.997  8.886 0.0000000000
70575  40.947  -18.298  8.862 0.0000000000
70576  40.699  -18.920  8.771 0.0000000000
70577  38.281  -18.372  8.850 0.0000000000
70578  37.608  -18.693  8.405 0.0000000000
70579  37.006  -19.011  8.004 0.0000000000
70589  41.264  -18.288  8.148 0.0000000000
70590  37.269  -18.546  7.609 0.0000000000
70591  36.756  -18.941  7.457 0.0000000000
70599  41.386  -18.224  7.145 0.0000000000
70600  41.193  -18.741  6.401 0.0000000000
70601  37.043  -18.590  7.141 0.0000000000
70602  36.803  -18.710  6.733 0.0000000000
70609  41.485  -17.943  6.080 0.0000000000
70610  41.259  -18.701  5.543 0.0000000000
70611  37.041  -18.241  5.806 0.0000000000
70612  36.825  -18.551  5.976 0.0000000000
70625  43.135  -18.055  4.469 0.0000000000
70626  42.002  -18.011  4.981 0.0000000000
70627  41.483  -18.861  5.081 0.0000000000
70628  37.039  -18.206  5.483 0.0000000000
70629  36.712  -18.820  5.300 0.0000000000
70637  37.744  -18.351  3.819 0.0000000000
70638  37.185  -18.360  4.593 0.0000000000
70639  36.707  -19.016  4.813 0.0000000000
70647  38.340  -18.175  3.264 0.0000000000
71608  41.004  -17.632  9.335 0.0000000000
71609  40.685  -17.492  9.255 0.0000000000
71610  40.259  -17.244  9.579 0.0000000000
71618  41.098  -17.800  8.974 0.0000000000
71619  39.820  -17.320  9.487 0.0000000000
71620  39.488  -17.575  9.316 0.0000000000
71631  41.211  -17.507  8.651 0.0000000000
71632  38.722  -17.653  8.964 0.0000000000
71633  38.137  -17.987  8.546 0.0000000000
71643  41.479  -17.419  7.894 0.0000000000
71644  38.340  -17.421  8.405 0.0000000000
71645  37.854  -17.878  7.832 0.0000000000
71656  41.729  -17.248  6.910 0.0000000000
71657  37.398  -18.152  6.875 0.0000000000
71658  37.069  -18.331  6.289 0.0000000000
71669  41.993  -17.021  5.897 0.0000000000
71670  37.249  -17.984  6.012 0.0000000000
71671  37.050  -18.273  6.036 0.0000000000
71683  42.973  -16.997  4.689 0.0000000000
71684  42.466  -16.686  5.210 0.0000000000
71685  37.766  -17.370  4.877 0.0000000000
71686  37.522  -17.545  5.313 0.0000000000
71696  38.478  -17.145  3.911 0.0000000000
71697  37.968  -17.558  4.267 0.0000000000
71698  37.562  -17.674  4.747 0.0000000000
71707  38.403  -17.567  3.655 0.0000000000
72615  41.119  -17.182  9.229 0.0000000000
72616  40.727  -17.092  9.263 0.0000000000
72617  40.276  -16.771  9.537 0.0000000000
72628  41.382  -16.281  8.913 0.0000000000
72629  41.174  -16.685  8.999 0.0000000000
72630  40.728  -16.573  9.255 0.0000000000
72631  39.979  -16.720  9.371 0.0000000000
72632  39.238  -16.996  9.240 0.0000000000
72642  41.600  -16.204  8.787 0.0000000000
72643  41.559  -16.708  8.484 0.0000000000
72644  39.388  -16.423  9.097 0.0000000000
72645  38.825  -16.764  8.666 0.0000000000
72653  41.877  -16.038  8.297 0.0000000000
72654  41.838  -16.594  7.702 0.0000000000
72655  38.327  -16.963  7.816 0.0000000000
72656  37.917  -17.473  7.147 0.0000000000
72662  42.118  -15.918  7.572 0.0000000000
72663  42.142  -16.291  6.752 0.0000000000
72664  38.147  -16.849  6.825 0.0000000000
72665  37.723  -17.543  6.538 0.0000000000
72673  42.704  -15.676  5.393 0.0000000000
72674  42.366  -16.033  5.838 0.0000000000
72675  38.120  -16.618  6.055 0.0000000000
72676  37.757  -17.239  6.048 0.0000000000
72684  43.716  -16.182  4.624 0.0000000000
72685  42.978  -15.985  4.934 0.0000000000
72686  42.627  -16.100  5.302 0.0000000000
72687  38.547  -16.259  4.771 0.0000000000
72688  38.105  -16.764  5.184 0.0000000000
72689  37.896  -17.046  5.654 0.0000000000
72697  38.886  -16.439  4.033 0.0000000000
72698  38.369  -16.809  4.431 0.0000000000
73642  41.460  -16.047  8.854 0.0000000000
73643  41.199  -15.963  9.041 0.0000000000
73644  40.615  -15.819  9.114 0.0000000000
73645  39.867  -16.036  9.070 0.0000000000
73652  41.740  -15.529  8.599 0.0000000000
73653  40.155  -15.459  8.833 0.0000000000
73654  39.318  -15.778  8.431 0.0000000000
73655  38.746  -16.392  8.155 0.0000000000
73661  42.102  -15.293  7.939 0.0000000000
73662  39.095  -15.519  7.400 0.0000000000
73663  38.656  -16.222  7.583 0.0000000000
73672  42.339  -15.325  6.894 0.0000000000
73673  42.327  -15.819  6.422 0.0000000000
73674  39.019  -15.423  6.574 0.0000000000
73675  38.554  -16.071  6.726 0.0000000000
73684  42.554  -15.146  5.915 0.0000000000
73685  42.403  -15.582  6.248 0.0000000000
73686  38.950  -15.345  5.803 0.0000000000
73687  38.452  -15.955  5.943 0.0000000000
73696  43.590  -15.211  4.666 0.0000000000
73697  43.003  -15.095  5.177 0.0000000000
73698  39.001  -15.505  4.884 0.0000000000
73699  38.565  -15.931  5.318 0.0000000000
74590  41.460  -15.538  8.817 0.0000000000
74591  41.249  -15.037  8.882 0.0000000000
74592  40.744  -14.826  8.834 0.0000000000
74600  41.600  -14.807  8.580 0.0000000000
74601  41.461  -14.286  8.617 0.0000000000
74602  40.149  -14.815  8.419 0.0000000000
74603  39.630  -14.864  7.814 0.0000000000
74610  41.994  -14.551  8.185 0.0000000000
74611  39.419  -14.827  7.143 0.0000000000
74622  42.385  -14.389  7.523 0.0000000000
74623  39.360  -14.707  6.431 0.0000000000
74633  42.630  -14.200  6.569 0.0000000000
74634  39.353  -14.638  5.607 0.0000000000
74644  44.190  -14.395  4.529 0.0000000000
74645  43.447  -14.301  4.925 0.0000000000
74646  42.901  -14.279  5.596 0.0000000000
74647  39.476  -14.609  4.679 0.0000000000
75600  41.513  -13.533  8.606 0.0000000000
75601  41.304  -13.934  8.680 0.0000000000
75602  40.732  -14.012  8.518 0.0000000000
75612  41.783  -13.644  8.393 0.0000000000
75613  41.525  -13.953  8.572 0.0000000000
75614  40.226  -13.988  7.828 0.0000000000
75615  39.724  -14.436  7.477 0.0000000000
75626  42.415  -13.558  7.834 0.0000000000
75627  40.079  -13.370  7.053 0.0000000000
75628  39.673  -14.158  7.070 0.0000000000
75637  42.764  -13.498  7.288 0.0000000000
75638  39.971  -13.117  6.149 0.0000000000
75639  39.618  -13.925  6.310 0.0000000000
75649  43.185  -13.147  6.075 0.0000000000
75650  42.991  -13.319  6.641 0.0000000000
75651  40.117  -13.050  5.197 0.0000000000
75652  39.678  -13.824  5.422 0.0000000000
75658  45.601  -13.570  4.583 0.0000000000
75659  44.735  -13.547  4.519 0.0000000000
75660  43.960  -13.504  4.824 0.0000000000
75661  43.331  -13.457  5.424 0.0000000000
75662  42.929  -13.634  6.025 0.0000000000
75663  40.365  -12.987  4.179 0.0000000000
75664  39.866  -13.781  4.490 0.0000000000
76690  41.519  -13.137  8.573 0.0000000000
76691  40.986  -13.194  8.703 0.0000000000
76692  40.678  -13.452  8.324 0.0000000000
76700  42.864  -11.601  8.039 0.0000000000
76701  42.084  -12.259  8.200 0.0000000000
76702  41.376  -12.399  8.445 0.0000000000
76703  40.699  -12.752  7.949 0.0000000000
76712  43.129  -11.984  7.744 0.0000000000
76713  42.566  -12.616  7.951 0.0000000000
76714  40.375  -12.407  6.893 0.0000000000
76722  43.246  -12.281  7.269 0.0000000000
76723  42.945  -12.801  7.602 0.0000000000
76724  40.392  -12.329  5.890 0.0000000000
76732  45.956  -12.633  4.782 0.0000000000
76733  43.615  -12.237  5.905 0.0000000000
76734  43.287  -12.645  6.536 0.0000000000
76735  43.079  -12.898  7.145 0.0000000000
76736  40.451  -12.238  4.951 0.0000000000
76742  45.196  -12.709  4.619 0.0000000000
76743  44.444  -12.700  4.835 0.0000000000
76744  43.800  -12.770  5.292 0.0000000000
76745  43.445  -12.841  5.830 0.0000000000
76746  40.584  -12.087  4.207 0.0000000000
77733  43.099  -10.649  7.992 0.0000000000
77734  42.574  -11.021  8.105 0.0000000000
77735  41.762  -11.353  7.975 0.0000000000
77736  41.191  -11.987  8.084 0.0000000000
77744  43.327  -11.087  7.796 0.0000000000
77745  41.446  -11.022  7.601 0.0000000000
77746  40.970  -11.549  7.517 0.0000000000
77755  43.434  -11.464  7.365 0.0000000000
77756  40.621  -11.543  6.501 0.0000000000
77763  45.867  -11.459  4.977 0.0000000000
77764  45.193  -11.147  4.972 0.0000000000
77765  43.793  -11.400  5.941 0.0000000000
77766  43.479  -11.830  6.674 0.0000000000
77767  40.611  -11.523  5.539 0.0000000000
77772  45.499  -12.125  4.759 0.0000000000
77773  44.921  -11.760  4.833 0.0000000000
77774  44.155  -11.989  5.313 0.0000000000
77775  40.666  -11.462  4.671 0.0000000000
78740  43.140  -9.910  7.812 0.0000000000
78741  42.876  -10.042  7.995 0.0000000000
78742  42.360  -10.215  7.932 0.0000000000
78751  43.771  -9.947  7.130 0.0000000000
78752  43.393  -10.150  7.592 0.0000000000
78753  41.694  -10.273  7.413 0.0000000000
78754  41.288  -10.917  7.389 0.0000000000
78763  43.948  -10.084  6.810 0.0000000000
78764  43.578  -10.603  7.330 0.0000000000
78765  41.264  -10.144  6.498 0.0000000000
78766  41.035  -10.833  6.944 0.0000000000
78773  46.211  -10.277  5.394 0.0000000000
78774  45.073  -10.466  5.323 0.0000000000
78775  44.151  -10.526  6.014 0.0000000000
78776  43.650  -10.947  6.736 0.0000000000
78777  41.024  -10.112  5.599 0.0000000000
78778  40.818  -10.795  6.050 0.0000000000
78784  44.882  -11.092  5.065 0.0000000000
78785  44.442  -11.155  5.345 0.0000000000
78786  40.987  -10.145  4.725 0.0000000000
78787  40.779  -10.789  5.157 0.0000000000
78794  40.865  -10.823  4.429 0.0000000000
79720  43.491  -9.288  7.641 0.0000000000
79721  43.166  -9.072  7.953 0.0000000000
79722  42.780  -9.307  7.809 0.0000000000
79723  42.312  -9.370  7.665 0.0000000000
79732  43.695  -9.246  7.461 0.0000000000
79733  43.326  -9.489  7.647 0.0000000000
79734  41.858  -9.317  7.225 0.0000000000
79744  45.085  -8.744  6.431 0.0000000000
79745  44.232  -9.189  7.020 0.0000000000
79746  41.726  -9.420  6.828 0.0000000000
79754  45.606  -9.408  5.785 0.0000000000
79755  44.629  -9.651  6.224 0.0000000000
79756  41.493  -9.510  6.003 0.0000000000
79762  41.324  -9.498  5.175 0.0000000000
80675  43.324  -8.759  7.664 0.0000000000
80676  43.146  -8.528  7.691 0.0000000000
80677  42.673  -8.511  7.621 0.0000000000
80678  42.293  -8.749  7.456 0.0000000000
80688  44.135  -7.859  7.485 0.0000000000
80689  43.694  -8.340  7.597 0.0000000000
80690  43.408  -8.149  7.653 0.0000000000
80691  42.463  -8.197  7.361 0.0000000000
80692  42.082  -8.593  7.058 0.0000000000
80702  44.534  -8.213  7.127 0.0000000000
80703  44.042  -8.722  7.404 0.0000000000
80704  41.865  -8.792  6.312 0.0000000000
80711  41.702  -9.003  5.592 0.0000000000
81597  43.268  -7.798  7.661 0.0000000000
81598  42.975  -7.989  7.647 0.0000000000
81609  43.858  -7.434  7.519 0.0000000000
81610  43.287  -7.574  7.653 0.0000000000
81611  42.715  -7.527  7.442 0.0000000000
81612  42.381  -7.881  7.132 0.0000000000
81622  42.145  -7.975  6.562 0.0000000000
